100
1 238 19 47 8 42 10 20 24 25 39 31 38 22 34 6 33 21 23 19 50 14 30 36 46 40 49 5 47 13 3 28 9 11 27 16 7 2 35 48 37 18 1 41 4 15 29 45 32 17 12
2 569 7 25 23 28 20 49 9 48 5 6 41 35 29 43 30 10 36 45 14 27 25 24 32 31 40 22 11
3 392 11 12 35 48 7 37 8 17 49 24 6 23 12 1
4 575 8 12 3 26 33 32 37 9 12 19 22 7 25 29
5 424 13 5 15 16 26 25 31
6 48 6 36 39 44 12 37 49 8 7 23 42 21 40 34 13 45 35 10 43 26 6 18 9 50 48 41 1 17 31 14 36 3 24 28 20 2 22 27
7 147 14 48 29 10 16 6 17 42 7 50 8 26 20 18 21 27 37 38 3 45 31 15 34 25 11 14 28 44 12 46 36 43 19 35 48 47 32 49 4 13 24 33 40 1 41 22 30 5 2 9
8 294 12 24 7 12 20 42 32 36 40 23 13 6 44 43 24 50 8 45 49 47 26 29 15 30 28 5
9 181 2 16 20 1 50 7 23 42 14 32 40 28 37 8 15 2 19 47
10 417 19 37 47 27 17 35 34 10 49 19 16 7 26 22 31 30 40 11 44 41 37 39 42 12 38 20 2 9 23 25 5 45 15 4 24 1 18 21 36
11 96 7 6 49 34 10 11 9 37
12 523 12 34 43 26 25 29 40 8 47 32 14 19 30 16 9 44 1 22 4 12 3 10 37 13 31 21 24 18 23 11 35 2 49 6 41 46
13 133 16 33 27 50 47 39 23 1 40 17 48 28 37 3 13 14 6 18 12 44 2 25 35 19 33 10 31 11 32 26 49 42 7 41 24
14 267 16 35 28 37 3 7 36 33 19 11 34 35 21 17 2 1 39 6 46 25 8 38 31 18 44 12 47 48 29 10 45 4 14 20 30 43 15
15 162 17 25 47 2 33 35 40 49 24 38 20 6 50 4 19 18 13 42 29 45 41 26 28 32 39 14 37
16 401 15 24 12 26 47 14 45 48 21 19 37 41 15 23 25 3 24 46 38 7 43 13 6 27 11 40
17 187 17 5 9 46 7 22 38
18 38 9 49 30 44 38 26 21 13 20 40 46 24 32 36 27 7 33 35 9 49 17 22 14 42 28 3 23 6 48 47 11 19 25 1 5 37 43 31 12 45 4 34 2 41 39 8 18 15 10 29 16
19 562 1 22 1 36 23 19 26 10 3 8 22 37 16 44 32 6 20 15 31 28 7 27 33 4
20 357 8 30 13 15 23 47 39 44 17 10 37 8 21 22 43 35 31 41 36 5 4 38 20 6 9 7 25 34 24 3 14 1
21 543 7 37 44 12 41 2 37 34 14 27 1 11 29 4 50 40 24 20 6 15 46 48 49 9 3 19 22 45 5 25 31 17 10 21 39 23 33 13 16
22 52 6 12 33 4 1 30 39 45 25 38 3 11 42 20
23 37 1 30 32 42 36 44 16 1 29 8 34 17 35 43 28 7 18 31 47 40 24 9 50 25 30 20 13 5 33 15 2 38
24 295 18 30 10 36 48 2 35 50 4 37 34 33 49 25 29 32 15 11 47 44 41 17 22 12 23 38 5 26 20 30 1 46
25 274 15 42 5 38 3 29 44 8 49 42 50 1 31 37 30 12 36 41 14 34 17 25 47 27 15 10 39 18 43 46 26 22 2 19 33 28 48 16 45 21 35 9 40 13
26 368 10 7 23 33 44 2 36 13 7
27 60 12 44 42 33 9 38 19 27 7 29 24 13 20 18 25 43 15 31 10 6 26 4 49 8 47 17 1 39 30 35 45 37 23 14 50 12 48 44 3 16 34 22 2 32 21 28
28 462 15 26 23 2 41 44 35 18 25 16 27 29 45 32 28 50 3 36 5 11 9 24 19 13 21 37 20 43
29 44 1 15 30 40 25 42 20 50 16 43 41 17 23 9 12 7 37
30 595 17 3 25 23 33
31 211 17 10 9 44 8 21 29 39 12 25 48 46
32 476 20 26 5 9 27 20 50 39 2 35 3 38 13 48 46 6 45 7 37 17 33 36 16 8 1 25 4 49
33 94 11 1 46
34 57 10 11 10 4 13 14 27 44 42 24 7 36 22
35 354 9 34 28 14 38 5 17 6 23 4 29 19 47 39 41 42 30 16 10 35 27 2 40 33 8 13 25 37 7 48 36 18 32 31 46 12
36 92 3 30 10 27 26 14 22 38 47 28 5 2 8 43 49 48 4 12 41 13 1 42 34 35 3 30 37 33 11 25 46 50
37 82 15 8 32 5 4 33 44 16 18 14
38 370 12 43 47 25 42 38 40 33 20 15 31 24 29 39 14 7 22 19 34 35 43 36 18 45 6 27 28 17 8 21 16 26 44 4 37 41 9 30 5 2 49 50 48 11 1
39 131 12 1 45
40 39 18 4 14 32 11 34
41 599 16 16 45 31 25 48 40 20 21 39 46 27 7 32 8 22 24 10
42 297 17 20 36 4 23 3 13 9 33 10 38 39 17 1 15 19 40 5 37 28 49 11
43 96 2 42 30 20 23 22 41 46 8 33 1 49 14 37 25 9 50 21 26 28 48 19 40 17 7 13 18 45 11 16 29 27 3 12 43 24 2 42 47 32 5 38 15 36
44 246 13 30 39 41 23 3 45 30 7 44 27 40 18 48 38 17 31 21 14 47 22 2 13 26 1 35 36 19 28 9 16 10
45 321 18 14 1 8 42 22 15 47 49 40 33 29 7 30 50 44
46 46 3 12 28 9 1 12 17 14 7 32 10 46 35 42
47 313 13 46 28 47 12 25 34 9 20 19 22 31 10 14 44 7 36 37 49 26 3 27 38 11 50 23 41 40 32 2 29 35 8 30 46 33 45 24 48 21 17 43 42 1 16 4 15 18
48 466 13 9 35 45 26 21 42 36 4 19 38
49 126 6 24 40 33 31 46 6 44 20 10 22 8 28 48 23 43 27 21 47 39 16 25 37 9 49 30
50 418 7 22 14 17 50 42 43 30 8 36 34 23 44 33 37 11 32 3 5 20 7 45 4 26
51 512 10 16 43 14 32 40 25 6 34 45 35 21 37 31 28 29 33 3
52 406 12 33 37 39 49 23 29 10 34 35 31 19 15 40 7 1 48 9 18 38 20 2 44 33 25 24 16 6 3 50 21 32 30 41 43
53 580 12 21 26 42 37 44 46 12 19 50 28 33 17 38 18 36 13 24 27 1 48 25 3
54 247 9 39 4 16 11 46 5 42 20 13 22 6 21 32 31 26 45 28 43 1 29 27 18 17 35 40 36 38 41 48 2 33 44 47 9 24 37 15 34 10 49
55 115 2 15 46 34 36 19 21 20 9 12 6 33 28 7 42 2 5
56 325 18 34 36 15 40 10 30 22 48 34 50 8 27 49 33 6 41 12 45 24 38 26 23 42 21 44 3 16 2 47 31 25 13 39 1 20
57 513 3 14 33 38 43 27 10 37 8 42 12 34 20 44 48 22
58 450 11 38 45 22 42 31 26 48 8 35 23 5 9 12 41 43 17 1 16 7 6 18 11 39 15 47 37 46 13 24 32 50 49 10 36 3 14 2 19 20
59 335 19 31 19 2 45 5 36 37 17 31 20 30 22 23 1 40 11 49 33 18 41 48 38 12 43 13 32 21 35 3 44 34 28
60 103 2 31 44 41 38 30 14 3 40 39 35 21 27 49 2 31 15 25 18 34 11 16 20 12 28 26 23 9 37 36 47 8 5
61 300 11 13 3 2 4 16 15 7 19 49 34 17 33 21 29
62 394 3 27 8 14 33 26 46 15 31 29 10 6 47 4 48 11 17 49 44 20 27 18 40 25 16 7 42 13 28
63 548 3 5 15 30 3 12 4
64 24 16 28 32 42 10 46 36 15 39 18 17 25 3 38 48 19 21 47 11 9 27 50 41 40 34 43 30 22 44 1
65 463 5 49 16 22 29 14 50 47 31 12 36 35 37 20 32 28 25 1 48 15 8 5 19 49 13 9 38 26 2 18 27 3 44 11 40 33 41 43 7 4 39 10 24 17 45 46 6 42 30 23 21
66 200 13 35 40 39 33 44 26 15 16 17 47 34 11 28 32 6 4 27 30 1 36 12 25 37 8 31 20 3 2 35 38 41 13 50 23 19 43
67 411 0 5 38 32 40 28 36
68 364 0 43 13 31 34 33 11 24 48 29 26 23 39 35 9 43 37 14 19 32 49 21 8 38 5 47 1 44 18 30 40 25 20 27 46 50 22 42 10 2 45 6 17 41 36
69 208 3 24 42 44 14 37 26 22 47 8 30 39 9 6 16 49 7 27 48 38 20 33 43 19 4 45
70 317 18 24 35 31 47 6 13 20 14 19 25 9 49 30 23 45 24 17 18 8 3 29 36 40 28 10
71 213 20 42 11 9 14 41 47 45 2 10 7 16 22 29 23 6 35 8 31 26 24 1 3 13 33 40 43 46 36 20 37 32 12 38 5 4 18 42 17 28 44 34 50 49
72 62 19 28 38 24 22 8 37 17 13 35 15 30 21 26 25 14 11 18 3 7 47 34 12 50 44 4 29 43 20 36
73 409 3 43 30 13 36 34 12 24 39 32 10 15 33 23 21 49 47 27 11 3 50 2 25 31 22 43 17 16 18 5 28 7 19 44 20 46 40 26 37 4 38 14 48 41 8
74 359 0 7 6 47 14 42 26 39 18
75 490 11 39 44 30 11 24 46 9 41 47 33 48 14 40 18 17 22 10 28 45 42 3 50 7 15 29 16 38 49 4 25 1 12 37 8 26 5 13 31 34 20
76 244 8 45 38 8 37 7 15 45 46 10 11 28 32 29 12 25 23 31 47 41 35 42 34 24 1 5 21 3 13 40 36 18 6 2 33 20 26 22 48 49 39 17 50 19 9 30 16
77 196 10 9 32 19 21 5 50 3 38 11 40
78 232 6 40 45 12 24 19 9 17 35 30 1 21 8 27 34 37 26 16 22 42 48 49 11 13 6 10 28 32 36 43 44 2 7 4 5 15 18 38 31 47 41 14
79 207 0 46 13 22 33 48 1 20 10 30 21 45 36 43 19 3 26 25 37 46 29 28 47 38 24 27 17 11 23 32 4 31 16 12 41 39 5 2 50 6 42 15 14 8 40 7 9 35
80 94 13 17 32 8 4 20 2 40 35 34 6 7 24 25 38 13 49 30 21
81 344 3 3 44 8 34
82 513 12 40 22 4 26 5 50 10 31 1 41 33 47 49 39 34 9 13 32 25 2 30 15 38 16 35 44 21 24 28 43 23 19 37 6 48 27 46 14 3 18 42
83 166 9 11 5 16 13 20 25 3 6 29 31 30 10
84 189 12 7 27 35 48 10 9 12 2
85 488 2 23 31 16 17 12 3 13 11 29 37 26 47 27 34 28 22 21 19 23 32 44 18 36 33
86 284 4 9 45 8 29 6 12 37 41 3 27
87 441 5 35 35 39 12 31 11 6 7 27 10 36 3 2 42 16 18 14 47 40 25 20 1 4 44 26 21 49 22 30 5 33 46 45 38 34 24
88 152 19 14 23 15 27 25 41 5 6 19 13 9 4 31 36 1
89 331 1 6 30 44 47 49 24 12
90 60 19 13 6 44 46 38 25 31 22 5 39 50 12 21 43
91 135 17 12 20 7 31 43 21 17 23 18 45 46 15 48
92 226 5 10 8 5 4 10 35 25 2 22 17 27
93 361 11 32 39 4 10 18 45 26 15 32 20 48 47 36 16 22 11 34 21 8 2 30 31 44 24 35 19 23 50 5 9 38 27 33
94 216 20 21 19 20 6 25 29 41 40 50 47 33 42 21 2 38 36 3 12 24 14 37 32
95 47 0 22 18 34 48 16 50 3 27 10 49 7 38 42 21 19 44 12 33 23 17 1 35 20
96 593 12 36 18 49 34 22 32 15 16 4 45 12 46 9 28 48 39 38 13 11 47 27 19 8 31 7 2 17 37 26 35 24 6 36 1 29 23 21
97 116 6 39 4 8 10 7 42 19 13 15 44 27 2 3 12 36 24 50 17 18 6 39 14 20 22 37 33 31 25 1 30 48 38 16 35 43 28 46 23 21 40
98 222 6 25 22 43 7 44 25 23 2 6 27 31 17 29 33 13 26 38 12 49 9 11 19 50 14 45 46
99 78 3 27 29 6 49 2 41 1 28 21 30 43 46 42 20 33 11 25 8 45 32 22 27 39 5 9 12 48 10
100 53 15 29 2 49 13 11 16 28 29 44 31 17 45 41 5 50 39 18 30 33 42 6 34 21 38 37 19 3 26 8 24
50
1 14
2 17
3 17
4 20
5 16
6 5
7 16
8 16
9 9
10 9
11 19
12 13
13 2
14 16
15 3
16 3
17 3
18 19
19 3
20 5
21 4
22 1
23 4
24 11
25 16
26 1
27 1
28 20
29 3
30 8
31 1
32 6
33 12
34 5
35 10
36 16
37 14
38 8
39 19
40 10
41 15
42 13
43 5
44 5
45 12
46 16
47 19
48 15
49 5
50 4
30
1 1 1007
2 16 95
3 15 76
4 5 62
5 17 95
6 14 59
7 9 93
8 1 91
9 14 43
10 16 76
11 15 42
12 4 100
13 13 68
14 9 38
15 8 73
16 1 73
17 12 76
18 15 47
19 20 70
20 15 34
21 13 80
22 3 60
23 5 73
24 17 82
25 20 50
26 16 37
27 17 44
28 4 61
29 18 64
30 7 49
60
3 4
4 5
3 8
8 9
10 11
12 13
14 15
16 17
3 18
18 19
3 20
20 21
3 22
3 24
3 26
28 29
3 32
32 33
3 34
36 37
3 38
40 41
42 43
3 44
44 45
3 46
48 49
49 50
48 51
51 52
48 53
48 55
55 56
57 58
48 59
59 60
48 61
61 62
63 64
48 65
67 68
48 69
69 70
48 71
71 72
75 76
48 77
48 79
79 80
85 86
48 87
48 89
89 90
91 92
48 93
93 94
48 95
48 97
48 99
99 100
36
3 6
6 7
3 10
3 12
3 14
3 16
22 23
24 25
26 27
3 28
3 30
30 31
34 35
3 36
38 39
3 40
3 42
46 47
53 54
48 57
48 63
65 66
48 67
48 73
73 74
48 75
77 78
48 81
81 82
48 83
83 84
48 85
87 88
48 91
95 96
97 98
