50
1 337 9 47 15 44 26 49 38 19 6 33 27 36 30 37 28 20 39 24 43 32 12 17 13 25 41 23 46 16 10 14 29 22 40 31 50 5 21 4 48 9 18 3 34 35 42 1 2 8 11
2 366 3 4 39 38 22 2
3 315 8 5 35 29 14 34 44
4 207 19 15 45 23 12 43 11 17 30 37 18 48 39 47 27 28 22
5 531 5 30 37 17 2 4 32 43 42 10 25 13 29 50 35 21 24 8 44 12 38 26 5 18 3 11 6 47 1 45 49 48
6 288 4 9 50 26 12 33 35 17 3 21 25
7 487 13 37 4 9 47 8 23 2 10 34 3 29 12 14 15 19 5 40 26 22 46 42 48 38 36 6 43 39 17 20 7 21 50 45 11 27 16 1 28
8 291 2 47 12 35 38 50 37 46 31 21 13 2 10 9 3 15 43 44 27 4 25 41 49 34 26 1 28 19 24 14 42 48 8 20 30 32 33 40 29 39 11 23 18 47 17 22 36 5 16
9 586 7 15 2 1 21 17 22 23 40 14 13 18 37 45 33 3 26
10 557 9 22 25 15 44 27 40 12 2 22 17 49 6 42 50 11 5 29 13 9 28 14 37 18
11 416 15 45 45 37 13 17 40 44 5 22 15 25 6 16 26 50 18 8 28 29 33 11 3 46 7 12 19 48 38 9 47 2 34 42 36 39 21 27 35 49 10 32 31 23 41 30 1
12 365 16 28 47 46 38 40 28 23 6 41 43 34 35 3 39 32 12 45 33 9 30 50 25 4 10 24 17 36 18 49
13 515 20 2 40 22
14 481 3 35 28 31 39 49 45 37 30 41 36 46 48 14 38 8 34 13 1 44 7 29 11 17 26 25 50 32 40 42 18 12 23 47 43 9 19
15 515 20 38 34 43 18 45 9 36 2 37 26 30 20 39 50 40 31 21 42 11 41 8 7 13 28 10 22 17 32 47 46 29 1 14 5 33 38 35 19 48
16 423 12 33 32 25 21 47 40 43 4 15 2 14 45 20 38 8 12 33 46 26 41 6 13 35 50 24 9 29 36 44 7 27 39 22 3
17 519 2 44 11 50 30 28 21 9 43 34 8 5 23 33 13 37 6 16 31 15 42 27 7 39 10 35 47 19 3 18 49 44 45 48 24 26 12 25 4 38 17 14 20 2 22 41
18 247 9 32 3 47 8 11 20 19 4 27 34 24 25 39 30 40 21 29 13 49 5 44 16 9 18 15 41 46 1 17 22 23 32 33
19 400 14 42 10 32 49 29 22 13 7 3 18 21 50 2 26 35 30 46 24 25 42 38 19 34 16 43 11 47 9 41 15 6 40 44 8 17 1 36 39 23 45 12 48 5
20 321 12 10 9 13 11 36 6 34 26 50 3 17
21 583 8 30 5 24 1 9 4 19 30 46 33 20 37 39 14 18 13 34 50 12 42 16 35 28 36 27 26 45 41 6 48 15
22 527 2 27 11 21 30 28 36 14 10 45 8 12 26 1 6 29 18 23 9 7 34 37 24 40 46 35 43 27 22
23 119 15 10 39 41 16 4 19 6 13 15 44 22
24 211 7 32 3 8 20 30 1 47 25 2 23 35 22 17 31 19 46 45 48 6 43 7 41 9 32 27 33 28 16 39 11 4 5 36
25 457 0 12 34 11 47 36 46 38 28 3 31 35 12 25
26 468 19 43 16 30 7 18 14 50 34 45 9 21 27 31 6 11 49 3 32 35 12 25 42 43 24 19 8 48 26 41 33 13 47 39 20 5 23 28 1 44 37 29 10 22 15
27 158 3 2 39 18
28 524 3 42 3 39 13 12 33 18 19 28 22 24 49 15 11 37 32 47 21 34 50 10 16 8 30 35 20 44 31 41 4 23 14 38 46 9 48 29 43 25 17 6 40 42
29 171 15 45 25 31 26 22 9 39 37 13 28 30 2 33 1 41 29 10 8 7 46 50 20 36 23 18 6 49 3 32 45 11 27 35 14 24 12 47 42 16 34 40 19 44 43 48 21
30 192 20 22 37 30 38 17 25 46 32 34 19 48 28 13 2 39 49 7 10 24 9 33 43 23
31 487 2 24 24 43 12 46 19 20 45 13 31 27 1 30 26 28 7 18 41 8 9 5 3 50 11 42
32 64 6 37 27 46 20 9 7 36 49 34 12 5 10 47 1 15 26 23 43 19 29 18 16 21 41 45 48 4 38 44 28 39 40 2 35 24 14 42 32
33 363 7 19 28 20 22 36 6 7 17 38 35 19 4 9 40 8 25 50 39 18 3
34 555 3 18 42 5 20 15 45 18 48 31 4 38 22 49 39 9 37 26 19 34
35 562 14 25 3 5 47 25 32 50 4 8 40 41 15 10 31 21 27 34 23 44 18 20 7 42 33 36 29
36 510 20 39 14 20 5 46 15 28 8 3 44 6 36 35 27 32 48 21 33 41 11 45 7 43 4 25 10 37 1 39 30 29 2 18 49 34 12 19 13 42 24
37 270 7 26 22 2 41 8 31 29 19 20 28 21 32 6 43 27 45 13 7 10 36 1 17 38 16 25 11 40
38 304 8 5 29 47 41 20 46
39 31 16 44 40 38 19 18 23 37 29 7 35 3 31 8 11 16 6 4 17 21 47 14 26 36 5 20 9 27 13 39 30 41 44 42 49 34 33 10 43 2 32 50 46 1 24 22
40 159 17 33 21 6 10 14 5 32 15 9 50 49 46 34 35 31 47 29 30 48 26 36 25 7 13 37 23 39 24 22 2 19 45 38 20
41 66 9 3 29 10 47
42 484 2 9 40 14 7 47 18 28 30 32 10
43 582 7 3 5 39 2
44 343 10 46 17 34 35 8 38 29 30 43 28 25 1 23 20 36 47 49 42 6 39 3 37 5 4 14 24 44 32 15 27 16 45 18 21 22 41 9 50 33 26 19 40 7 46 10 2 13
45 302 5 22 23 6 30 19 27 26 9 42 44 32 13 31 48 3 37 22 38 15 7 36 40 24
46 27 8 47 46 16 27 21 13 44 26 4 18 42 48 37 15 25 40 19 36 39 35 38 34 49 45 28 23 17 7 10 43 22 50 33 5 11 14 47 20 12 30 2 3 1 31 9 24 41 6
47 77 20 16 45 2 6 40 12 41 13 31 49 44 47 32 19 8 21 20
48 236 1 5 48 16 14 22 23
49 10 1 2 12 44
50 187 4 16 48 32 42 46 19 25 12 28 43 22 5 11 9 21 47 39
50
1 13
2 10
3 5
4 5
5 18
6 14
7 4
8 16
9 6
10 12
11 19
12 1
13 13
14 5
15 9
16 17
17 7
18 3
19 5
20 15
21 6
22 16
23 18
24 8
25 8
26 8
27 11
28 11
29 1
30 11
31 9
32 20
33 9
34 18
35 11
36 14
37 3
38 20
39 7
40 19
41 11
42 3
43 8
44 20
45 12
46 9
47 1
48 10
49 4
50 15
30
1 1 461
2 8 46
3 8 42
4 18 37
5 7 22
6 12 24
7 14 27
8 10 28
9 18 26
10 2 40
11 2 46
12 20 40
13 14 41
14 13 42
15 8 17
16 11 25
17 12 41
18 9 30
19 17 25
20 8 40
21 3 43
22 3 38
23 19 16
24 20 30
25 20 36
26 9 39
27 20 25
28 12 24
29 2 43
30 11 20
42
3 4
4 5
3 6
6 7
3 8
8 9
3 10
10 11
3 12
12 13
3 14
3 16
16 17
3 18
18 19
3 20
20 21
3 22
22 23
3 24
24 25
26 27
27 28
26 31
31 32
26 33
33 34
26 35
35 36
26 37
37 38
26 39
39 40
26 41
41 42
26 43
43 44
26 45
45 46
26 47
47 48
49 50
4
14 15
26 29
29 30
26 49
