1000
1 313 2 41 18 48 8 32 25 4 13 49 27 34 9 2 41 44 15 45 22 10 35 16 7 24 28 40 42 3 39 46 6 21 17 14 43 26 47 23 50 29 11 12 33
2 495 19 28 15 45 11 49 33 16 39 17 12 2 9 13 5 34 40 23 37 29 25 35 10 20 1 38 4 6 30 42
3 160 10 47 29 49 31 40 36 38 45 21 43 37 47 35 4 46 42 25 23 26 13 6 5 28 20 1 22 33 2 34 7 15 8 9 32 14 39 3 41 24 50 17 11 27 10 18 12 44 48
4 459 10 27 30 47 3 42 25 45 2 49 5 10 32 20 36 40 6 50 31 14 24 46 29 38 41 18 9 12 7
5 586 1 28 5 35 30 44 18 14 32 39 13 21 8 42 37 4 3 22 43 17 10 27 31 46 2 9 19 48 23 7
6 526 17 33 23 20 19 37 24 34 45 48 14 18 43 40 21 33 46 28 15 49 6 31 30 42 47 38 5 2 44 7 26 12 11 17 29
7 361 10 15 22 20 49 26 37 4 42 11 50 8 47 34 23 31 1
8 262 3 15 17 19 43 9 40 41 46 13 10 31 8 34 23 38 36
9 444 9 26 43 39 36 22 27 33 49 44 26 28 14 42 40 32 13 11 19 2 25 41 48 18 8 50 23 9
10 464 10 10 40 23 12 10 42 43 44 6 19 38
11 558 16 46 11 29 36 22 16 6 23 1 39 10 18 35 34 46 5 33 40 32 47 28 49 14 41 19 4 50 20 48 45 42 25 37 17 15 27 7 9 3 38 2 44 43 24 31 13 8
12 545 2 42 25 22 8 10 26 41 15 19 13 21 42 20 7 44 43 30 17 49 48 11 1 14 50 35 33 16 9 23 29 32 38 45 12 46 47 2 4 24 5 28 27 40
13 479 0 37 29 49 34 26 10 47 40 19 9 8 27 4 45 22 6 24 41 48 31 23 37 33 16 44 13 2 30 12 15 35 11 25 7 50 18 42 43
14 259 17 36 20 15 17 11 28 6 44 43 1 23 45 16 31 36 48 49 39 9 3 40 21 25 35 2 46 7 38 4 14 13 10 32 50 30 37 41
15 424 0 46 32 21 33 6 22 3 1 18 48 7 37 8 20 39 10 26 30 43 38 13 47 29 42 9 15 49 2 14 11 45 28 36 27 17 23 44 31 46 5 50 35 40 41 25 4 19
16 152 3 35 40 49 39 27 47 43 9 8 13 31 38 19 42 14 37 11 18 45 41 29 44 48 20 34 10 36 1 33 17 21 28 5 23 3 6
17 391 6 13 17 24 19 7 50 11 23 22 28 6 48 49 47
18 312 13 39 43 31 18 38 13 25 42 32 9 24 21 16 27 14 7 37 3 46 26 35 49 5 33 30 47 39 11 22 8 44 6 40 50 34 48 28 36 15 1
19 224 19 14 24 49 32 43 39 33 20 35 42 28 41 36 22 5
20 234 2 21 50 21 1 39 6 13 26 47 32 17 45 10 23 46 27 15 48 28 24 37 16
21 453 12 12 7 21 1 41 26 11 15 18 48 33 49 16
22 56 19 4 28 14 31 5
23 384 8 2 10 1
24 46 15 37 39 37 14 18 21 5 27 41 50 35 45 15 16 47 44 36 31 12 46 33 43 13 48 34 30 1 40 28 17 3 7 49 9 23 8 22 29
25 288 3 23 43 10 31 19 11 42 47 46 3 33 35 30 34 6 13 17 20 29 28 2 32 40 15
26 81 2 18 8 21 40 38 4 30 37 1 17 32 12 22 24 29 7 45 19 49
27 152 2 25 12 5 20 19 39 23 35 40 34 2 15 31 13 1 29 25 37 27 49 3 41 26 32 24 9
28 239 18 17 40 44 5 1 9 50 8 31 7 6 29 39 22 19 34 23 24
29 205 12 24 45 13 48 3 9 26 49 42 44 20 18 37 10 16 43 36 25 28 47 33 30 12 21 22
30 498 1 2 40 3
31 383 6 24 43 27 25 37 5 39 19 7 36 16 12 9 24 13 8 32 4 28 30 49 38 46 20 29
32 25 17 3 16 39 48
33 37 2 22 49 48 13 27 16 40 25 11 23 18 34 29 22 9 28 8 20 36 7 17 45 43
34 78 2 40 49 28 25 16 18 34 23 42 2 19 33 10 31 44 29 27 1 40 13 5 41 3 11 6 45 26 17 37 46 43 32 36 22 48 12 35 15 50 9 4
35 37 18 1 46
36 352 11 24 18 29 35 26 3 46 1 41 12 24 39 4 34 43 9 25 19 15 21 2 49 42 50 28
37 404 13 45 28 6 1 22 43 26 34 50 24 25 13 47 30 35 29 11 39 37 9 5 23 41 4 8 10 16 46 36 14 32 33 17 45 19 2 48 7 27 21 44 31 15 40 49 20
38 239 13 14 17 46 19 8 35 50 34 44 4 12 47 2 45 28
39 527 20 3 30 1 28
40 99 7 41 38 27 31 8 43 12 20 48 5 2 33 24 28 32 39 46 25 44 17 7 9 40 16 1 36 21 18 14 23 6 10 13 50 30 37 22 26 42 4 41 29
41 193 3 36 11 38 15 27 35 46 36 32 29 33 4 30 6 26 13 8 24 49 45 17 48 28 1 19 42 2 20 31 37 23 41 18 39 22 44 21
42 264 15 9 45 17 23 24 3 8 46 18 5
43 272 18 9 22 16 49 24 33 5 15 43 10
44 450 17 8 30 18 3 50 26 8 32 15
45 514 6 10 33 49 34 8 39 38 4 2 50 35
46 53 13 17 29 24 38 41 21 11 31 17 36 27 5 20 34 14 45 48 47
47 463 19 33 34 7 32 31 50 10 38 49 16 44 46 3 20 18 25 11 19 5 6 14 15 22 21 26 27 28 1 47 24 43 41 42 12
48 55 17 3 49 11 33
49 496 12 13 32 31 20 23 10 26 43 49 17 34 15 36 1
50 519 11 14 16 21 43 9 17 34 48 35 18 14 47 49 15 24
51 396 17 28 28 42 41 37 32 25 40 13 26 46 16 5 11 3 20 47 22 8 44 24 45 50 19 35 23 6 21 14
52 38 5 50 17 20 16 39 8 11 1 44 34 46 15 24 36 2 4 49 10 27 42 43 37 13 31 47 38 41 7 32 26 9 5 22 18 12 48 45 6 29 3 19 23 14 35 28 33 50 25 40 21 30
53 24 18 43 17 10 3 2 44 21 12 48 46 28 5 29 34 32 39 43 13 22 19 49 31 1 33 24 23 20 47 15 25 4 18 37 40 14 9 38 7 6 8 36 30 26 41
54 119 11 11 15 23 27 2 34 9 29 36 47 22 4
55 448 7 21 48 11 40 22 31 46 49 24 37 3 27 42 30 18 43 38 28 10 14 39 5
56 155 12 39 8 12 21 42 44 31 25 15 13 46 4 16 40 37 41 2 22 14 27 1 45 7 24 6 50 9 49 34 5 26 19 36 43 11 20 47 18 28 38
57 369 18 1 10
58 336 8 42 40 34 30 20 7 1 9 46 21 39 43 44 47 42 49 50 3 27 29 19 26 12 45 33 22 37 2 6 18 5 48 31 24 15 16 32 13 11 14 28 25 38
59 67 3 43 30 42 49 18 46 28 20 40 27 15 8 21 35 1 41 38 19 22 33 29 13 39 25 44 10 2 5 43 34 16 17 36 50 6 3 26 14 48 45 7 32 24 31
60 342 18 42 39 6 29 24 7 40 32 34 30 9 3 44 17 12 49 16 13 46 38 27 50 5 19 15 10 28 37 42 33 11 23 31 45 41 43 25 22 20 4 18 48 36
61 443 10 36 48 27 21 38 5 15 25 1 35 37 3 10 31 11 13 32 8 40 43 24 26 23 49 14 22 17 47 42 30 7 39 18 46 4 12 50
62 79 4 25 43 29 19 42 1 20 18 13 26 35 40 38 50 32 46 21 4 33 14 3 15 8 28 25 2
63 280 19 49 40 20 28 22 3 5 36 4 39 45 38 34 8 18 10 16 48 7 15 30 2 41 24 47 35 37 23 13 44 11 29 6 31 42 49 17 21 43 1 19 12 25 33 50 46 9 26 14 32
64 149 4 27 49 37 35 48 23 9 13 32 3 21 33 20 42 38 1 14 41 7 39 40 31 12 27 24 28 26 16
65 132 14 48 33 31 22 20 50 46 24 5 49 42 36 37 44 34 39 12 2 40 11 18 3 43 8 48 17 4 29 16 28 26 30 38 9 45 27 7 23 13 15 6 21 47 1 25 35 10 19 41
66 75 19 32 46 23 43 2 44 31 34 11 25 17 19 20 13 39 30 26 27 29 41 40 24 8 42 14 50 6 22 49 3 37 38 47
67 546 12 39 17 11 36 37 19 5 39 41 42 1 40 38 6 31 47 3 30 25 7 23 45 2 21 29 14 46 35 9 26 20 33 34 24 43 50 44 32 4 18
68 37 20 40 26 7 50 37 39 14 20 41 11 31 2 21 32 3 49 28 22 5 8 12 17 15 27 1 45 23 6 35 33 40 19 48 46 36 34 43 42 13 30 44
69 404 18 50 12 22 34 35 14 5 10 49 26 25 29 32 37 6 50 39 4 16 30 44 8 1 40 7 2 19 20 47 45 3 38 18 43 11 17 41 15 33 21 13 9 23 46 36 27 48 31 28 24 42
70 578 0 42 22 35 14 10 27 37 33 5 9 30 11 46 2 44 49 16 50 1 19 34 17 32 41 36 7 12 25 3 43 38 28 24 31 42 45 40 13 21 8 47 20 26
71 481 5 19 24 43 18 9 35 17 45 46 32 13 6 15 36 41 48 14 37 19 28
72 239 20 6 4 15 25 19 38 32
73 72 18 41 24 50 18 5 9 34 25 3 39 20 27 7 32 23 45 4 16 8 35 15 6 48 47 30 1 38 33 21 31 37 14 40 11 10 29 19 26 49 42 13 43
74 323 1 37 23 14 38 18 9 5 22 30 13 46 29 3 1 36 33 6 26 34 17 25 2 42 12 8 35 37 44 15 39 50 4 27 10 20 40 16 21
75 389 19 35 15 26 3 50 33 46 43 4 25 24 20 38 48 36 13 41 45 35 7 40 5 10 21 14 27 19 30 22 44 8 23 49 17 6 34
76 89 16 25 31 19 6 9 44 37 49 25 17 23 50 32 45 26 30 3 42 12 1 8 16 35 34 24 14
77 440 1 40 49 31 22 1 24 2 5 18 36 21 17 38 34 26 16 48 4 45 43 32 11 3 25 20 8 15 33 46 39 10 41 50 6 14 35 13 7 12 30 19
78 294 13 33 15 13 43 24 37 14 7 17 47 30 38 27 28 34 42 10 49 35 18 8 5 25 23 3 44 20 39 19 26 21 22 11 9
79 207 15 20 35 1 28 11 36 18 27 37 16 43 34 10 25 4 29 44 50 13 32 22
80 42 3 20 45 35 31 46 34 16 28 13 48 21 5 29 6 32 43 38 19 14 49 27
81 504 4 39 18 49 48 28 21 42 30 11 44 8 19 13 25 23 4 2 47 15 37 1 40 38 41 31 22 35 45 32 20 50 5 34 9 36 43 12 26 17 14
82 516 6 24 12 29 39 37 4 25 42 5 9 13 6 1 27 30 21 47 20 26 41 40 35 46 31 19
83 139 15 27 5 31 41 24 15 48 9 43 2 49 33 44 46 16 11 39 35 27 32 45 26 6 22 50 25 37 21
84 89 15 2 10 46
85 37 14 39 41 14 46 40 23 47 17 35 11 24 34 25 26 44 43 13 50 48 38 29 9 22 27 21 12 2 19 16 36 37 31 20 33 3 18 8 7 49 5
86 79 17 21 45 43 1 13 35 36 29 20 47 17 44 23 40 9 22 48 41 16 42 18 19
87 78 10 31 18 16 25 29 39 33 19 32 24 13 49 37 21 10 6 4 48 1 15 20 44 23 50 47 46 26 12 14 2 9 31
88 259 5 48 23 2 40 37 18 27 25 15 11 9 7 31 29 43 12 13 20 38 22 39 44 5 26 6 50 41 46 30 10 36 24 1 21 34 28 14 8 32 19 16 3 45 4 35 33 49 48 17
89 30 10 32 19 10 38 45 1 8 33 34 12 29 14 32 40 11 6 47 23 2 16 4 41 22 5 26 35 17 24 44 48 50 7 20
90 349 19 29 35 37 7 23 34 40 45 20 42 2 11 41 29 28 10 32 26 16 49 21 19 13 47 39 46 1 18 50 48
91 127 1 13 11 12 28 39 32 17 13 21 38 37 33 47 35
92 396 12 41 13 12 32 16 29 6 37 44 24 41 39 22 19 45 40 8 3 1 11 47 38 26 20 35 7 42 4 18 25 48 17 2 49 50 10 15 46 36 23 21 9
93 454 7 48 29 19 13 49 4 46 3 2 5 1 7 40 14 37 44 12 10 23 18 50 45 48 26 36 41 8 22 38 30 34 25 17 27 39 47 43 33 16 15 24 32 11 6 28 9 20 42 21
94 162 7 16 42 49 18 17 19 27 21 37 2 50 41 4 31 32 48 23
95 93 6 46 12 6 9 44 41 38 11 40 25 3 34 31 5 29 50 46 18 24 35 27 32 21 1 8 19 45 2 23 13 16 43 4 47 30 14 26 7 10 39 28 33 22 49 48 17 36
96 568 12 13 26 27 46 39 48 15 50 44 29 8 42 18 10
97 85 12 37 22 36 7 34 49 21 38 32 13 8 35 29 18 17 41 39 44 25 10 48 15 40 3 30 16 26 1 24 5 42 2 33 11 23 46 47 27
98 347 18 5 34 40 16 25 19
99 395 0 21 29 46 13 15 6 12 36 14 31 8 5 34 47 24 44 10 43 20 40 30 33
100 149 5 13 15 32 46 44 48 7 12 28 14 30 10 42 26
101 193 14 26 16 44 17 41 32 36 14 30 27 11 5 38 8 25 24 46 37 19 43 45 20 34 10 3 1 28
102 235 8 27 6 16 36 21 34 18 3 13 28 50 33 45 38 41 26 24 29 30 22 48 11 44 15 32 2 47 10
103 539 20 22 40 18 14 26 31 13 43 22 7 29 34 2 50 39 10 20 15 25 11 45 23 35
104 50 7 34 27 35 25 18 16 30 8 38 43 41 4 9 12 34 2 44 17 28 36 10 32 15 37 50 26 19 24 3 13 48 31 45 23 29
105 79 13 31 24 36 2 49 6 13 22 28 1 19 23 25 33 3 39 37 43 32 14 7 8 20 46 29 10 31 26 30 5 16 27
106 361 6 27 29 11 35 28 43 1 34 14 47 42 45 10 22 7 32 31 27 39 44 30 37 46 3 33 50 49 8
107 59 15 22 50 9 43 42 13 16 34 27 32 30 49 36 11 20 46 31 23 33 39 15 45 18
108 356 17 4 22 34 11 26
109 563 6 35 20 37 44 32 40 50 10 45 21 15 48 24 26 35 11 42 3 34 31 8 1 36 18 33 39 46 28 16 29 43 47 14 30 13 27
110 257 5 7 23 50 10 42 3 17 45
111 543 9 26 49 24 12 7 8 37 27 19 30 16 4 9 47 39 50 21 2 46 43 35 5 15 45 11 23 6
112 564 20 48 28 11 49 40 46 44 20 10 34 13 30 16 2 18 7 42 35 8 1 4 12 22 19 5 17 32 24 21 47 50 9 41 27 43 31 3 36 14 45 33 29 25 6 15 37 48 26 39
113 585 19 10 6 41 36 45 44 32 30 50 37 4
114 120 3 46 13 44 35 11 47 20 10 39 19 31 41 24 50 15 12 49 29 4 1 21 27 18 37 2 25 23 5 16 38 30 22 43 33 32 17 9 28 6 46 34 8 14 26 40 3 42
115 199 5 4 40 1 47 11
116 179 2 41 21 28 8 33 12 49 3 9 2 19 37 40 16 14 44 27 34 10 7 17 24 35 13 41 25 29 36 43 1 20 47 38 31 26 48 23 46 32 18 15 39
117 308 3 28 22 3 31 32 30 29 46 40 50 49 17 18 44 39 6 15 21 16 38 47 7 34 4 13 37 43 11 8
118 151 11 31 6 29 47 17 20 38 39 34 14 44 16 18 48 23 4 28 22 40 1 26 8 49 32 45 10 41 11 7 9 46 27
119 544 3 27 5 31 24 3 9 2 22 26 7 48 49 33 12 15 29 13 41 30 11 27 47 8 1 36 18 37 38
120 540 15 11 6 39 44 7 24 15 21 22 45 36 46
121 110 4 27 20 42 1 45 48 31 23 37 3 7 21 19 27 13 24 10 18 44 39 29 17 35 9 41 36 38 6
122 264 2 14 41 7 30 44 40 48 45 39 25 2 8 46 4 12
123 435 12 37 16 37 11 33 49 40 17 21 13 39 6 19 4 1 9 3 38 12 22 32 18 28 30 27 50 20 10 45 42 44 24 36 29 15 8 2 41
124 564 13 48 15 32 21 5 4 25 1 29 10 8 9 14 28 17 20 18 47 39 42 33 40 12 27 6 7 44 11 31 24 45 38 13 16 48 49 41 37 36 30 22 26 34 46 50 19 2 23 3
125 202 8 3 38 18 50
126 492 16 46 22 28 40 15 34 10 24 2 7 5 39 18 21 50 49 14 47 36 33 30 45 31 46 48 8 20 13 1 12 44 37 6 19 9 43 32 42 25 26 35 38 4 27 41 29 11
127 252 18 9 32 31 17 29 26 28 20 5 34
128 80 0 34 20 11 27 10 13 43 6 12 29 16 38 21 3 30 42 23 32 34 17 26 28 19 1 35 9 7 5 44 47 37 40 48 25 14
129 39 13 44 9 34 35 42 32 31 36 39 37 33 22 30 13 43 38 5 47 29 40 24 6 49 25 41 45 44 19 28 8 14 26 2 4 15 7 11 3 27 48 12 18 10 50 20
130 464 12 45 38 43 40 37 19 28 5 22 41 21 49 27 31 29 34 45 44 32 24 15 20 30 46 10 4 8 9 6 2 50 33 36 16 48 1 7 42 11 47 18 39 26 35 13 17
131 13 10 24 30 27 40 1 19 37 18 10 47 34 6 42 39 43 36 9 29 23 16 5 7 3 22 50
132 123 19 32 16 33 9 29 24 26 4 22 2 47 40 32 11 20 3 5 13 25 46 35 38 19 42 30 10 48 23 1 17 18 6 15
133 449 17 11 6 32 20 9 11 28 50 21 30 24 37
134 229 10 14 7 22 10 13 29 43 18 50 40 26 5 12 35 47
135 240 12 4 44 11 35 36
136 364 13 33 11 29 2 9 28 41 7 23 44 10 26 14 27 49 34 30 25 16 39 20 37 50 36 5 22 48 3 12 47 15 33 21 17
137 563 2 45 9 48 40 12 36 38 18 6 32 13 21 47 37 16 19 44 43 30 35 5 8 2 15 34 41 50 45 3 49 31 26 7 11 27 25 22 17 10 42 1 28 14 24 33 39
138 247 1 2 18 27
139 100 6 45 38 45 39 23 14 37 44 24 33 19 29 12 46 47 4 49 3 36 7 20 48 8 6 21 41 15 18 35 50 31 30 17 32 28 9 34 13 11 22 2 27 42 1 10 25
140 38 7 33 20 36 12 41 45 29 43 23 3 44 38 21 27 1 13 7 42 19 35 50 16 25 40 32 11 49 24 14 34 28 48 39 6
141 477 4 21 10 9 18 22 23 28 37 49 33 15 42 24 2 39 5 34 48 27 50 40 7
142 515 7 21 37 3 17 24 1 25 28 34 38 4 31 44 6 19 16 45 49 33 15 30 20
143 402 5 50 38 30 27 25 12 13 15 17 29 5 28 1 45 37 18 4 24 6 3 41 21 33 43 14 39 22 16 36 40 35 20 10 19 44 8 32 46 48 23 49 34 7 42 26 47 2 31 9 11 50
144 23 12 44 32 35 43 25 34 10 48 8 24 2 26 13 30 22 37 41 20 28 15 11 36 16 47 21 12 44 1 19 4 5 9 6 7 3 29 45 27 23 38 46 49 14 18 31
145 35 12 18 19 5 16 9 23 31 22 26 49 34 44 30 3 40 50 36 15 20
146 196 20 42 23 29 46 21 3 36 19 28 1 20 45 11 22 35 38 16 14 33 10 17 2 44 40 48 7 25 6 9 26 34 49 41 30 50 8 4 31 37 18 5 47 39
147 535 2 6 35 30 19 16 50 37
148 352 15 10 41 39 28 35 23 22 1 11 17 26
149 136 11 31 35 29 21 44 6 47 24 43 15 22 34 23 19 1 5 28 16 25 26 14 46 27 42 33 18 8 48 7 45 38 40
150 25 1 28 11 32 16 18 25 34 19 12 23 3 33 27 47 22 30 9 41 13 31 1 4 40 43 24 15 29 5 7
151 289 7 37 29 6 17 40 16 32 37 15 30 18 9 42 1 12 27 3 20 28 38 10 26 46 43 49 22 36 48 50 13 34 19 35 25 24 4 39 7
152 301 14 46 17 34 9 25 24 5 29 10 37 43 14 35 41 28 44 49 47 45 1 42 39 19 46 7 15 27 38 26 8 48 30 20 21 32 6 4 23 50 36 11 12 2 33 22 40 31
153 126 0 46 6 5 40 49 34 23 32 24 39 15 29 3 31 26 19 30 17 50 22 36 25 11 2 38 48 4 18 21 1 13 41 35 44 12 20 27 45 8 43 14 37 28 9 42 16 7
154 529 13 16 6 32 28 11 20 7 26 27 25 17 35 5 33 31 12 46
155 333 16 17 3 15 8 2 20 1 24 23 43 44 25 47 12 13 4 30 33
156 83 19 17 14 41 11 37 49 50 13 35 18 24 36 1 27 42 23 22 12
157 179 1 46 26 6 47 17 28 39 16 4 24 34 15 31 1 23 45 35 46 49 9 30 32 50 48 25 37 13 40 20 8 42 41 29 10 18 3 22 44 2 5 14 33 11 21 7 43 36
158 570 9 39 27 38 5 26 37 1 44 35 17 15 12 34 25 7 18 31 40 47 48 39 41 29 50 42 3 4 2 22 30 23 8 16 6 32 43 10 45 14 24
159 450 5 22 45 10 19 4 26 5 35 20 23 9 32 11 28 17 37 39 21 8 33 46 27 2
160 128 5 34 27 34 47 48 41 35 50 44 46 45 7 30 43 24 5 37 15 26 32 3 16 9 21 20 49 40 18 14 19 17 22 31 6 8
161 154 3 37 27 14 29 31 25 9 43 41 19 26 47 42 20 48 24 18 23 8 35 40 46 11 13 3 33 17 50 4 5 30 1 10 28 32 36 37 45
162 332 8 13 35 10 39 15 26 23 1 14 41 16 30 4 3
163 243 14 37 15 19 16 14 26 35 42 39 27 50 30 31 36 46 5 9 7 10 18 23 29 41 34 1 20 8 25 49 4 24 28 2 32 48 17 6 11
164 119 5 29 32 19 21 7 6 45 26 37 9 22 40 47 23 33 28 48 11 8 44 31 12 4 42 16 27 24 46 35 5
165 181 8 7 19 1 42 41 8 46 6
166 255 13 6 13 32 6 30 46 45
167 251 19 11 39 47 23 35 16 33 6 50 41 32 18
168 192 0 35 44 41 40 16 32 45 11 38 7 20 19 43 3 14 30 27 24 21 33 15 49 2 5 46 31 50 26 13 1 18 35 29 25 34 6
169 454 5 13 50 15 43 11 19 25 32 8 2 44 39 34 21
170 497 20 4 26 5 7 27
171 114 18 30 25 38 26 21 48 10 33 2 16 6 44 46 28 5 29 43 49 45 12 31 24 27 20 11 22 32 36 41 15 42
172 433 4 10 26 7 47 19 50 15 9 44 10 17
173 546 8 25 14 5 42 30 8 33 17 10 44 19 2 9 41 40 4 34 23 22 28 27 37 1 7 13 45
174 548 13 20 36 11 42 26 19 35 40 9 4 7 24 5 49 20 13 23 50 34 32 29
175 184 0 12 15 40 48 33 34 7 45 5 2 47 26 30
176 120 13 26 50 6 4 9 18 27 25 41 42 15 30 10 12 23 38 2 32 20 17 13 39 5 46 16 36 47
177 83 0 43 27 24 28 2 48 36 9 38 22 25 31 32 6 13 23 3 5 40 43 42 34 45 41 14 18 37 46 17 29 26 47 33 4 30 7 49 21 1 20 16 50 11 10
178 40 11 33 5 38 3 23 10 11 22 44 15 40 1 4 39 24 7 48 28 6 12 21 37 2 47 8 27 25 17 43 19 29 45 42 36
179 282 17 26 29 8 19 27 21 44 33 2 24 47 38 42 4 6 14 37 46 34 11 35 31 18 25 49 39 50
180 203 12 23 48 40 17 43 8 34 25 16 21 20 31 33 4 15 10 5 18 30 38 39 46 27 23
181 519 0 23 9 7 14 25 30 49 46 32 17 37 15 22 48 11 23 6 36 4 33 2 40 35 1
182 562 0 50 47 15 41 4 50 30 46 48 42 27 12 28 9 49 31 40 38 26 35 44 37 3 18 43 16 17 25 8 45 39 21 10 5 6 2 14 36 1 13 19 29 11 24 34 7 20 33 32 22 23
183 350 13 40 39 50 37 5 22 4 17 36 47 30 27 20 44 35 40 21 29 23 25 26 16 10 43 48 6 19 11 42 12 24 14 34 49 3 8 1 32 18 41 33
184 520 4 47 18 28 46 24 32 45 3 16 21 8 5 9 50 34 14 36 1 41 17 40 22 48 30 42 10 13 43 39 35 31 23 38 20 2 4 44 15 27 26 37 7 25 11 6 12 47 19
185 428 10 11 9 8 41 7 13 46 40 30 14 15 4
186 310 9 7 33 19 35 7 32 34 28
187 301 11 24 14 16 43 45 38 37 49 29 25 35 39 44 3 50 32 1 12 20 34 27 21 31 17 8
188 96 3 7 15 9 32 34 20 44 11
189 41 5 4 32 7 40 37
190 249 7 43 26 44 9 21 20 39 17 16 28 37 18 33 8 23 30 27 19 1 12 13 41 43 14 36 32 25 40 7 24 47 10 31 6 3 38 4 5 29 2 15 35 34 48
191 212 6 12 5 28 44 29 7 15 25 31 9 18 38 17
192 207 15 4 49 42 7 50
193 426 7 17 26 7 27 31 22 39 16 12 20 25 4 40 1 46 24 23 47
194 411 0 23 33 39 16 38 36 28 3 9 14 17 20 45 32 34 43 15 19 8 42 24 44 30 2
195 576 4 45 33 23 21 24 35 20 18 1 29 44 6 32 49 43 26 22 4 38 47 14 39 46 19 50 41 36 13 15 11 12 30 25 37 27 10 7 28 3 9 5 34 16 42 17 45
196 16 6 28 20 44 18 49 27 22 15 30 23 29 10 8 39 47 16 14 48 37 32 36 13 6 45 2 24 42 46 7
197 537 10 30 4 9 19 18 26 50 48 21 16 23 46 35 3 6 32 41 5 36 17 1 28 45 39 49 31 15 43 12 10 30
198 48 19 42 20 36 30 18 46 35 37 34 50 26 4 19 47 2 10 41 27 15 25 6 7 31 22 9 11 42 3 16 13 45 38 28 5 21 8 29 23 43 44 49 39 48
199 229 7 48 40 3 10 25 33 4 42 29 38 34 36 14 12 13 1 50 15 22 44 30 20 7 27 18 47 23 9 37 46 49 35 2 43 17 19 21 6 32 16 45 5 48 26 11 28 41 39 31
200 473 11 50 44 7 33 10 41 32 30 24 17 39 26 12 45 5 48 46 50 43 40 1 31 23 18 37 25 38 47 20 13 8 36 6 2 19 35 28 4 3 29 42 9 22 11 16 14 21 15 34 27 49
201 159 17 20 50 17 39 36 21 15 4 16 34 41 37 10 48 6 9 45 40 14 1 3
202 578 12 4 22 29 32 34
203 32 14 21 34 12 35 31 19 22 1 50 40 37 49 45 17 27 38 23 5 32 11 46 44
204 180 3 12 30 14 46 20 48 4 13 12 33 35 23 16
205 309 5 30 50 6 37 31 12 5 10 25 20 23 19 33 29 35 39 14 21 43 7 36 3 34 2 17 15 22 40 32 42 44
206 577 12 28 36 40 20 32 41 3 34 6 43 27 5 42 16 47 29 25 35 18 38 10 50 30 45 13 21 48 12 39
207 394 2 40 19 11 33 36 39 4 28 13 46 29 38 26 25 48 3 40 31 34 24 8 17 18 50 47 5 15 32 1 43 45 23 7 30 41 20 35 9 6 49 14
208 205 14 17 16 1 32 46 6 29 47 44 11 31 5 20 38 26 36 30 40
209 166 12 32 2 30 11 40 1 48 43 42 7 39 28 50 10 3 24 6 38 27 29 12 44 5 32 47 36 21 22 49 34 25 15 45
210 107 16 40 14 42 39 50 11 26 19 12 40 9 32 27 36 4 30 48 46 15 49 1 16 24 13 37 5 21 7 43 6 22 17 31 28 20 23 41 35 10 25 34
211 349 1 4 49 19 18 17
212 280 18 34 18 26 12 2 19 28 10 48 32 5 47 15 9 16 13 50 40 3 8 17 7 36 38 21 45 1 11 4 6 20 34 35 25 43
213 62 2 11 9 27 45 3 21 11 31 36 2 47 42
214 94 14 39 3 4 37 42 28 2 19 21 43 9 1 20 15 31 22 35 6 12 46 40 7 49 32 18 29 17 44 10 25 38 50 47 23 36 26 33 48 45 5
215 290 12 32 26 27 31 25 44 48 34 37 6 3 41 16 14 32 13 24 19 7 28 11 47 15 42 33 39 36 38 20 10 8 9 1
216 297 18 14 5 22 2 30 14 13 50 20 34 16 43 31 37 1
217 50 19 38 20 8 17 39 16 45 44 2 43 15 37 4 49 23 35 21 22 34 10 26 18 5 46 31 27 25 9 41 6 36 29 12 1 30 48 7 11 38
218 506 0 2 28 13
219 432 17 15 43 28 37 50 17 5 31 23 1 30 25 39 12 36 48
220 187 7 9 33 38 45 6 13 29 46 3 9
221 162 10 23 35 40 22 7 36 49 42 21 48 39 45 44 30 47 2 9 32 33 3 20 50 25 1
222 389 5 5 48 14 4 27 50
223 174 9 6 42 38 9 4 40 24
224 238 1 10 37 47 19 36 35 29 42 14 16 10
225 116 8 18 10 22 11 44 3 12 37 21 31 41 48 34 30 5 14 23 16 32
226 466 4 42 43 7 38 2 11 48 39 3 45 15 5 33 22 32 13 16 46 29 4 47 20 41 42 9 26 27 21 25 12 19 44 8 23 18 10 36 34 24 30 1 31 50
227 33 19 29 26 32 43 37 1 48 21 44 19 36 18 10 28 41 7 17 45 40 35 33 30 11 42 16 38 5 46 8 24
228 546 9 23 3 26 33 9 14 15 39 30 25 46 6 5 7 22 21 12 17 44 35 10 50 47 37
229 343 18 37 9 35 16 39 27 29 11 42 21 2 36 14 1 25 45 38 41 31 13 24 19 22 34 15 43 50 6 17 49 40 12 44 47 33 32 10 20
230 496 7 40 7 27 36 50 48 42 31 26 22 32 5 10 19 45 14 15 33 44 39 17 8 12 20 40 18 6 21 2 16 35 11 38 30 37 1 9 3 4 25 46
231 230 0 13 37 24 39 28 23 10 3 1 9 32 13 38 4
232 387 10 48 15 34 49 21 46 26 44 29 24 33 37 6 35 12 14 16 8 30 43 39 32 41 36 10 2 27 17 5 4 25 23 50 28 40 22 19 3 38 42 11 9 20 7 45 13 47 1 48
233 272 19 27 25 6 10 16 48 36 1 4 39 2 30 40 45 24 28 29 21 15 9 47 33 37 14 32 22 31 20
234 399 4 19 46 11 27 39 35 6 19 29 8 22 48 23 24 18 14 20 10 37 15
235 549 10 49 3 50 15 31 36 5 22 1 39 46 9 13 35 43 26 23 38 41 10 11 45 34 40 30 25 16 29 19 14 4 6 32 2 18 7 33 17 47 8 49 48 27 37 42 24 44 20 21 12
236 209 0 26 13 8 1 35 6 22 7 28 9 33 36 20 10 21 31 48 45 37 18 24 25 29 40 19 30 5
237 581 14 35 38 30 13 35 16 8 33 50 49 32 23 15 1 47 11 25 37 29 39 17 14 9 43 19 41 44 42 10 20 34 4 22 18 21 36
238 117 12 25 48 49 1 5 21 17 24 38 50 14 28 18 44 46 7 47 32 26 41 4 3 29 11 16 20
239 14 15 25 17 38 46 3 4 16 44 27 12 49 31 14 32 42 11 29 24 20 50 1 15 43 22 9 10
240 164 4 14 30 48 19 40 49 24 11 25 4 8 18 28 3 23
241 58 15 1 15
242 115 13 46 28 15 5 39 48 4 32 22 37 49 34 1 33 47 12 20 14 44 21 25 24 10 7 36 18 46 38 11 17 31 41 27 23 50 9 6 3 42 35 8 30 43 13 29 45 26
243 326 1 27 32 14 37 20 5 29 34 31 12 13 43 30 21 2 26 22 49 17 9 36 44 35 48 28 19 38 24
244 308 9 29 29 6 37 24 4 32 35 7 19 18 33 16 26 44 45 17 1 13 15 8 11 39 10 14 42 28 21 50 31
245 349 16 14 23 39 17 38 10 31 47 24 36 37 49 50 8 32
246 297 4 15 20 11 38 41 43 23 47 21 8 24 39 3 44 18 14
247 476 3 14 40 22 10 23 9 38 29 25 32 27 35 14 36 18
248 400 8 46 44 10 47 49 1 39 29 26 16 13 42 36 20 27 34 14 30 9 43 28 23 11 2 25 18 17 19 7 15 12 35 31 8 22 24 6 46 4 33 5 21 32 50 45 40 3
249 161 16 42 41 37 35 20 25 21 10 44 8 23 6 48 33 24 17 46 28 26 7 34 12 9 22 14 40 19 2 29 36 32 15 38 45 47 13 43 18 31 3 1 5 16
250 215 19 3 17 36 31
251 375 13 35 28 19 15 33 1 17 32 14 45 44 2 18 43 21 16 8 7 30 20 40 24 26 47 38 13 41 4 12 9 10 34 11 39 35 50
252 75 13 44 22 12 25 38 28 48 34 23 18 41 44 15 21 26 5 13 19 36 39 49 43 9 46 42 10 24 20 30 1 50 3 29 4 8 45 31 2 47 6 40 16 37 17 35
253 241 16 49 39 2 31 50 10 11 22 26 24 37 18 21 30 32 8 46 4 42 35 45 33 44 23 15 13 27 3 14 25 6 36 43 9 40 49 19 17 7 5 29 47 12 16 34 20 1 41 38 28
254 208 10 1 23
255 312 20 33 9 25 32 34 33 42 14 50 37 30 11 21 20 35 2 3 45 44 27 5 1 49 7 47 43 18 39 8 13 17 41 10 40
256 382 18 7 38 11 45 19 44 32 4
257 429 7 31 6 31 43 25 48 12 50 26 35 14 22 32 9 10 30 3 42 7 15 19 24 29 27 34 5 38 47 11 21 8 41
258 182 12 46 5 18 2 14 40 19 7 44 48 36 37 42 4 34 24 9 28 32 29 31 33 45 38 47 17 43 11 6 39 30 15 25 26 16 10 21 20 35 12 23 3 13 22 49 41 50
259 516 13 4 23 22 42 24
260 401 3 36 17 16 14 49 41 4 45 19 18 33 8 22 50 24 31 46 25 20 12 42 37 1 3 6 10 38 29 47 36 28 39 48 35 11 26 21
261 396 9 27 31 16 26 37 2 12 30 22 23 47 41 25 20 7 27 17 33 49 3 11 1 21 44 13 38 19 48
262 565 9 41 19 20 11 34 24 29 12 49 40 8 31 15 35 6 33 41 44 21 37 9 28 26 48 30 5 42 17 23 43 36 3 16 22 27 10 47 13 39 7 25 1
263 470 4 5 6 10 44 28 22
264 92 16 28 40 9 18 20 48 44 49 10 41 6 34 5 32 36 16 11 2 27 38 23 37 7 39 31 21 8 46 25
265 298 1 7 3 12 35 22 41 6 15
266 227 12 6 32 35 31 9 18 8
267 472 16 4 13 16 50 27
268 308 10 19 33 32 39 10 28 45 11 31 49 48 9 19 14 13 5 38 26 41 37
269 533 15 18 32 27 29 46 4 38 20 13 16 35 21 31 6 30 37 47 8 1
270 45 3 4 5 7 23 35
271 353 18 22 12 17 38 29 28 2 46 39 35 13 41 22 30 9 14 5 32 33 7 44 49 21
272 441 12 38 5 34 29 42 23 31 48 16 20 44 14 35 43 50 1 21 49 4 3 19 26 15 11 40 18 33 8 45 22 28 47 25 39 46 30 13 6 17
273 261 10 32 42 49 8 21 27 13 46 4 33 12 41 39 38 19 3 1 24 22 11 50 7 23 14 6 9 48 26 29 32 25 37 34
274 36 15 2 5 41
275 512 9 47 40 5 31 42 18 48 15 38 50 22 26 36 34 32 41 2 21 37 47 20 46 6 8 45 29 12 4 11 14 49 17 1 9 7 24 30 27 23 25 13 3 35 33 10 44 39 19
276 155 4 34 26 14 19 32 11 13 9 46 3 25 2 34 29 49 44 30 39 23 7 47 20 35 16 22 31 10 8 6 27 5 24 1 38 36
277 66 10 45 25 36 4 5 37 19 18 45 39 11 40 9 32 42 30 2 50 27 44 35 15 43 13 1 29 31 34 16 6 24 28 26 8 10 33 20 12 38 14 23 41 21 48 49 46
278 278 3 22 14 47 34 8 25 43 37 50 46 7 29 9 26 24 40 15 16 10 2 11 22 23
279 228 19 40 43 21 41 23 33 37 40 47 30 45 11 36 26 31 1 39 9 6 14 48 10 50 44 35 16 4 28 18 49 24 5 19 34 7 3 17 22 42 38 8
280 302 13 32 25 12 2 18 22 21 32 37 43 5 15 41 23 50 14 27 11 17 40 30 1 6 31 26 13 45 4 39 47 20 36 7
281 379 3 40 13 11 6 4 40 39 1 10 32 50 3 16 21 45 28 36 15 8 23 30 29 7 17 12 19 31 22 49 26 9 25 44 18 34 27 20 41 48 43 24
282 586 10 7 12 6 34 15 4 48 38
283 544 17 2 12 41
284 186 4 16 39 4 34 42 47 22 45 32 25 41 30 5 46 8 26 50
285 407 17 33 39 22 43 45 28 48 20 44 8 31 1 29 4 24 42 19 50 21 13 36 3 30 35 9 33 25 11 40 49 16 41 10 47
286 408 14 47 36 33 20 12 25 22 17 26 9 13 10 5 7 30 46 16 40 39 50 34 27 15 28 37 42 49 21 3 14 24 8 23 41 35 47 44 38 2 19 4 18 31 45 48 6 32 1
287 286 14 25 2 13 24 33 34 36 39 8 5 37 43 19 49 47 17 16 50 18 6 41 42 12 45 4 9
288 80 2 10 36 48 12 30 27 33 49 50 28 9
289 153 8 10 38 31 15 46 43 8 34 5 21 10
290 370 5 14 25 6 18 49 48 14 45 35 46 27 21 33 30 3
291 312 14 28 19 46 11 10 9 43 8 47 14 3 31 18 37 48 45 21 6 44 17 16 41 2 20 22 1 38 30 32
292 551 1 46 35 44 38 40 47 41 13 8 14 2 37 1 5 34 12 36 32 11 31 10 45 43 50 42 20 46 22 17 21 25 30 18 23 7 28 26 48 27 49 16 39 33 24 4 19 6
293 32 15 15 31 2 19 21 41 35 40 44 32 46 12 33 47 10 18
294 378 5 28 37 46 40 48 41 47 27 4 13 6 8 23 14 50 17 44 33 36 26 34 39 19 30 3 22 9 21 43
295 46 13 14 15 41 1 7 26 27 4 21 6 13 20 28 3 47
296 569 10 47 21 30 47 44 10 31 20 2 24 42 27 13 33 14 25 18 50 41 6 8 16 22 49 7 23 32 9 46 1 36 11 15 40 35 12 3 26 29 4 45 38 39 43 28 19 48 34
297 142 9 25 35 12 28 16 4 25 34 43 7 21 3 37 45 5 27 46 41 31 50 10 30 1 24 40 44
298 148 1 19 35 25 44 29 24 13 28 32 4 16 48 2 42 7 5 49 20 26 1
299 468 20 49 38 6 12 32 18 43 42 26 35 23 36 22 7 46 3 34 16 45 11 30 17 1 37 13 8 4 41 2 33 27 20 31 9 28 50 49 25 10 47 44 21 48 15 29 40 5 19 39 24
300 308 16 45 43 5 48 36 14 13 47 6 26 3 11 1 28 42 40 41 44 21 22 10 9 12 33 31 45 49 34 30 37 50 39 38 25 20 18 32 17 35 15 24 8 46 19 16 7
301 486 9 37 27 15 7 2 25 13 10 3 44 18 32 24 40 16 8 22 49 45 39 17 42 30 48 9 34 37 21 11 6 23 36 33 14 1 5 31 38
302 297 11 14 19 48 13 1 41 37 23 43 33 26 42 28 34 3
303 351 2 41 40 26 19 42 3 22 32 2 15 7 48 17 49 25 31 30 11 41 10 18 45 6 28 29 1 33 23 43 12 37 50 44 14 5 35 46 16 13 4 47 36
304 472 13 29 8 22 21 5 33 1 44 3 26 32 31 16 36 42 6 23 20 43 15 28 19 37 10 45 18 24 11 39 50
305 343 13 32 32 23 18 8 27 36 30 19 4 35 24 3 44 12 48 38 17 34 41 22 47 26 40 7 39 14 29 2 21 43 50 37
306 60 14 19 21 34 33 37 36 24 19 22 13 32 25 38 7 27 1 2 48 16 43
307 543 9 25 34 37 40 7 17 6 44 28 48 31 5 8 19 43 50 24 49 11 25 45 14 16 41 3 47
308 231 3 32 1 38 33 24 36 44 23 19 34 22 11 25 13 4 45 31 49 21 37 15 46 14 32 27 40 3 35 9 6 48 2 17
309 99 6 31 40 6 4 42 36 46 1 7 3 32 8 38 24 15 22 18 11 33 9 23 28 14 37 2 25 21 19 48 44 43 29
310 14 8 23 24 8 23 28 45 1 7 34 18 19 48 2 49 37 10 35 6 17 26 38 11 12 5
311 310 9 25 39 28 49 15 36 35 42 29 30 31 48 44 24 8 43 33 45 40 13 20 5 2 46 22 32
312 466 15 31 12 3 27 50 15 1 43 21 18 34 8 31 33 37 41 38 28 19 39 22 17 36 26 10 4 16 46 42 45 11 29
313 136 6 27 12 9 37 42 34 28 23 20 45 7 6 33 29 11 17 50 14 3 15 26 24 35 1 31 36 4 27
314 125 11 34 35 17 31 20 2 3 39 7 23 27 13 8 10 4 11 29 44 25 32 30 22 26 34 1 40 5 21 38 49 12 19 50 43 14
315 240 0 29 36 44 9 13 40 23 10 26 45 25 6 16 35 31 21 34 41 15 47 24 43 29 38 20 5 14 19 30 17
316 220 13 22 20 21 38 11 10 30 28 48 22 46 37 47 16 27 49 32 29 35 24 2 1 43
317 453 4 10 27 35 32 49 41 21 44 36 26 23
318 510 0 33 43 22 34 20 41 8 2 21 24 23 18 4 33 28 16 27 25 5 3 13 50 19 44 48 39 9 7 29 46 31 17 36 38
319 476 12 44 14 23 8 1 17 13 30 11 45 24 38 27 21 3 7 20 36 34 47 19 39 9 29 10 46 31 50 28 35 12 48 33 32 37 16 26 49 18 40 43 42 22 5 6
320 180 4 15 17 30 44 21 20 16 15 1 6 39 26 18 25 31 49
321 461 9 32 35 20 1 49 9 10 3 18 44 48 39 22 12 21 26 28 32 6 38 50 37 23 8 41 47 25 24 17 15 14 34 42
322 592 20 8 15 8 34 32 44 40 5 14
323 127 15 42 8 33 36 4 47 17 40 6 42 39 48 26 1 45 49 32 20 41 27 31 30 10 44 21 2 34 5 12 50 43 25 38 7 14 16 37 28 18 24 29 3 23
324 261 18 10 21 35 39 30 8 42 25 33 43 18
325 347 16 26 22 26 14 34 50 36 17 23 27 47 6 25 10 41 46 21 48 3 19 1 45 33 13 4 49 32
326 480 5 27 46 47 40 25 38 20 43 9 26 30 27 11 2 44 33 49 17 6 45 12 14 5 32 19 24 37 10
327 304 12 50 50 33 16 31 13 14 10 42 34 46 8 45 4 36 30 12 22 5 40 6 7 15 32 9 2 11 18 23 28 27 39 49 37 29 17 41 35 43 44 48 25 47 19 24 1 38 26 21 3 20
328 454 13 42 10 12 23 46 38 29 19 42 1 35 11 43 41 8 17 26 30 13 36 7 16 2 25 39 34 50 15 37 20 47 24 33 49 31 3 14 18 27 45 22 5 28
329 263 10 1 11
330 401 1 25 33 43 50 3 36 46 42 40 20 2 1 18 27 14 13 47 34 25 45 4 10 23 11 35 32
331 412 7 43 21 35 47 6 42 23 24 41 39 18 33 28 1 10 30 32 49 44 38 37 13 9 2 31 43 15 19 16 46 40 7 45 22 48 3 14 20 17 8 11 29 27 36
332 250 20 36 45 25 47 46 21 43 11 23 5 8 1 42 2 9 10 35 32 16 37 31 19 15 6 20 27 41 24 44 39 13 22 36 29 26 28 50
333 83 18 5 42 19 30 20 5
334 271 9 50 49 1 20 16 13 17 34 24 25 41 36 44 33 6 3 45 18 35 23 48 38 39 37 27 40 30 29 32 9 7 42 22 11 5 15 31 10 12 46 26 2 4 8 43 47 21 50 28 19 14
335 292 6 33 15 47 32 41 34 22 49 44 39 29 36 2 6 8 14 45 50 46 26 4 16 42 40 31 9 18 43 13 37 25 3 1 28
336 166 4 20 29 11 43 5 1 20 15 47 36 25 35 42 40 28 24 4 45 6 18 12
337 495 13 46 9 32 43 49 34 14 7 26 36 24 45 17 18 42 40 13 41 22 16 38 5 47 10 33 12 29 28 37 2 39 48 50 20 4 11 1 8 23 25 27 19 31 30 3 35 21
338 112 17 7 24 48 12 43 45 30 49
339 343 20 42 4 11 37 14 10 2 26 1 20 36 38 30 32 17 50 46 24 25 23 21 19 28 47 29 45 33 49 6 22 12 48 35 41 42 3 9 31 43 7 44 13 8
340 304 9 49 14 35 37 27 1 15 28 36 6 16 41 32 29 4 26 11 22 2 50 49 3 30 42 10 12 47 19 20 45 33 7 34 38 40 48 43 17 21 8 24 46 31 23 39 44 5 18 13 25
341 578 12 32 43 32 47 34 31 33 26 20 35 37 50 15 7 28 38 21 30 23 13 49 48 14 42 29 45 36 2 41 17 27 24 3
342 542 3 49 8 31 20 24 40 6 21 41 18 12 35 19 28 13 26 39 36 48 46 27 2 33 50 30 25 1 42 10 23 43 5 44 34 32 15 16 11 14 47 38 29 37 17 4 22 9 3 7 45
343 574 18 1 40
344 16 18 24 41 22 50 27 44 46 10 25 23 11 9 29 45 6 48 18 8 13 1 40 7 14 12 5
345 323 12 19 2 31 27 46 10 38 20 9 19 14 36 30 48 15 37 28 47 49 21
346 364 2 30 44 38 16 46 30 20 47 1 14 3 4 8 2 29 33 17 45 36 11 22 43 31 24 32 41 28 6 48 10 7
347 126 18 45 11 48 21 8 41 44 17 24 15 39 20 2 32 6 3 38 7 37 45 46 43 5 40 49 4 25 30 16 50 12 27 1 14 23 33 47 36 13 9 10 18 26 34 22 35
348 33 19 2 25 27
349 370 15 30 10 11 41 6 36 50 30 35 2 37 28 14 47 49 39 42 44 4 1 13 8 32 40 34 15 24 12 21 9 23
350 506 15 50 13 47 28 50 4 18 10 39 1 35 12 29 31 24 49 34 22 38 9 8 20 21 2 16 41 48 7 44 19 25 46 40 14 3 23 26 15 36 5 43 11 33 42 17 30 37 32 45 27 6
351 459 18 41 38 50 41 32 44 26 35 4 5 23 13 25 27 22 16 11 24 8 9 46 19 49 34 10 36 2 47 40 18 7 6 30 1 33 3 48 42 39 20 28 12
352 420 6 9 9 18 12 13 47 43 39 42 48
353 478 7 47 33 36 21 24 32 14 26 12 5 30 6 44 39 37 35 31 16 29 50 17 27 41 2 9 15 3 28 47 42 45 34 46 22 38 18 48 20 10 43 23 8 11 13 4 40 49 1
354 561 6 1 10
355 335 12 22 20 44 6 24 17 27 1 3 13 47 26 14 22 12 38 9 4 36 34 7 32 10
356 397 13 24 40 37 50 25 1 14 22 26 7 30 12 47 39 10 31 13 46 5 9 43 21 2 28 17
357 530 13 24 48 46 50 20 9 24 18 8 37 13 35 41 10 25 32 44 2 28 47 40 45 6 30 34
358 85 10 6 46 23 29 27 25 12
359 550 14 19 29 19 11 35 1 2 12 44 34 36 4 17 14 46 33 47 39 23 6
360 329 20 6 39 8 33 10 31 30
361 528 5 41 11 28 4 29 25 9 18 39 15 42 36 3 22 17 2 35 31 20 26 7 30 14 40 44 13 48 23 6 34 19 24 49 21 8 5 45 12 47 10 33 27
362 279 3 26 27 10 7 17 23 16 8 34 47 22 37 25 50 20 38 36 14 29 18 41 31 11 49 33 39 43
363 377 5 36 45 16 9 40 14 34 12 10 21 48 42 8 41 44 38 35 20 2 50 43 46 17 39 47 4 27 22 37 25 33 18 15 26 11 23 28
364 572 14 3 5 20 36
365 449 2 9 36 31 3 35 30 34 25 13 10
366 340 7 18 17 27 2 8 4 10 50 40 18 30 22 29 31 34 13 33 6 45
367 343 19 4 26 9 7 48
368 505 12 10 18 6 3 19 46 22 44 48 30 27
369 20 4 39 18 24 31 3 38 41 27 36 4 12 40 45 50 44 25 13 20 48 5 34 28 42 21 26 30 15 29 39 9 6 43 2 47 46 35 33 22 7 49
370 98 6 29 23 17 10 36 43 8 5 37 33 50 12 24 9 47 1 27 44 25 18 11 32 29 42 13 40 38 26 45 7
371 500 7 36 43 20 33 36 39 25 44 48 45 18 35 14 6 19 26 47 38 46 9 3 32 16 21 5 28 40 22 7 2 8 30 49 34 12 1 17
372 491 5 29 14 35 41 17 8 18 40 34 46 11 7 36 28 6 39 25 20 49 3 12 24 31 23 16 9 44 29 1 47
373 44 2 23 15 30 13 12 38 25 49 18 17 10 46 31 8 48 22 24 9 32 5 19 42 26 16
374 332 6 45 14 7 45 36 9 35 49 46 1 11 3 32 15 33 31 30 23 47 29 34 38 24 48 19 5 39 41 8 4 17 16 20 10 43 26 44 27 22 50 13 21 6 18 25 12
375 409 3 11 1 2 6 30 8 49 19 29 48 31 28
376 502 15 27 2 50 13 43 9 41 24 39 25 23 35 34 46 21 44 22 4 42 30 14 31 36 1 33 27 12 8
377 380 4 3 37 21 6
378 574 1 25 32 44 21 30 47 29 24 39 46 27 34 42 26 3 2 43 40 12 8 36 11 38 35 48 20
379 358 14 38 40 45 28 22 46 33 32 19 31 15 7 13 41 21 18 12 35 48 29 9 47 27 50 2 14 3 42 5 49 25 43 8 36 24 37 4 39 6
380 520 19 15 48 41 11 46 7 6 17 45 24 37 33 36 43 5 25
381 497 3 8 11 40 34 37 32 44 9 20
382 182 14 29 49 31 17 50 19 9 40 8 21 38 14 18 45 22 37 6 46 42 10 7 2 13 41 30 5 44 33 43 35
383 153 17 43 47 49 5 19 16 11 36 35 41 26 2 45 8 30 24 27 4 38 29 9 50 22 14 33 44 12 15 43 7 6 10 42 34 20 32 31 18 1 23 13 48 46 28
384 459 13 40 44 19 46 33 47 3 42 35 18 31 2 21 37 36 6 39 22 7 25 15 9 28 40 48 4 24 27 12 45 17 41 23 10 34 13 50 16 20 43 5
385 520 20 27 14 28 39 2 19 21 5 16 30 25 20 50 36 35 33 9 22 1 10 17 15 46 3 34 49 23 12
386 378 15 17 50 32 28 1 18 43 37 6 35 16 22 9 7 21 31 10 33
387 517 9 13 12 27 5 33 28 14 34 2 48 32 22 43 4
388 583 18 22 4 45 10 1 48 44 23 40 21 41 43 17 35 6 24 19 49 18 13 7 38 2
389 515 16 36 27 31 34 42 35 1 38 6 11 43 4 24 44 45 32 3 21 33 2 30 18 28 40 17 26 46 41 29 5 39 10 16 47 25 12 13
390 356 5 26 29 45 30 38 13 9 16 44 18 32 14 25 43 19 10 2 26 40 6 7 42 4 11 17 23 37
391 108 15 50 17 13 33 34 45 12 21 28 22 18 46 31 37 39 19 30 3 49 41 14 7 50 5 8 29 16 47 42 10 27 2 9 48 25 24 1 35 11 6 44 32 40 15 23 43 20 4 38 26 36
392 118 17 43 48 1 22 36 42 26 15 11 45 41 38 20 37 47 33 31 24 23 44 40 21 49 39 12 2 7 46 28 16 32 17 50 4 19 14 13 5 8 6 30 9 27 25
393 102 0 6 35 32 45 14 3 34
394 565 17 48 33 12 20 16 35 11 7 3 50 25 13 43 28 15 45 40 37 8 34 24 6 5 46 26 2 31 23 32 22 9 18 14 49 41 10 42 30 48 47 36 39 17 44 27 29 1 38 4
395 591 2 35 7 27 33 2 23 19 34 37 29 17 6 22 5 9 32 14 48 28 40 46 3 1 10 16 43 42 4 44 45 35 26 47 13 49 36
396 487 5 47 8 30 26 10 34 28 16 5 2 14 35 15 38 4 18 1 7 9 39 48 50 20 31 17 21 22 27 33 44 23 47 41 29 25 3 43 37 13 11 49 24 36 46 6 40 12 45
397 190 6 41 46 33 30 5 7 2 25 6 43 49 16 8 35 17 34 18 4 20 13 31 19 40 15 38 29 44 12 28 11 39 26 41 21 50 27 22 37 3 10 14 48
398 92 5 27 19 7 16 10 34 40 5 15 3 14 48 32 41 26 36 50 22 2 30 24 27 9 18 44 6 39 31
399 84 19 39 38 44 29 30 17 48 25 27 20 50 45 21 35 11 32 34 12 28 15 13 10 37 3 22 23 1 4 24 41 8 18 14 26 2 19 42 43 46 49
400 466 0 16 6 3 23 24 37 32 46 2 16 29 44 9 11 48 17 49
401 83 19 40 5 46 44 38 24 14 19 43 11 29 13 16 45 34 27 32 12 2 42 21 49 9 28 8 50 26 48 37 1 36 40 4 47 15 7 17 25 10 6 23
402 133 19 42 36 46 35 24 6 28 26 31 32 16 22 42 9 39 50 44 41 33 40 10 18 11 37 30 13 21 48 17 2 47 7 38 12 1 14 29 19 5 8 20 3 49
403 25 9 47 38 21 48 20 8 28 19 22 36 2 31 16 11 4 41 7 46 49 27 18 17 37 30 25 13 14 10 42 44 39 12 29 5 40 9 3 50 34 1 32 45 24 15 6 43 35 47
404 107 12 10 2 22 44 43 33 5 23 8 29 35
405 67 8 20 2 26 3 13 25 33 19 24 50 37 36 39 48 15 27 8 7 10 21 35
406 118 5 29 3 10 29 20 30 1 46 24 22 47 44 17 28 25 8 35 14 48 34 19 42 41 37 36 31 23 13 15 2
407 386 3 47 41 18 29 30 39 8 12 5 26 48 19 9 11 44 46 3 47 42 2 50 10 22 15 17 37 45 36 6 7 33 25 27 35 4 28 32 20 34 16 21 49 43 14 40 24 1 23
408 75 16 41 21 40 36 4 7 24 12 48 10 49 34 33 14 17 2 1 50 30 23 27 32 31 47 29 38 44 6 45 8 19 22 42 13 35 37 20 39 25 43 11 28
409 561 11 26 10 42 31 48 22 26 38 46 35 33 45 1 50 21 16 44 7 25 18 9 17 4 3 5 40 32
410 455 12 39 2 10 1 29 25 30 6 32 4 5 16 12 24 13 26 22 19 18 7 45 49 42 46 36 34 39 3 20 41 27 47 9 44 43 17 35 14 38 21
411 67 15 49 38 21 41 4 17 19 37 50 23 31 30 36 45 46 35 43 28 44 13 2 39 11 14 25 22 47 5 33 20 8 6 12 27 49 48 9 7 1 29 34 32 40 3 42 18 10 16 24 26
412 420 20 26 12 3 33 50 25 34 37 16 40 8 11 29 26 15 9 24 30 44 39 23 43 13 48 2 6 14
413 267 14 20 50 2 30 18 48 23 37 10 4 43 12 6 15 21 36 3 32 5 31 9
414 482 6 37 14 34 33 9 23 20 22 18 6 41 13 1 4 24 27 38 2 49 46 17 5 45 15 50 30 47 48 28 16 19 37 31 32 35 10 42 36
415 539 3 32 46 29 49 30 5 31 8 35 1 9 7 33 43 12 28 13 41 20 25 44 17 3 40 48 37 36 23 19 10 16 47 34
416 230 5 19 35 10 36 14 31 7 11 29 13 23 24 5 27 44 17 12 32 33 19
417 262 19 42 42 27 19 12 8 9 34 31 47 14 6 16 36 39 25 50 11 35 32 26 2 43 38 48 18 4 33 29 10 49 46 45 44 41 23 40 21 5 24 22 17 28
418 277 1 10 22 38 24 45 43 26 14 29 2 19
419 189 16 31 20 5 37 26 43 12 13 24 21 22 42 14 15 28 4 23 9 41 48 10 44 34 27 6 7 39 19 11 47 40 8
420 499 1 49 41 14 31 21 4 13 28 48 33 47 27 6 17 45 26 29 38 20 50 11 37 1 5 18 44 2 39 3 10 7 36 40 8 25 9 30 32 46 22 19 23 24 16 12 49 15 42 34 35
421 507 19 20 33 31 14 7 36 15 10 25 45 39 6 9 41 17 21 2 38 20 24 18
422 314 3 32 11 37 30 15 14 5 48 40 28 19 18 27 22 20 6 23 29 42 50 32 47 39 31 33 35 17 12 25 46 16 7 38
423 284 16 21 29 24 10 1 35 2 48 40 6 28 12 43 3 18 21 23 13 20 50 16 11
424 107 11 23 26 28 18 22 31 15 4 8 24 19 46 47 13 44 6 39 32 25 35 3 43 45 30
425 219 12 30 12 1 7 37 15 20 27 43 50 26 41 47 46 30 11 18 44 36 38 42 23 2 9 3 34 48 45 25 40 31
426 394 1 6 2 39 11 14 6 7
427 439 0 14 11 48 9 2 46 12 29 17 28 37 23 1 45 20
428 108 3 11 29 34 49 26 17 37 5 25 12 18 15
429 557 3 23 7 23 36 2 44 27 39 17 42 50 28 34 15 46 47 11 30 13 16 1 26 4 20
430 39 11 43 19 2 43 5 33 1 27 36 35 26 47 6 31 42 7 44 40 30 28 41 50 48 13 20 9 32 46 23 3 10 15 24 11 8 37 29 22 49 12 18 21 16 39
431 37 2 7 37 32 34 47 49 15 23
432 222 18 9 29 41 2 18 9 48 15 19 23
433 166 11 43 42 29 45 5 46 33 36 14 37 7 8 13 9 25 31 43 26 6 35 48 11 47 32 15 3 38 40 24 34 27 19 39 16 41 12 28 49 23 18 22 21 2 50
434 64 0 36 5 10 38 9 12 35 40 3 48 31 21 46 15 13 26 17 19 6 25 42 45 11 2 24 22 36 27 49 39 41 37 29 20 7 23 33
435 13 20 40 49 44 9 46 12 40 19 37 29 11 32 5 33 42 20 43 50 27 26 3 39 30 36 31 7 6 24 15 13 18 22 17 4 45 28 14 47 48 38 21
436 570 10 48 36 41 24 31 8 9 4 6 44 26 12 35 21 33 43 28 47 7 2 45 29 30 14 13 1 32 49 39 38 15 42 22 19 50 17 37 27 48 25 23 5 34 18 11 3 46 10 20
437 492 1 37 11 31 14 44 8 3 18 42 34 16 22 29 32 26 40 17 27 30 23 33 47 38 5 39 15 19 46 25 48 2 1 28 10 37 36 21 7
438 366 13 44 10 48 9 23 18 1 29 46 28 13 20 36 49 47 12 19 42 16 22 50 15 6 34 17 25 7 5 24 11 39 37 44 43 38 2 41 3 32 26 8 31 33 21 35
439 215 6 9 23 28 43 7 10 37 25 3 30
440 357 4 48 1 32 10 5 25 7 4 41 11 18 43 21 19 47 37 35 12 6 24 20 42 3 29 36 44 50 8 17 34 27 15 48 39 30 45 22 46 38 14 13 26 16 23 9 33 31 2 40
441 219 13 18 16 9 50 2 8 1 45 31 28 49 44 27 23 19 11 20 12 37
442 567 4 13 29 15 36 1 8 30 35 22 3 34 41 4 25
443 591 17 37 22 42 48 26 40 15 5 4 23 24 10 38 12 13 3 33 8 44 29 36 47 46 2 43 30 18 37 50 32 25 35 31 9 19 39 7 14
444 363 8 25 7 19 44 16 8 32 12 10 43 50 33 23 11 46 45 39 49 3 35 18 28 38 4 37 30
445 538 10 21 37 2 3 6 30 20 12 9 22 40 19 18 41 1 46 35 5 4 42 28 31
446 306 20 26 10 39 18 12 35 23 17 32 21 3 48 45 24 47 16 1 34 4 9 19 28 38 44 40 11 26
447 267 7 39 25 28 10 29 43 19 48 38 26 35 16 46 1 9 50 11 6 37 3 31 22 23 21 45 8 42 7 18 20 2 5 27 33 44 13 32 47 40 36
448 15 9 4 6 42 27 24
449 13 17 16 6 12 7 1 25 17 10 50 9 8 15 43 47 21 45 32
450 458 11 12 22 28 18 11 33 40 37 1 42 14 25 45
451 240 5 36 30 11 50 47 44 14 37 45 32 23 3 13 38 40 1 16 43 42 18 12 15 20 8 21 46 41 26 27 19 48 10 31 39 5 24 17
452 197 15 45 21 33 25 50 2 47 17 23 12 31 24 5 11 13 28 3 35 27 14 6 34 41 16 22 32 42 29 37 9 7 38 30 15 48 18 10 4 40 36 20 43 39 49 26 8
453 254 5 23 36 3 31 10 1 49 21 23 27 26 28 7 13 46 18 15 50 39 14 5 35 20 22
454 156 18 40 10 29 35 33 1 9 3 18 22 27 25 43 7 45 23 42 15 34 21 41 38 2 32 5 11 28 37 20 47 12 6 17 50 8 36 48 26 31 13 16
455 134 20 43 29 11 3 5 27 44 14 46 15 4 23 48 25 33 34 1 20 6 42 28 26 2 17 38 18 12 36 40 41 16 24 31 39 7 32 19 13 35 10 37 45 50 21
456 351 12 6 14 13 25 19 43 11
457 557 0 25 35 10 24 23 40 41 27 47 5 25 7 28 6 11 18 13 22 32 15 48 19 9 44 39 49
458 503 3 7 38 48 14 49 44 16 24
459 157 6 6 9 39 34 17 42 44
460 261 7 33 17 2 8 24 37 6 34 26 47 45 48 18 22 3 50 16 20 4 9 40 49 30 38 10 41 15 12 7 28 23 46 27 11
461 167 0 12 13 28 44 33 9 20 4 40 42 26 17 50
462 381 8 34 10 8 28 20 37 2 33 34 31 19 1 38 3 17 25 13 11 26 50 32 12 43 42 46 39 21 27 7 49 22 44 30 14 29
463 429 8 33 24 38 37 11 39 31 45 10 21 49 34 35 15 9 36 12 32 47 22 50 25 4 20 13 27 42 41 23 17 44 30 43 1
464 95 0 22 16 11 14 20 33 35 37 6 13 10 8 36 41 3 1 48 39 9 50 12 47 34
465 419 17 12 13 42 12 49 30 39 33 2 27 22 47 36
466 239 10 44 7 3 49 15 43 26 14 23 16 47 21 41 39 50 38 19 12 27 4 10 6 32 34 20 11 13 48 1 2 9 36 40 5 35 46 25 37 45 22 24 8 31 28 33
467 331 11 22 9 38 11 37 45 3 23 12 6 39 2 25 29 24 28 5 42 41 32 33 21 47
468 459 3 46 50 3 18 26 19 31 10 38 16 25 24 40 12 47 41 5 17 4 43 6 8 20 2 1 34 35 11 29 9 45 48 23 28 15 42 37 39 46 21 32 33 30 44 13 14 49
469 422 16 3 18 12 21
470 199 14 16 30 35 11 12 48 39 40 42 36 32 31 20 4 23 25 29
471 163 6 8 41 29 31 40 8 42 45 11
472 180 15 2 8 1
473 250 13 1 38
474 426 13 39 27 38 25 3 20 50 43 21 26 19 32 11 8 14 41 4 47 22 34 28 12 40 44 15 23 13 31 9 10 24 18 17 16 5 37 42 2 48 36
475 46 9 12 7 45 30 8 23 22 32 37 47 43 44 16
476 362 1 26 29 4 25 37 24 33 27 17 45 1 31 32 7 13 14 36 44 9 8 12 11 28 46 39 10 43
477 262 16 42 41 22 45 36 3 1 29 35 49 25 40 43 19 14 34 26 38 48 42 4 28 30 12 11 24 31 37 2 23 50 46 32 44 18 17 13 20 10 27 8 15 39
478 158 15 34 2 16 6 15 32 9 45 40 7 26 48 39 28 37 41 35 46 10 33 5 19 24 17 25 23 20 1 47 30 36 49 14 31 29
479 264 2 14 10 36 3 14 50 45 35 25 44 5 7 38 13 21
480 140 16 22 21 30 31 38 10 3 34 46 11 43 19 32 42 24 1 17 15 6 49 35 26 37
481 445 14 40 11 17 28 21 9 37 10 36 6 50 3 42 13 19 2 29 25 14 15 32 7 23 8 27 16 20 46 43 44 5 47 24 49 35 12 33 1 45 30 18
482 385 3 35 28 12 7 3 48 42 5 25 8 21 11 50 9 29 46 6 10 45 15 13 24 22 44 40 20 35 34 16 38 4 23 33 26 37 18
483 123 18 20 48 4 21 33 16 10 3 31 25 11 36 19 26 30 23 17 5 41 38 34
484 180 10 13 21 34 11 33 31 16 26 4 25 3 18 36 29
485 542 15 33 28 30 17 4 15 2 23 33 18 22 5 1 45 25 11 27 16 39 26 3 44 20 12 42 35 29 36 50 46 8 7 19 10
486 370 20 5 42 20 45 27 21
487 113 9 39 23 50 1 35 42 3 20 47 11 43 6 44 46 15 17 5 22 33 40 13 25 4 48 49 16 34 32 41 27 37 29 14 36 10 2 18 38 8 7
488 485 12 20 13 12 18 40 25 8 34 14 21 24 31 5 46 41 32 19 9 36 17 3
489 340 12 42 41 11 24 14 34 31 26 28 46 30 21 25 18 36 12 10 23 5 37 9 19 13 17 44 50 42 45 16 43 2 35 39 48 3 1 32 33 22 27 20 15 6
490 155 14 6 27 29 33 43 30 15
491 114 7 16 12 40 7 41 25 11 22 44 3 31 30 46 15 49 34 8
492 255 13 34 25 4 30 26 19 48 23 39 14 50 7 12 17 6 1 33 21 28 27 36 8 10 44 24 31 20 16 18 9 47 13 41 49 5
493 160 1 26 6 1 33 22 18 2 11 23 41 27 30 46 36 3 21 38 48 20 10 47 4 40 35 7 45 14
494 48 14 48 18 49 34 33 6 13 9 46 22 50 38 24 4 47 21 42 7 14 1 20 37 32 28 44 23 40 43 19 12 39 25 36 35 11 45 31 41 48 5 27 10 2 15 30 17 29 26 16
495 200 8 48 39 26 29 9 14 1 38 10 37 48 4 44 30 45 17 46 22 11 16 42 40 18 8 3 34 50 43 13 31 21 19 28 33 7 20 15 24 49 6 23 25 2 12 35 27 5 36 32
496 511 18 3 24 48 27
497 23 20 21 21 31 13 24 18 10 36 40 27 41 5 16 19 7 47 23 4 12 46 20 25
498 554 19 50 23 36 22 16 17 27 3 46 9 19 25 26 12 41 39 38 21 5 31 10 2 49 43 44 4 20 35 32 42 28 18 11 29 15 24 13 7 1 40 14 33 37 30 6 47 8 50 34 48 45
499 45 5 21 24 9 5 23 32 27 7 46 14 40 19 17 13 37 20 21 26 16 11 45 38
500 249 7 20 42 5 25 44 22 6 24 47 7 50 18 41 2 48 17 9 15 40 36 49
501 327 16 7 49 38 13 12 34 35 15
502 301 4 14 19 38 22 34 29 20 40 13 8 24 44 26 43 47
503 381 20 40 28 17 15 30 48 12 21 1 3 47 34 8 50 37 41 27 36 4 35 32 2 5 38 45 25 11 39 46 40 31 9 20 44 6 22 23 42 49 33 18
504 152 11 15 34 20 9 41 46 18 42 5 35 12 30 11 28 21 40
505 102 13 4 16 32 38 39
506 478 5 24 18 42 33 23 34 29 19 3 40 31 1 26 22 46 25 7 4 47 50 32 17 5 37 24
507 255 14 1 35
508 41 0 36 5 34 23 27 41 20 10 15 32 2 12 45 11 8 26 14 39 38 25 30 48 40 44 35 49 21 4 16 37 46 7 6 13 24 47 28
509 297 5 20 50 18 9 27 38 37 25 16 33 17 41 32 28 3 34 47 12 2 15 30
510 73 13 15 29 6 5 47 37 28 11 31 26 41 20 9 39 44 34
511 184 5 11 49 6 2 11 46 30 36 8 10 32 43
512 188 6 41 36 50 4 29 16 15 26 32 33 25 21 38 39 34 6 23 24 5 20 1 10 7 9 22 30 27 40 48 43 18 49 28 42 3 12 46 8 14 31 47 2
513 264 17 31 50 13 45 28 5 30 32 41 15 26 10 48 4 25 18 14 34 47 20 39 22 46 40 3 36 16 2 17 11 38 8
514 343 17 7 17 18 14 30 5 10 9
515 382 15 15 13 17 35 14 5 41 43 10 31 9 38 37 12 49 11
516 103 10 30 24 22 39 50 35 34 36 9 44 37 42 7 11 45 49 43 47 31 17 12 25 32 14 15 41 2 27 5 10 26
517 33 16 48 3 26 49 5 34 32 46 43 6 20 31 7 2 42 21 39 33 47 13 50 30 11 19 40 9 10 28 23 12 4 27 38 48 16 45 14 15 25 24 1 8 29 22 17 35 41 18 44
518 302 10 8 14 23 17 26 36 25 50 6
519 180 14 36 9 50 8 5 43 44 19 36 18 38 24 3 27 42 40 28 32 13 35 23 1 25 22 37 17 33 41 2 31 30 45 46 49 4 20 39
520 301 13 34 28 30 17 2 10 36 22 15 9 47 23 49 43 24 37 46 25 3 8 26 44 14 41 40 11 35 21 13 31 18 27 45 48 7
521 324 9 34 9 10 34 44 37 49 18 14 42 5 45 1 29 35 16 28 6 7 48 47 46 3 43 40 8 19 41 26 15 38 11 23 33 36
522 321 0 45 41 29 32 1 45 6 39 33 12 43 44 15 19 40 30 5 18 23 31 49 10 35 47 48 22 3 9 27 21 25 4 26 50 36 38 11 37 13 24 7 46 16 17 34 20
523 433 6 41 11 16 36 3 46 39 20 45 31 50 25 18 42 49 35 29 27 38 14 19 24 8 15 17 33 43 41 28 26 13 7 6 23 2 34 32 10 9 37 4 30
524 322 13 5 30 12 50 36 3
525 229 3 48 10 9 23 44 41 39 42 7 37 27 11 24 45 18 4 30 48 29 21 8 6 35 12 5 33 36 22 28 19 25 14 20 15 13 26 34 17 47 38 43 16 2 31 3 46 49 50 1
526 307 0 42 28 26 18 11 15 21 20 38 43 29 19 22 1 25 42 46 2 12 49 36 47 16 39 5 37 31 40 50 48 27 4 17 24 8 30 34 10 9 6 3 44 14
527 582 5 29 41 29 21 49 20 19 18 5 14 31 40 8 25 26 37 15 36 47 4 2 13 24 43 17 33 27 10 48 11
528 76 13 29 49 26 22 11 39 19 35 13 21 42 48 46 33 32 7 20 25 36 8 44 10 43 37 5 47 14 27 38 41
529 253 12 29 19 6 32 10 9 28 17 37 33 23 4 41 25 18 50 26 7 22 43 47 48 38 13 14 42 29 39 44 11
530 277 14 4 22 35 6 27
531 533 17 47 29 6 38 12 11 36 4 17 21 28 25 43 30 13 27 31 22 50 18 49 45 24 26 33 3 47 7 35 15 48 32 19 2 46 23 10 37 8 41 34 20 14 39 1 5 16 42
532 409 4 1 16
533 471 17 20 48 8 22 40 31 34 30 33 16 32 18 23 5 42 24 26 36 15 3 47
534 28 15 25 38 17 16 39 24 40 29 10 18 21 7 19 37 15 26 4 32 46 9 31 2 12 14 22 8
535 284 12 34 28 29 9 12 39 45 3 6 21 7 27 20 38 30 2 10 46 43 40 41 5 50 1 32 24 14 44 23 16 36 13 48 4 22
536 327 12 42 31 13 47 11 8 2 38 9 4 15 30 1 29 44 36 23 46 49 10 35 42 17 5 34 12 33 50 26 48 32 25 16 43 7 20 6 37 18 45 41 28 24
537 151 4 39 27 33 3 32 38 26 8 20 17 45 39 35 22 21 47 11 5 13 12 1 42 29 18 31 19 36 16 9 25 23 14 7 6 44 28 46 50 48 34
538 140 14 41 12 37 42 32 10 29 44 49 47 30 35 36 14 1 38 5 9 26 11 22 41 39 31 46 25 45 17 15 7 33 28 18 6 48 43 50 2 21 20 16 34
539 541 10 16 10 22 6 27 49 28 41 18 29 39 7 34 45 46 36 21
540 13 20 36 31 29 50 32 28 4 33 22 2 48 42 12 46 35 10 45 49 14 41 21 5 26 37 47 25 44 19 43 15 20 11 1 30 36 24 7
541 247 12 27 26 19 13 3 30 12 22 25 17 48 9 20 43 29 40 45 46 49 42 14 33 21 39 34 11 27 2
542 386 9 49 20 31 27 6 37 10 18 23 46 50 33 7 9 26 44 38 42 40 36 1 29 14 41 45 19 25 16 47 24 21 43 28 34 2 3 5 48 30 4 15 22 35 8 39 17 49 11 12 13
543 437 18 12 17 31 43 20 39 34 48 12 42 35 23 19
544 503 4 40 3 35 41 24 39 50 7 32 15 29 8 40 33 10 42 49 38 48 34 12 16 4 36 1 9 31 11 47 6 28 5 14 23 43 25 26 46 19 13 22
545 223 10 39 11 41 24 17 19 26 6 47 5 15 7 9 16 37 42 2 33 14 40 49 22 8 36 50 1 27 44 35 32 18 43 3 20 23 21 34 29 38 31
546 295 11 45 13 28 19 16 18 45 49 34 29 47 50 48 26 35 11 15 2 40 32 14 3 39 38 37 8 9 10 43 41 17 5 36 33 1 30 20 24 42 44 12 27 46 22 25 6
547 78 1 33 14 1 13 2 26 21 20 18 5 27 15 35 19 23 38 6 42 48 37 39 30 17 25 9 41 3 45 7 12 34 22 32 36
548 315 13 35 17 19 2 35 44 25 27 31 47 8 34 23 37 6 11 49 10 12 36 1 7 41 9 14 42 28 40 22 16 29 24 13 46 4 32
549 42 11 40 32 3 22 19 37 43 17 15 49 7 24 29 33 28 13 1 10 27 39 23 16 12 26 50 44 38 31 14 18 41 8 5 25 36 21 48 2 30 47 34
550 128 9 49 1 23 4 45 33 42 24 16 13 39 18 40 21 7 11 34 25 12 46 6 36 50 38 14 37 43 28 3 26 19 9 5 15 44 10 17 32 8 30 31 22 27 35 41 20 48 47 29 49
551 180 11 30 46 34 6 11 27 13 19 37 36 45 48 3 9 5 18 35 2 49 29 20 50 8 12 23 16 14 47 22 42 32
552 327 14 44 49 35 26 40 7 41 32 16 47 38 28 11 18 2 29 21 34 1 39 13 37 31 36 50 3 20 27 44 43 42 8 24 14 22 17 12 6 10 19 5 25 45 9 33
553 189 19 42 6 16 48 39 41 21 35 47 30 29 10 3 27 44 32 26 22 34 42 50 23 45 25 38 2 43 40 19 11 46 12 24 28 18 17 31 9 14 49 13 8 4
554 282 8 15 36 46 18 27 13 21 8 43 2 37 31 23 50 17 39
555 148 4 18 14 39 35 43 22 36 46 7 30 4 24 1 31 8 49 42 13 38
556 595 1 14 16 50 12 8 41 40 21 43 37 9 38 29 25 36
557 276 2 23 17 16 26 13 44 37 38 40 21 28 5 7 10 36 9 42 8 20 6 23 43 29 14
558 160 14 5 4 19 35 9 24
559 436 5 33 18 22 27 30 20 37 43 36 7 11 13 47 50 44 33 39 41 38 8 21 24 3 1 28 16 49 4 46 12 6 26 45 23
560 139 6 11 45 37 7 24 12 27 20 47 15 26 38
561 430 13 23 3 39 6 38 13 20 41 14 49 32 7 44 8 9 26 23 29 21 19 31 28 5 25
562 234 13 11 41 36 47 38 12 34 24 8 26 46 19
563 222 10 48 2 14 32 39 19 15 46 11 45 31 50 21 26 25 38 40 7 29 30 35 5 24 42 17 43 22 8 44 34 49 16 27 9 36 1 13 6 47 3 37 12 41 33 23 18 4 10 20
564 555 5 10 21 28 33 2 9 25 13 32 14 12
565 448 13 4 15 19 14 6
566 277 16 31 39 35 23 49 45 28 18 34 22 26 29 5 40 42 2 31 27 20 4 3 32 30 19 50 13 21 14 16 7 9 1
567 454 13 41 30 6 19 50 31 10 4 3 24 44 7 18 45 1 33 25 23 2 12 32 22 15 5 9 46 29 14 34 40 39 26 37 47 49 48 11 17 43 38 21 20
568 260 8 49 33 49 44 21 27 40 13 12 5 31 15 17 7 10 3 9 11 45 46 39 8 32 30 19 28 4 38 6 48 16 34 29 41 36 50 42 18 43 22 47 1 20 26 2 24 25 35 14 23
569 391 10 19 22 31 30 15 46 24 10 12 18 3 1 50 49 41 48 13 17 44 8
570 544 15 29 26 42 33 36 5 45 34 43 50 17 23 22 44 31 2 30 20 49 16 25 24 13 35 39 14 9 40 8 18
571 283 17 36 40 37 42 16 39 11 4 23 19 13 18 33 48 35 10 20 29 14 25 17 43 44 47 32 5 36 7 28 1 31 15 8 21 30 49 6
572 393 10 9 48 21 14 19 37 46 41 24 30
573 57 6 22 10 45 33 2 28 18 14 22 1 24 48 4 6 30 21 3 5 11 13 41 32 25
574 301 9 37 33 36 20 29 40 19 17 26 22 23 38 11 16 7 44 41 12 31 32 35 8 39 1 5 30 45 50 27 37 15 43 49 3 18 13 25 46
575 38 20 11 40 8 11 44 39 14 35 29 15 45 20
576 36 4 30 44 41 9 1 46 35 40 22 16 50 18 24 28 49 8 20 14 19 25 26 23 3 37 10 12 45 6 4 38 39
577 399 3 30 46 44 48 14 20 23 33 35 41 15 43 5 18 45 2 3 11 31 24 26 1 10 21 40 27 34 19 42 30 8
578 280 7 3 48 27 45
579 29 8 25 6 10 11 31 26 21 13 39 40 33 14 22 15 18 35 4 8 24 43 28 3 2 30 37 45
580 372 7 23 18 45 17 25 2 32 39 34 1 44 38 49 19 5 50 6 9 35 33 43 42 11 27
581 226 12 47 36 42 29 23 19 50 30 37 28 21 41 18 26 9 32 49 40 13 34 33 45 3 14 11 6 7 1 2 44 10 8 22 15 48 39 31 24 17 47 20 43 5 35 12 4 16 38
582 442 9 37 47 41 24 18 34 21 42 44 12 17 11 4 20 22 43 28 1 19 14 23 45 35 8 3 13 5 26 31 36 50 15 40 48 27 32 2 33
583 237 3 39 17 15 13 35 9 16 47 42 37 40 24 30 18 5 11 10 38 31 12 27 19 2 14 22 45 41 6 44 39 36 4 28 23 20 29 49 50 3 25
584 583 9 36 15 31 27 45 8 32 4 2 44 39 23 29 9 40 25 48 38 26 42 50 24 18 37 28 3 12 22 36 20 35 5 46 7 33 1 10
585 523 13 47 5 8 14 7 20 40 3 38 16 19 2 34 36 30 49 23 9 13 25 46 47 1 37 12 31 41 33 50 15 42 39 10 11 45 35 6 28 26 18 48 29 17 43 32 44 21 24
586 380 14 26 46 17 25 13 19 9 40 30 1 29 47 28 15 38 2 44 11 20 37 10 35 43 45 22 4 31
587 480 9 16 26 36 4 47 17 48 38 19 10 34 45 3 37 30 40 13
588 35 0 6 18 47 19 44 30 48
589 136 11 30 3 18 32 50 11 40 19 1 7 39 10 12 6 37 29 42 31 2 8 16 43 15 44 36 48 21 22 35 47 25
590 418 16 48 46 2 6 18 49 21 13 16 8 39 1 20 19 44 4 27 42 11 31 24 37 43 5 9 3 10 17 25 40 7 30 29 41 33 23 12 32 28 50 34 38 15 48 22 14 36 47 26
591 438 10 35 2 28 40 26 19 36 5 11 23 18 10 29 15 4 42 22 12 46 13 1 7 44 25 20 21 31 8 16 47 30 17 41 50 35 33
592 52 17 20 40 28 19 21 37 41 43 34 23 1 44 50 12 7 15 8 45 10 14 33
593 233 20 4 28 32 22 40
594 132 11 50 30 48 35 41 28 42 46 37 18 38 19 25 39 3 13 9 12 17 50 8 36 32 29 45 15 22 4 34 2 11 16 49 20 44 27 6 7 43 24 26 40 14 1 5 10 47 33 31 23 21
595 84 8 25 21 23 16 5 48 45 2 35 22 26 27 11 41 33 34 20 15 19 28 38 49 29 47 31 24
596 367 15 37 13 11 26 14 45 19 10 40 23 21 42 16 33 27 43 37 39 31 3 1 18 28 6 17 20 38 24 12 41 9 35 48 29 49 22 46 30
597 561 11 50 36 12 2 44 28 33 40 14 46 20 19 4 50 26 1 16 32 30 11 10 25 5 31 34 21 39 27 42 17 35 13 49 24 38 18 22 7 6 29 41 3 47 9 43 48 45 23 37 15 8
598 360 4 24 17 3 14 50 20 46 36 16 23 19 1 33 30 47 26 31 34 37 35 18 39 25 28 13
599 291 6 23 37 8 50 30 25 39 44 7 33 43 40 42 2 48 13 24 12 5 18 9 31 22 15
600 492 15 7 11 17 45 30 38 15 40
601 396 9 27 40 9 11 45 4 25 36 3 23 16 33 14 42 2 44 24 19 47 26 37 31 15 5 27 1 32 8
602 21 8 31 28 44 5 40 8 1 46 17 21 9 4 23 3 35 27 37 50 30 34 25 20 42 11 45 38 39 26 48 32 49 7
603 557 4 39 43 42 4 26 33 34 9 44 40 12 22 41 1 36 32 49 13 24 21 39 48 11 46 5 37 7 10 47 27 45 15 14 2 28 20 3 19 38 31
604 250 3 44 35 6 10 44 40 2 43 45 7 25 5 32 31 46 13 19 14 23 50 9 37 11 24 42 22 49 15 48 8 38 3 30 1 33 27 39 41 4 26 16 36 20 29 34
605 291 1 32 24 44 3 39 31 23 50 46 8 9 14 26 36 5 2 45 7 10 33 16 32 47 41 12 28 19 34 29 30 37 21 1
606 120 15 11 10 12 17 39 6 34 40 18 50 7 25
607 588 1 17 16 23 37 36 12 40 8 20 22 32 13 7 18 29 49 25 43
608 417 16 22 44 1 6 36 45 16 4 46 27 33 2 40 47 22 15 35 30 18 29 34 9 10
609 350 20 43 33 31 36 20 26 24 23 5 10 28 17 11 14 4 12 39 19 47 41 27 43 22 37 1 7 18 46 25 29 34 3 44 48 30 9 49 40 6 42 13 8 2 16
610 573 13 31 19 39 40 22 10 4 28 15 45 5 25 26 37 44 42 2 20 7 13 8 23 34 18 30 33 32 3 50 49 31 24
611 564 9 48 27 1 42 44 36 29 20 22 10 2 49 25 17 50 13 47 9 35 14 31 28 12 3 30 18 43 41 16 46 23 34 21 45 11 48 24 19 40 8 5 32 26 39 37 6 7 38 15
612 380 18 7 4 2 25 19 23 20 42
613 516 10 19 16 9 48 49 40 23 5 43 20 19 14 3 46 37 34 33 27 2 24
614 328 7 49 48 25 23 38 41 43 5 7 27 19 15 13 12 9 3 6 34 45 35 21 11 33 31 26 17 50 39 22 36 29 18 24 46 8 14 10 42 49 37 40 32 4 30 1 16 20 44 47 2
615 436 15 37 24 48 14 36 30 28 8 34 23 9 12 27 45 37 42 41 32 6 7 35 20 1 26 40 4 46 43 21 2 19 50 17 31 15 47 39 16
616 213 12 44 9 42 50 18 15 37 34 35 36 48 5 16 13 32 41 46 4 27 40 24 30 10 11 21 20 39 44 17 7 45 14 22 26 23 19 38 3 1 43 49 25 33 47 31
617 437 19 48 42 4 43 40 38 12 16 14 50 39 34 9 10 48 49 3 25 35 47 30 29 27 21 20 28 11 46 17 19 22 45 2 15 31 44 32 26 1 23 6 37 13 33 24 36 41 8 5
618 491 7 21 7 47 48 42 39 17 18 1 50 6 8 11 37 22 25 10 43 36 35 2 45
619 273 4 17 21 13 19 1 38 32 27 7 12 17 47 25 50 49 44 14 23
620 51 16 12 7 1 15 36 19 16 26 29 39 30 14 35
621 303 8 10 50 33 6 4 12 7 1 16 31 17
622 231 17 35 5 12 21 6 27 37 49 32 28 44 45 29 8 46 25 15 48 33 24 43 47 2 41 30 50 22 7 38 26 23 1 13 42 4 19
623 422 8 8 12 25 17 42 47 16 43 30
624 32 2 42 5 19 44 46 29 22 20 6 23 43 15 41 25 13 40 24 36 34 28 16 47 1 39 3 50 31 38 9 27 17 8 32 37 45 18 14 30 7 4 10 42 33
625 450 5 39 40 8 6 2 24 33 5 46 21 22 25 27 42 7 49 37 11 12 50 43 44 14 41 18 17 47 31 10 32 28 38 16 13 30 4 1 34 39 15
626 27 13 40 1 21 13 43 34 27 19 32 23 50 26 28 22 37 25 31 14 41 2 39 16 11 45 24 29 38 46 30 20 44 10 33 4 48 3 12 5 7 47 40
627 205 3 49 28 17 12 37 14 22 40 6 48 1 4 27 21 44 31 41 34 3 11 47 29 10 23 38 7 49 13 36 25 32 5 46 33 18 16 20 26 19 24 8 15 42 30 9 43 2 39 50 35
628 18 8 8 10 43 23 19 20 35 6 1
629 56 5 44 16 45 20 30 35 18 37 10 17 5 32 48 6 47 12 41 34 2 23 7 27 4 3 46 9 38 21 36 11 50 28 15 8 39 25 24 1 33 26 49 13 14 42 22
630 102 17 5 32 36 24 39 14
631 19 9 17 18 7 12 30 32 39 47 48 22 20 21 27 1 43 24 42 41
632 346 2 31 27 45 17 11 21 41 28 12 30 32 18 25 10 23 35 26 48 9 50 49 8 46 39 19 5 42 24 40 13 37 31
633 564 0 34 46 12 23 48 1 7 34 47 18 37 26 5 21 14 32 16 44 49 36 43 8 29 19 13 30 27 41 4 15 28 20 40 33 45
634 388 14 45 42 40 32 48 14 30 50 25 29 27 16 43 22 49 2 44 39 12 35 47 7 23 33 8 20 38 28 9 1 26 45 41 17 4 24 13 31 15 6 37 18 11 10 3 21
635 423 1 5 45 35 42 9 36
636 344 6 13 22 20 42 33 37 12 48 32 3 49 39 14 6
637 214 18 31 43 28 46 25 7 8 18 44 6 12 5 36 24 22 31 2 15 35 47 39 21 17 40 13 49 45 42 32 14 4 1
638 439 18 48 13 17 15 31 3 8 47 18 25 41 9 5 19 6 34 11 43 10 14 27 44 38 2 22 45 35 12 48 20 32 29 26 24 36 49 28 23 21 42 1 39 30 37 4 50 33 46 16
639 50 19 38 10 26 39 5 7 33 36 8 13 50 30 41 28 19 23 20 15 24 1 49 17 25 11 42 12 2 43 47 46 34 3 32 48 31 44 6 35 21
640 214 17 45 25 39 28 15 7 46 30 14 37 5 18 33 8 3 40 1 42 16 22 38 45 11 19 21 44 47 43 9 29 17 41 20 4 26 6 36 49 10 35 32 48 31 24 13 2
641 443 8 49 21 22 41 43 48 20 36 12 50 42 39 40 37 1 5 45 17 28 23 2 49 29 13 34 4 6 26 38 31 7 35 14 32 8 46 9 16 44 47 10 24 11 30 25 18 3 27 15 33
642 105 11 47 2 12 20 4 15 17 19 31 24 35 11 7 46 1 25 41 43 23 38 30 44 8 6 18 49 36 13 50 27 45 22 37 34 47 16 10 9 3 42 29 26 5 40 39 48 32 28
643 306 8 21 27 45 4 48 31 8 13 38 10 30 47 43 23 42 7 33 2 11 41 20 17
644 362 2 11 36 23 22 49 26 48 17 38 21 41 14
645 355 10 9 13 48 4 46 40 2 45 3 10
646 220 9 46 1 47 36 13 14 42 19 50 31 24 21 26 6 35 11 33 15 16 41 44 17 39 5 46 23 22 18 45 8 34 7 43 3 48 38 40 49 29 10 27 30 12 28 9 32 20
647 553 5 29 6 32 15 8 36 40 20 26 23 27 25 10 38 4 11 21 12 19 30 14 22 42 18 2 35 44 7 24 48
648 156 7 25 28 11 10 21 5 18 33 13 6 7 31 29 16 1 17 15 14 25 40 44 19 4 2 24 9
649 478 18 44 20 19 27 15 37 16 36 29 30 14 32 25 6 12 28 45 50 47 23 3 17 39 35 38 9 24 8 7 11 13 22 41 1 42 46 5 44 2 40 26 18 4 49 10
650 349 16 10 35 45 2 38 20 22 46 32 11 50
651 588 14 41 44 32 9 15 11 42 3 23 4 45 50 2 41 39 48 5 35 31 47 27 37 46 1 16 33 21 28 40 19 10 13 30 8 34 17 25 18 14 43 22 7
652 411 9 1 37
653 346 13 43 33 29 18 2 27 48 16 5 6 49 30 10 13 25 46 44 17 45 36 9 11 1 4 21 32 15 34 28 43 19 26 35 3 50 14 37 38 40 12 41 31 39 24
654 54 1 31 26 31 48 30 22 21 38 33 35 14 3 47 4 2 28 7 39 45 19 44 13 10 40 5 17 34 49 42 46 18 20
655 350 5 8 30 42 41 13 34 1 35 25
656 223 9 40 7 25 9 36 46 27 50 20 43 38 30 39 26 17 11 6 48 21 31 47 3 42 12 35 22 15 23 4 32 41 24 37 29 45 44 33 13 49 8 10
657 270 4 4 36 2 13 29
658 68 0 44 7 38 30 39 45 15 1 4 11 44 23 32 29 49 48 41 25 27 24 12 10 19 33 42 5 14 37 46 18 21 34 6 36 35 31 43 50 16 22 40 9 17 3 2
659 32 15 41 48 25 23 4 27 31 44 41 18 9 26 43 38 19 39 45 8 40 7 47 28 35 36 37 13 12 33 3 21 32 5 30 49 24 14 1 46 20 50 15 17
660 244 18 38 25 10 16 2 35 45 36 43 24 1 14 40 5 22 37 15 26 20 17 3 31 28 39 12 38 6 30 18 21 23 9 27 11 41 49 50 7 33
661 13 13 16 44 14 21 28 9 8 26 7 20 39 25 4 19 35 12 40
662 361 10 49 7 3 22 26 4 40 27 42 43 38 10 47 32 31 33 18 48 30 35 29 44 2 20 25 28 11 13 9 5 14 23 21 19 12 49 15 50 16 41 34 24 39 8 1 46 45 6 17 36
663 59 2 43 33 34 18 39 17 44 30 38 2 41 20 24 10 8 11 1 14 21 25 28 40 22 50 26 27 3 49 5 13 42 7 15 16 29 19 6 43 9 36 4 23 48 35
664 199 20 28 38 41 8 16 29 25 19 22 45 40 49 47 20 4 13 1 36 18 26 50 17 6 21 33 27 43 24 2
665 589 9 40 1 13 33 26 34 3 17 22 37 41 8 48 6 44 23 29 20 2 11 5 15 19 21 43 10 36 30 4 47 7 25 42 35 24 31 46 9 38 27 50
666 404 16 42 50 49 15 2 45 3 12 33 44 29 23 19 18 30 8 6 10 11 1 39 21 5 35 32 27 14 26 36 28 47 20 13 17 38 46 31 9 42 41 48 24 4
667 572 0 42 42 8 18 4 39 23 48 5 15 1 47 50 32 35 31 29 43 28 10 7 33 34 9 41 19 2 13 16 20 25 46 22 26 17 21 24 14 11 30 37 38 27
668 407 17 31 34 11 48 5 4 41 25 24 38 6 12 32 50 27 19 35 28 1 8 30 26 7 49 10 29 14 13 43 33 36 22
669 93 15 17 32 14 23 47 11 46 13 20 12 1 24 31 50 18 29 25 36
670 16 6 39 34 13 24 4 10 16 9 33 15 17 3 7 28 32 27 14 43 22 1 45 49 46 21 39 35 50 23 38 41 11 44 12 47 8 36 31 42 30 18
671 18 10 27 41 22 18 4 48 34 38 40 37 30 31 12 19 3 1 27 49 16 8 5 39 36 28 42 50 26 33
672 149 17 15 49 15 8 21 2 7 22 25 48 5 41 47 35 20 29
673 517 20 14 46 12 38 35 3 44 36 29 50 2 6 26 24 14
674 543 14 40 32 20 24 9 22 33 25 44 4 34 46 23 27 42 1 18 50 26 14 10 6 2 7 21 29 49 39 41 11 3 45 35 40 12 43 17 15 13 28 5
675 355 11 40 22 44 42 41 8 5 48 49 16 15 24 43 28 34 7 32 30 29 2 31 35 33 10 21 1 25 13 9 23 3 50 39 36 12 4 46 20 38 18 26
676 420 12 43 50 47 31 15 24 46 10 37 43 22 9 18 26 48 12 32 39 25 30 28 21 2 40 13 29 35 19 36 6 3 11 41 4 23 1 8 34 44 5 38 42 20 27
677 469 16 8 26 35 39 25 47 41 34 14
678 148 4 18 10 22 11 13 3 38 43 12 46 45 26 27 14 19 28 9 40 48
679 455 9 19 20 49 18 32 5 42 30 2 22 9 31 16 28 35 39 37 45 7 38
680 284 19 7 13 24 45 34 46 41 28
681 96 14 3 15 47 42
682 590 12 28 14 25 38 4 28 48 40 15 45 50 13 19 16 18 9 31 32 47 1 33 7 30 43 11 39 12 42 44
683 596 4 13 20 7 43 44 25 37 28 22 40 23 30 38 41
684 55 19 41 37 17 16 35 47 44 12 31 21 42 11 30 18 50 49 7 45 14 38 6 24 15 43 22 48 2 19 32 20 36 5 4 41 28 39 29 9 34 27 3 1
685 337 14 4 36 7 34 5
686 374 2 30 3 15 18 22 46 28 5 17 45 50 38 10 19 43 20 7 24 2 36 44 13 6 11 35 33 4 29 39 42 31
687 389 9 42 18 5 34 10 1 36 32 14 7 25 47 27 17 3 33 8 23 13 46 38 6 16 43 31 11 35 29 49 28 42 48 50 30 24 44 26 40 19 45 4 2 15
688 179 8 48 11 44 35 7 48 40 29 20 21 36 37 30 1 43 39 46 26 31 50 27 6 14 13 28 19 16 10 8 5 15 45 23 38 32 25 3 4 2 24 17 47 33 34 41 12 9 49 18
689 225 9 10 16 22 13 30 21 27 36 12 7 26
690 196 15 49 6 36 39 27 40 10 30 22 16 46 18 48 2 23 37 33 45 44 32 25 3 4 31 12 11 15 1 14 7 5 17 29 50 21 41 28 34 43 42 35 20 47 8 9 26 38 13 19 49
691 342 15 29 16 4 50 31 29 38 3 30 25 5 33 41 11 9 6 43 19 22 48 1 46 10 24 20 39 8 15 18 34
692 294 11 33 28 38 48 44 10 24 2 20 33 7 36 5 27 17 30 35 42 34 8 11 46 19 47 32 49 50 37 39 29 16 1 25 21
693 247 15 46 40 8 48 10 12 22 5 50 29 43 37 36 13 27 41 3 32 2 14 35 4 19 47 11 46 9 38 24 42 17 28 30 23 25 1 49 15 34 18 39 44 20 7 31 6 21
694 485 11 21 24 47 43 37 38 1 40 3 14 17 7 20 48 30 6 5 42 28 49 50 10
695 283 13 2 49 40
696 124 9 21 12 4 25 29 45 37 6 32 8 26 23 15 19 9 11 22 10 21 34 50 18
697 164 7 1 6
698 235 12 50 9 48 49 46 26 36 40 21 42 7 45 47 44 30 20 18 39 13 19 38 6 32 22 27 35 17 23 28 11 25 24 1 12 3 41 43 33 16 34 29 8 4 37 2 15 31 10 14 50 5
699 332 15 38 17 19 9 38 46 25 33 45 28 7 6 11 37 35 22 3 32 10 2 43 42 34 26 24 48 8 41 15 27 49 16 12 21 47 18 39 36 14
700 270 5 34 17 48 41 45 27 35 19 38 11 20 25 31 6 39 3 5 23 1 14 4 37 13 44 29 15 34 47 30 7 50 43 9 42 16
701 62 8 15 29 44 49 13 16 47 5 32 50 40 1 39 15 17 24
702 204 17 48 33 27 8 46 28 10 36 12 34 19 1 38 5 43 14 11 32 16 26 40 47 21 30 2 49 29 39 6 37 4 48 22 25 45 50 42 3 44 18 41 20 24 31 15 35 7 23 17
703 52 1 45 23 26 3 5 11 1 36 31 40 22 4 24 43 47 16 25 12 7 50 46 27 6 41 33 48 28 8 20 17 49 34 32 30 18 14 15 2 39 10 13 45 19 38 42 21
704 586 15 16 1 24 37 8 44 46 18 25 19 30 11 4 20 5 16 14
705 174 4 46 49 31 4 36 8 16 18 19 34 13 12 35 27 6 42 45 11 50 46 39 24 20 29 23 14 25 9 17 5 22 41 10 44 2 3 21 1 48 37 15 33 40 43 32 30 7
706 412 8 43 44 21 31 5 28 49 45 41 36 24 26 9 19 33 2 11 30 32 43 27 22 16 46 14 12 3 20 25 1 7 35 10 50 8 47 40 15 37 18 34 39 38 29
707 441 6 37 39 7 32 31 35 42 19 20 22 47 17 10 49 6 3 25 13 46 45 33 24 29 43 26 8 44 28 23 37 11 14 18 21 16 38 2 30
708 365 3 47 1 5 10 46 45 50 27 37 8 31 13 24 7 39 3 34 47 22 26 48 20 29 14 12 23 16 28 2 19 42 9 6 25 32 35 4 49 38 43 30 33 15 41 17 11 40 44
709 129 6 12 24 11 34 23 19 10 14 31 30 47 39 1
710 507 6 35 16 18 45 23 22 8 4 38 3 30 33 41 12 48 21 49 20 29 46 10 47 15 2 39 36 9 31 5 40 35 17 7 42 13 19
711 68 13 9 5 35 50 10 1 37 33 39 44
712 225 19 17 23 46 5 4 19 47 24 28 38 14 41 49 1 30 48 45 16
713 551 13 11 11 37 26 28 12 23 7 40 21 32 20
714 385 4 5 30 29 50 24 26
715 145 18 28 1 29 32 15 11 36 25 23 34 20 16 39 7 13 12 10 17 41 37 24 27 30 33 38 26 35 4 40
716 499 12 49 46 39 1 27 19 17 13 14 40 22 44 15 11 10 50 41 23 7 26 47 8 12 2 4 43 32 48 49 3 21 45 37 16 31 20 29 36 34 33 18 9 6 5 35 42 25 28 30 38
717 493 4 5 47 40 13 32 11
718 216 4 46 21 34 40 12 39 3 20 30 46 33 13 26 45 49 14 10 37 2 36 24 5 8 23 50 44 6 15 43 17 16 4 9 28 27 48 22 35 31 47 11 19 32 42 7 41 38
719 426 0 19 27 6 39 47 1 13 21 4 38 34 22 9 15 23 7 3 24 44 8
720 337 15 40 36 34 9 35 44 45 48 30 25 26 16 38 4 31 6 47 18 22 24 33 37 28 23 13 11 3 27 43 19 12 20 10 1 42 2 49 14 39 41 29
721 286 2 11 47 40 8 46 32 16 23 44 21 36 37
722 276 13 45 36 19 31 7 44 12 21 49 39 23 17 16 5 47 43 50 14 35 37 4 20 42 32 29 26 48 41 9 10 40 46 11 18 25 3 27 8 24 6 2 45 38 28 22 30
723 484 17 38 7 3 50 41 30 18 15 19 20 36 10 27 34 13 31 38 42 49 1 11 39 5 2 17 12 6 24 14 26 47 23 40 28 16 43 8 25 21
724 328 17 42 1 9 31 23 24 7 45 20 15 19 11 22 49 13 50 48 2 28 37 14 29 47 46 25 42 39 6 17 16 34 44 32 5 27 30 21 3 4 10 12 43 8
725 88 2 7 46 9 5 36 16 38 48
726 209 17 35 50 24 31 6 26 5 25 13 2 8 4 18 19 43 35 45 48 41 16 11 49 10 29 34 28 21 14 36 27 3 37 33 47 1 17
727 184 19 45 39 36 34 40 6 31 48 23 22 13 27 12 35 5 9 19 18 42 14 32 33 3 11 30 44 49 47 16 8 25 24 28 2 45 21 4 15 26 41 38 50 7 29 37 20
728 268 3 21 24 43 23 35 47 8 30 38 42 29 16 12 1 17 6 22 2 49 3 48 36
729 534 11 20 1 22 50 41 28 49 24 29 4 17 33 23 45 31 6 48 46 34 32 7
730 580 16 42 24 11 3 18 10 30 13 8 23 7 16 43 26 4 19 27 17 5 20 35 39 15 22 1 6 37 46 40 45 48 38 32 49 34 50 29 2 21 25 12 9 14
731 349 19 2 6 28
732 92 7 21 13 15 39 16 50 1 17 6 33 38 10 11 20 28 25 35 26 21 49 22 37
733 165 4 7 43 4 13 22 11 19 26
734 331 8 4 50 6 29 42
735 345 1 43 21 25 6 20 3 17 16 45 33 19 44 10 13 4 8 41 36 5 38 29 35 50 27 46 32 37 49 26 14 28 11 1 23 18 39 24 48 22 2 15 31 47 30
736 253 20 28 49 14 46 16 22 28 11 20 3 35 4 29 6 34 39 17 36 21 31 10 12 9 19 37 44 38 47 1
737 276 14 43 29 22 40 13 33 1 3 32 12 4 23 42 16 47 27 25 9 50 10 8 18 2 5 6 24 39 46 19 48 43 45 21 15 11 34 7 14 37 17 20 28 35 38
738 28 13 39 39 19 14 47 3 18 27 38 11 46 40 37 41 7 12 34 29 24 45 5 17 42 4 33 36 30 22 25 32 9 44 16 1 31 35 50 23 8 28
739 459 10 5 36 50 25 28 7
740 405 3 11 47 38 44 30 20 16 40 11 1 41 22
741 274 0 35 31 20 10 21 47 29 27 50 2 40 28 30 37 19 43 15 35 48 18 25 42 6 24 1 16 14 46 34 4 36 5 32 3 45 39
742 406 8 49 24 33 6 12 22 44 11 3 49 21 18 47 50 27 17 25 42 30 36 40 14 28 34 39 26 48 1 35 38 41 7 13 15 46 29 23 2 20 10 37 5 19 8 16 9 31 4 32 43
743 379 0 32 18 25 3 30 31 8 28 49 27 19 40 37 13 23 33 1 32 7 39 11 38 36 12 15 35 47 45 41 22 50 21 29
744 317 8 1 16
745 377 1 38 30 27 44 14 20 42 5 21 49 29 39 4 11 7 10 12 32 6 35 23 18 24 19 43 47 22 45 28 38 16 50 37 33 46 48 13 34 31
746 308 15 44 45 5 18 23 32 50 15 9 28 25 14 35 48 37 49 17 46 24 19 3 36 38 1 12 2 33 34 20 11 40 26 22 8 16 44 6 21 31 13 41 10 47 30 7
747 385 16 21 1 46 34 36 37 16 27 23 20 13 44 4 49 22 41 32 40 10 28 6 14
748 35 1 28 15 18 29 26 7 39 5 25 33 44 46 14 13 10 2 4 8 37 45 36 48 3 30 28 35 32 9 17
749 319 14 25 20 21 5 17 44 45 29 42 11 50 18 9 37 31 22 28 41 48 24 34 1 7 49 4 30
750 137 16 43 20 6 33 14 36 10 16 39 11 31 28 19 27 35 2 46 24 13 47 21 22 15 44 1 32 8 50 34 45 7 18 38 48 30 23 3 4 29 41 26 37 40 17
751 203 16 22 4 15 43 10 39 50 49 21 2 28 9 38 35 11 26 3 33 47 45 30 23 25
752 32 2 17 35 13 8 15 6 21 27 39 17 36 2 4 43 25 45 20 14
753 35 17 26 42 3 15 44 36 22 40 38 25 20 33 30 48 9 39 17 29 26 10 35 23 11 5 43 21 1
754 462 5 6 50 14 34 13 2 16
755 114 8 14 13 3 32 24 26 12 14 37 17 11 50 22 18 10
756 46 16 14 50 49 45 42 18 6 1 24 11 44 32 16 25 4
757 76 0 47 21 3 26 32 47 8 30 44 25 4 39 7 10 19 6 45 43 18 11 23 46 29 16 31 22 24 36 41 1 2 40 20 33 13 28 42 27 12 5 38 9 50 49 17 34 48 37
758 425 3 18 47 17 26 9 32 30 46 41 44 27 38 43 29 39 16 34 15 33
759 571 19 2 36 38
760 113 8 33 46 31 36 34 33 1 38 42 32 10 39 40 11 23 16 27 24 37 22 7 13 44 29 28 49 41 45 2 17 47 6 9 30
761 217 0 50 47 50 25 6 20 40 46 42 10 13 30 4 48 8 31 14 28 43 38 36 37 22 35 18 1 3 29 11 24 17 26 9 2 33 5 16 49 39 19 41 21 23 45 32 34 44 7 12 27 15
762 107 4 36 42 22 28 6 19 18 20 30 21 36 49 24 12 16 41 29 37 44 4 26 48 50 33 7 34 39 40 14 11 23 32 17 9 25 46 27
763 540 6 19 14 13 16 32 11 50 48 15 46 22 33 27 35 5 30 10 31 23 6
764 216 10 14 37 22 50 7 26 29 18 43 15 34 27 35 5 46
765 542 3 11 40 49 48 18 37 21 38 22 8 12 34
766 11 2 20 15 47 21 23 17 36 49 7 39 46 26 25 31 12 42 9 38 50 6 24
767 12 12 19 47 48 12 40 38 42 32 1 15 45 20 9 36 34 26 21 13 27 8
768 381 9 9 42 28 27 48 50 38 35 10 33
769 141 0 44 19 26 46 4 25 43 39 44 20 13 15 7 14 29 35 6 33 11 21 22 18 30 2 3 49 17 28 23 8 48 47 50 31 40 24 9 34 5 1 38 27 37 42 32
770 532 18 43 47 46 22 21 33 7 5 28 12 30 20 6 43 50 11 44 9 29 38 40 19 48 31 26 45 17 49 36 4 1 13 15 42 10 35 24 37 27 32 41 23 34 18
771 208 11 37 7 41 33 14 50 22 25 43 23 10 2 24 18 44 4 15 34 6 39 42 32 46 37 1 19 12 27 9 13 28 49 30 17 48 20 29 31
772 493 7 26 3 49 16 35 48 38 1 28 42 43 11 39 50 30 31 26 21 14 41 13 33 7 47 27 10 34
773 399 2 20 34 49 37 15 38 43 4 44 12 29 11 25 20 32 2 23 21 47 9 10
774 483 14 32 34 14 23 43 22 5 26 31 33 1 19 11 45 37 21 6 48 13 12 50 15 18 44 32 16 38 10 25 9 40 2 30
775 277 11 27 40 38 46 42 4 13 48 25 39 34 36 16 15 41 49 3 50 33 1 23 10 5 6 43 7 31 26
776 300 17 24 14 1 28 12 26 9 39 23 32 19 31 41 18 6 16 13 48 15 8 20 35 42 30 21
777 319 19 30 23 48 28 46 7 17 8 12 24 42 26 30 47 45 20 43 33 15 50 16 31 19 38 6 10 37 18 32 1 41
778 511 10 43 34 17 33 15 19 1 22 12 48 38 31 46 3 25 36 16 44 43 29 39 37 7 32 14 30 21 6 23 28 41 35 2 26 40 4 13 27 10 42 11 5 8 50
779 398 14 44 26 41 49 35 44 47 48 21 23 11 5 9 20 38 25 2 7 45 10 12 22 8 27 29 16 14 30 13 19 39 33 17 6 3 40 15 4 37 32 1 24 43 50 34
780 575 3 5 37 26 41 21 27
781 444 13 38 11 33 7 40 21 30 23 31 13 22 2 15 24 34 37 32 48 41 35 38 47 50 49 4 17 27 10 46 36 14 1 9 28 44 8 16 12 29
782 57 12 9 20 21 16 22 31 33 32 12 48
783 560 9 6 14 43 24 37 39 22
784 168 15 11 46 2 15 11 42 33 48 49 27 38 9
785 472 6 23 26 7 27 22 19 50 20 41 16 29 33 4 36 34 23 40 25 15 12 3 17 31 28
786 454 4 34 10 29 47 5 44 12 14 45 25 30 4 27 24 21 23 17 18 42 2 31 49 6 36 39 28 15 41 9 3 7 19 43 33 46
787 359 1 1 27
788 400 9 5 43 1 13 29 5
789 216 20 10 41 50 30 35 27 11 7 36 47 8
790 188 6 40 1 36 41 42 39 11 6 23 49 29 35 37 40 8 26 25 12 13 48 38 45 24 44 16 7 19 18 32 2 46 9 34 50 28 27 43 21 3 47 14
791 261 6 11 38 40 31 28 4 10 7 30 12 1 14
792 327 9 3 26 20 30
793 422 8 22 30 34 19 49 17 27 25 11 40 16 28 35 1 2 15 13 14 6 33 44 36 21
794 51 20 7 28 24 50 15 46 32 23
795 253 4 20 45 28 38 50 18 49 20 8 31 44 35 29 14 16 13 5 27 7 42 2
796 116 10 38 43 47 44 23 12 38 42 35 26 50 2 48 16 49 30 5 24 41 15 34 3 4 22 28 31 19 11 7 32 33 21 25 18 1 10 45 46 36
797 544 18 4 9 17 25 10
798 529 17 37 45 40 25 14 38 43 15 46 47 42 30 26 6 11 28 1 35 34 39 29 7 13 8 5 17 9 2 10 37 18 12 44 32 31 41 49 3
799 359 17 36 6 1 8 33 30 49 15 4 22 3 14 38 13 42 19 29 41 7 27 34 26 45 44 32 43 18 40 12 16 21 20 5 23 37 47 31
800 101 8 4 41 37 20 14
801 31 12 28 38 41 27 43 21 18 12 19 6 44 28 23 25 48 50 8 37 40 32 16 5 11 7 47 31 24 35 13
802 72 10 14 32 47 7 33 17 29 25 49 14 34 19 21 1 35
803 504 2 23 38 31 41 45 49 32 43 22 18 47 30 35 29 26 3 37 21 13 28 27 14 7 23
804 272 8 38 33 5 39 16 29 18 10 7 49 8 40 6 23 31 50 36 41 35 30 21 42 17 46 3 22 20 19 12 9 44 45 1 27 32 43 2 15 26
805 180 8 35 43 11 10 26 32 20 8 7 47 46 15 23 48 13 38 41 24 27 1 28 17 50 29 33 4 5 18 36 16 9 19 22 44 49 45
806 292 3 23 35 27 17 28 10 24 13 32 18 4 23 19 9 36 15 1 2 42 31 25 33 47 20
807 361 5 7 44 36 23 3 18 49 26
808 357 0 12 21 34 14 7 15 31 2 46 28 16 36 22
809 580 4 38 13 50 19 28 15 38 18 37 36 27 45 20 33 44 26 30 7 24 35 21 47 49 46 11 48 3 9 42 1 5 4 17 6 32 43 39 31 10
810 146 19 32 18 15 16 34 14 48 23 44 21 1 29 7 3 2 47 36 38 40 28 11 17 35 49 31 13 19 39 5 4 24 10 46
811 330 9 22 38 2 48 8 34 5 47 40 28 41 22 21 14 45 10 37 26 17 27 35 46 3
812 476 14 13 6 26 38 12 27 31 32 1 23 28 42 19 9
813 475 2 4 47 38 16 4
814 267 10 43 19 17 1 26 34 10 43 23 2 40 18 22 42 37 33 9 41 11 14 28 46 7 32 39 20 3 35 24 8 4 36 44 6 38 48 13 25 50 16 45 21 15 30
815 162 2 32 32 46 45 4 27 24 18 41 6 34 43 35 2 1 10 39 26 11 48 3 50 33 49 9 23 40 47 16 15 25 44 29
816 368 12 29 34 40 5 47 26 36 7 10 24 4 42 15 3 37 20 1 32 25 12 31 45 13 8 33 30 38 23 49 14
817 433 16 19 31 45 7 19 6 32 44 9 11 37 41 26 30 49 29 43 36 27 47
818 174 8 21 15 42 25 21 10 17 50 29 46 44 18 6 26 4 33 20 37 23 5 45 24
819 100 6 13 39 28 17 33 36 42 12 22 37 35 2 46 10
820 185 5 29 25 1 5 34 17 32 8 49 21 31 11 10 36 24 27 3 47 43 9 22 40 48 38 42 6 12 18 14 50
821 257 8 39 40 26 42 5 7 20 29 25 24 35 48 23 34 43 11 6 39 16 10 19 44 2 38 8 50 45 41 9 3 22 33 27 37 14 31 28 17 12 32
822 507 17 39 27 23 10 19 11 43 37 42 49 35 18 33 48 45 8 44 5 16 24 20 15 30 29 41 14 6 28 3 4 36 26 40 9 13 38 25 12 22 46
823 544 0 24 37 7 33 21 44 23 2 9 6 31 34 43 22 3 29 35 47 50 14 49 25 45 19 15
824 389 15 50 33 37 31 28 9 24 36 29 23 7 32 46 35 11 4 12 50 27 2 8 42 41 48 6 10 14 39 19 30 13 20 49 21 38 34 47 16 40 45 26 3 15 22 5 1 43 44 18 17 25
825 92 6 33 19 22 20 5 32 48 26 39 40 46 11 18 13 28 30 44 41 29 10 25 34 16 21 42 15 12 7 27 47 9 2 33 1
826 455 4 4 50 28 32 21
827 429 2 17 16 11 39 13 31 18 1 32 24 38 46 19 6 37 36 49 34
828 300 1 3 1 22 43
829 510 0 8 13 32 40 4 27 50 16 48
830 568 18 23 48 31 43 32 21 29 11 22 39 37 33 24 7 20 6 19 42 28 45 34 30 40 9
831 164 2 19 10 40 20 8 35 38 42 43 13 32 28 47 44 2 17 41 50 30 5
832 39 12 31 17 11 10 38 25 30 19 20 26 6 8 22 33 47 27 13 15 14 24 49 2 34 18 44 21 4 35 42 3 37 12
833 529 13 36 36 9 38 27 24 28 19 17 35 43 15 4 11 29 13 39 34 20 45 16 48 37 41 18 42 3 49 31 50 46 14 23 8 6 7 2
834 155 15 50 44 10 42 30 39 4 1 5 14 2 41 33 19 48 9 38 26 21 27 12 22 11 6 40 28 15 45 23 25 46 43 7 31 20 47 17 24 34 13 32 35 50 36 8 29 37 16 3 18 49
835 195 2 27 18 44 8 30 16 38 31 10 48 28 41 23 4 5 19 26 39 2 13 12 25 40 49 9 27 11 33
836 448 6 40 26 16 47 17 34 20 3 41 42 2 7 10 1 28 40 36 18 11 21 15 4 48 25 44 22 12 33 43 49 38 50 14 32 13 37 46 35 9 6 23
837 201 11 43 15 23 48 24 31 27 49 28 11 40 29 32 13 6 33 19 22 12 39 37 5 14 44 30 43 7 2 8 25 46 47 9 36 35 1 41 10 20 3 34 42 26 38
838 20 3 45 26 49 44 12 15 14 1 36 37 5 33 39 11 46 6 43 30 50 28 23 4 8 3 19 27 42 21 31 17 29 25 24 34 41 47 22 7 45 16 9 40 48 13 32 35
839 332 7 48 8 40 4 27 42 1 10 18 36 7 23 39 16 24 38 35 28 41 11 2 26 47 48 32 30 21 29 45 25 44 5 15 50 43 37 9 19 33 12 34 3 22 46 14 17 13 49 31
840 273 0 36 14 13 27 25 22 9 30 6 17 34 23 45 16 10 24 7 35 40 18 2 12 49 3 31 44 32 11 43 33 21 28 50 8 20 4 38
841 286 8 20 16 47 31 27 3 48 24 29 10 13 42 9 49 22 41 15 30 7 2 21
842 415 5 16 8 40 48 45 16 1 31 21 26 34 30 15 12 20 28 3
843 485 14 14 25 1 37 11 32 38 4 5 43 16 12 36 40 44
844 456 6 43 2 37 1 49 20 5 45 11 46 35 9 25 26 18 36 32 22 3 47 27 21 50 17 41 39 8 14 23 44 16 10 42 7 19 34 13 31 28 4 30 43 40 24
845 140 15 50 46 26 40 50 32 16 9 49 8 21 2 19 30 13 42 35 20 23 12 7 11 14 10 22 5 34 36 39 43 15 18 3 41 25 1 47 28 27 4 48 38 24 6 37 45 33 31 29 17 44
846 531 8 42 43 41 40 8 28 22 15 10 42 19 45 38 30 23 16 47 34 7 36 5 24 9 11 35 37 3 26 12 44 46 20 18 31 14 49 25 27 13 6 17 4 39
847 105 5 38 14 37 50 5 12 16 39 30 44 19 13 47 28 38 27 25 26 24 11 23 43 6 49 36 40 33 35 41 21 22 32 46 17 20 42 31 4 3
848 316 7 15 48 32 23 38 44 21 5 45 33 24 20 19 10 49 14
849 115 14 1 20
850 277 6 43 10 21 38 2 34 28 37 30 43 20 14 12 19 18 1 44 24 36 32 15 5 17 31 35 40 29 8 13 22 7 26 49 45 9 41 27 50 39 25 47 4 33 42
851 299 12 4 17 49 9 26
852 297 15 30 43 2 11 48 17 9 46 15 3 45 20 10 23 28 26 25 1 30 36 6 14 7 8 32 18 50 4 39 31 40
853 491 12 21 25 50 39 37 27 8 42 29 13 14 48 1 2 49 40 35 3 38 10 11 47
854 279 6 7 26 20 44 3 1 48 2
855 41 0 8 23 38 7 36 20 45 28 46
856 509 8 16 49 9 8 13 5 19 30 27 16 2 32 39 31 37 12 21
857 26 20 13 48 3 14 1 40 7 42 20 45 27 43 30 33
858 38 5 11 37 15 40 17 48 43 3 16 8 13 28
859 328 20 28 44 40 14 16 50 13 6 4 26 28 24 11 36 10 34 9 31 35 33 48 8 25 18 7 3 22 38 23
860 58 5 3 11 23 26
861 237 11 37 50 5 48 39 33 34 37 24 18 31 9 47 2 43 26 20 35 30 12 10 28 25 23 4 15 7 8 19 41 42 32 17 6 46 38 21 3
862 17 17 36 17 40 29 21 35 11 3 48 19 28 1 46 41 42 12 32 7 15 43 25 4 50 2 10 8 38 13 47 33 45 24 49 37 44 20 14
863 104 4 4 4 19 28 6
864 65 4 5 2 4 46 40 39
865 419 18 38 45 47 43 41 32 12 36 16 27 49 46 21 9 5 44 39 11 34 7 35 31 15 4 2 37 38 24 29 18 19 6 20 14 3 8 42 17 25
866 548 4 19 43 11 21 36 24 40 41 50 3 23 25 44 15 14 6 30 18 17 7
867 16 15 29 29 18 45 49 36 40 5 34 21 16 46 26 35 38 7 15 48 41 50 44 9 39 17 2 22 24 32 47 12
868 28 4 28 38 49 13 37 20 8 1 29 39 18 27 15 28 43 47 30 6 21 34 17 19 25 14 32 35 40 26 10
869 560 9 24 26 6 36 45 33 4 46 2 43 14 37 5 38 7 22 11 49 9 24 29 3 18 1 25
870 359 16 15 15 33 19 50 37 20 29 42 43 31 14 26 13 17 16
871 32 7 39 31 48 28 1 26 36 13 35 7 10 38 30 44 16 18 46 33 49 29 14 6 50 9 42 19 47 37 15 43 5 20 27 23 24 3 39 17 11 32
872 233 0 11 39 31 4 38 36 28 5 26 50 44 20
873 50 13 41 10 13 33 4 43 32 27 40 41 22 5 6 24 14 50 9 39 47 23 3 36 42 34 2 21 44 25 19 46 45 29 28 37 11 1 35 26 18 48 8 7
874 10 10 47 16 26 8 24 4 14 43 13 34 3 30 50 2 19 11 18 49 25 47 5 20 40 38 15 21 39 22 37 48 46 42 29 10 44 9 6 36 32 1 12 17 45 35 31 28 41 27
875 109 16 12 13 9 12 35 10 16 15 29 34 5 7 47
876 595 12 11 44 35 34 30 7 45 32 16 28 33 22
877 36 15 8 45 15 42 6 39 3 4 10
878 354 0 28 26 6 8 24 4 36 3 38 13 28 33 1 23 7 12 39 48 25 5 47 15 49 14 29 17 22 18 10
879 21 13 21 3 21 8 33 10 37 2 43 38 4 6 45 29 30 44 19 15 32 40 14 24
880 79 16 40 41 7 48 5 34 3 19 20 10 15 6 45 16 23 39 47 28 50 37 12 31 13 42 4 46 32 44 26 24 33 8 30 11 21 36 1 22 17 9 38
881 288 11 2 25 47
882 172 5 43 39 12 40 35 24 27 11 4 22 16 48 21 8 23 20 45 9 37 32 36 26 38 30 31 15 42 28 10 50 6 17 49 29 14 1 33 46 47 7 44 19 5 2
883 271 6 30 48 9 8 40 16 28 30 29 31 1 19 10 2 49 45 46 17 24 36 39 4 12 18 27 22 34 38 50 47 3
884 263 15 29 18 41 27 2 6 48 13 36 26 37 49 35 33 4 23 16 39 21 30 31 38 45 44 34 22 8 50 43 46
885 206 8 50 42 1 19 12 20 35 7 21 44 22 46 43 31 13 38 47 25 23 36 26 34 6 10 3 5 33 28 8 40 32 49 41 45 17 37 50 24 18 39 48 15 27 11 16 2 4 14 30 29 9
886 43 3 45 7 11 34 2 20 28 49 43 48 26 46 14 25 45 44 5 24 29 42 35 18 15 6 40 22 8 31 47 21 39 9 13 36 30 10 1 37 16 50 12 19 41 33 4 17
887 528 2 37 40 38 23 21 41 19 32 18 47 24 36 1 48 31 12 16 10 30 44 49 35 28 46 26 29 2 17 15 6 34 33 25 20 45 27 7 4
888 163 6 20 42 24 8 6 7 23 33 36 31 11 45 26 50 46 21 25 1 29 39 10
889 162 13 9 30 15 9 34 4 19 13 46 12
890 47 20 6 15 21 30 19 34 47
891 493 2 13 17 2 41 43 6 22 3 8 38 26 32 24 40
892 546 3 47 32 43 19 2 41 29 35 5 47 24 26 18 21 10 14 15 27 40 11 37 12 28 34 44 20 31 4 49 48 16 3 46 42 1 7 9 45 8 30 25 6 22 13 17 36 50 38
893 413 12 30 3 6 35 36 19 18 29 37 24 41 50 38 4 34 25 15 49 40 2 9 10 23 31 1 43 20 13 14 16 47
894 509 20 18 45 50 14 4 20 1 12 7 40 5 33 47 36 38 23 26 6 9
895 434 0 43 12 30 49 35 27 24 19 18 20 21 37 44 33 10 7 2 50 6 39 36 40 26 15 38 32 45 41 46 34 23 9 22 16 5 13 28 25 47 48 8 43 11 42
896 10 20 3 45 42 15
897 302 14 7 46 17 20 2 1 42 14
898 489 20 11 47 20 31 6 50 49 3 40 37 8 48
899 347 9 24 36 50 41 4 2 16 44 12 40 7 33 10 25 5 45 24 30 35 49 18 46 32 20 15
900 361 0 1 25
901 300 13 13 4 6 29 8 46 10 18 40 14 15 11 7 17
902 458 11 39 26 42 10 22 21 32 33 36 19 7 3 20 30 16 29 47 17 8 40 34 46 9 23 13 2 12 35 24 50 4 37 18 48 45 1 6 11 25 15
903 363 19 32 24 19 48 16 33 1 41 45 13 46 22 20 37 47 44 23 40 49 17 28 5 43 32 10 15 14 9 11 12 27 35 42
904 519 5 35 16 12 4 5 50 18 25 6 27 17 23 48 11 19 45 22 30 9 44 1 35 34 41 36 24 42 20 31 33 10 29 47 28 21 26
905 409 11 2 45 4
906 378 5 42 42 44 50 5 38 46 23 2 48 1 9 39 13 41 32 31 18 15 36 35 7 26 11 33 28 34 8 3 14 49 19 24 40 25 27 30 10 22 6 17 43 21
907 494 12 50 49 50 12 20 24 36 18 2 32 17 28 3 22 33 1 25 42 47 6 46 48 9 8 21 37 34 44 7 5 19 29 43 45 39 41 4 31 26 14 40 23 13 27 38 16 10 35 15 30 11
908 432 7 5 17 24 42 50 40
909 263 10 46 33 21 15 32 9 13 12 6 25 5 28 29 20 10 23 24 11 8 48 43 26 14 45 50 7 17 19 36 22 16 4 2 18 47 34 39 40 42 44 30 49 38 41 46 35 31
910 526 3 16 22 5 35 23 49 10 11 27 43 34 37 13 16 20 3 19
911 319 18 4 34 18 24 25
912 52 0 43 41 5 30 39 12 8 17 37 24 25 3 6 14 23 48 22 19 7 2 13 40 43 10 32 50 42 11 31 9 16 38 47 44 18 28 27 29 49 20 33 26 4 34
913 475 10 7 45 7 39 24 18 1 31
914 206 10 49 23 6 29 8 20 46 15 34 18 44 50 21 7 36 33 31 28 22 42 13 27 2 1 5 26 48 41 14 25 12 9 38 30 45 35 17 10 40 16 39 43 24 11 4 19 37 49 32 3
915 235 0 5 11 9 46 49 3
916 198 2 30 8 28 5 14 22 17 1 42 40 23 10 21 18 38 11 34 25 29 33 7 48 26 12 2 46 49 30 43 24 44
917 106 6 9 15 30 10 49 18 47 8 35 48
918 351 0 46 7 25 3 9 21 29 20 48 19 38 36 30 12 46 5 35 8 47 16 18 22 32 27 14 24 37 39 28 13 10 45 4 2 31 15 44 23 40 49 1 50 33 17 34 41 42
919 118 19 45 14 50 25 42 24 27 9 8 46 21 12 17 23 19 29 26 18 1 34 13 3 5 40 43 7 38 41 28 45 48 2 47 11 15 16 30 20 31 6 36 32 33 44 22 49
920 337 8 8 35 6 32 17 43 27 42 50
921 429 7 1 42
922 38 14 33 12 31 45 30 25 47 41 3 29 38 6 44 15 16 18 17 7 28 1 22 42 39 35 32 4 14 24 27 13 11 9 36 10
923 534 11 22 49 2 37 28 27 11 42 8 5 7 10 41 35 21 31 9 50 3 16 40 29 18
924 359 4 31 33 7 35 4 28 41 31 32 45 47 49 30 39 16 13 1 15 46 17 26 10 3 19 50 40 48 14 5 29 12 6
925 382 1 16 12 8 21 2 15 40 35 28 1 18 25 49 46 27 7 43
926 30 10 15 35 30 26 41 23 37 15 16 10 8 28 21 33 39 3
927 336 3 37 23 1 8 40 18 41 2 12 43 46 39 42 10 21 6 50 44 26 30 25 48 5 22 17 13 32 45 38 29 16 28 15 27 31 34 7 14
928 195 16 25 15 43 26 41 44 1 45 27 6 30 29 19 8 47 14 42 36 13 22 16 28 2 9 25 34
929 494 7 31 43 48 22 7 21 4 3 44 8 42 15 49 37 50 23 1 10 32 5 13 46 38 45 30 20 6 2 26 12 29 27
930 473 2 25 44 29 20 15 22 34 35 42 10 40 33 19 11 5 3 12 14 49 1 31 36 39 26 16 46
931 489 19 23 16 12 21 50 46 6 4 42 38 48 22 8 24 34 47 35 2 49 13 36 37 39 27
932 500 5 30 47 15 18 9 13 40 49 34 14 6 8 39 25 4 1 17 23 27 32 36 7 43 46 21 24 16 5 35 50 22
933 559 3 40 23 31 32 2 16 13 47 14 27 28 21 39 42 12 5 50 7 48 9 29 37 35 1 10 22 38 33 49 19 26 45 6 44 30 46 43 40 24 11 34
934 116 14 30 35 45 23 38 36 49 8 14 12 41 24 22 10 34 43 32 13 48 5 29 9 40 26 19 27 25 16 39 17 30
935 34 6 23 43 13 34 40 8 35 15 25 17 39 12 37 26 48 9 20 10 6 2 7 3 19 4
936 542 16 46 28 30 33 23 50 36 37 20 16 46 19 1 3 4 24 45 15 7 34 9 39 40 31 41 17 10 12 21 18 6 47 2 14 11 48 8 27 32 44 22 42 13 38 35 25 29
937 71 10 44 46 18 33 30 16 31 11 41 38 49 1 5 14 19 8 50 6 45 48 39 29 9 21 4 15 35 23 2 42 13 17 28 40 47 24 22 34 10 44 12 20 43 37 26
938 141 13 40 45 16 31 35 29 20 13 38 2 26 11 15 7 24 40 34 19 50 14 4 47 44 48 32 6 49 42 37 30 5 3 43 33 36 25 46 39 27 8 9
939 57 11 34 7 9 16 38 46 29 15 48 33 3 47 18 14 50 42 31 11 30 32 12 22 26 17 4 20 34 39 35 24 10 1 2 37 43
940 178 2 27 20 39 17 30 47 37 28 4 43 32 2 10 12 13 33 5 31 42 25 16 41 22 24 19 27 6 3
941 418 3 9 47 14 40 7 30 25 45 32 29
942 223 15 29 20 19 16 27 32 9 18 30 5 42 1 35 10 31 8 46 22 50 41 33 29 23 37 7 44 43 48 11 2
943 165 2 12 18 27 49 32 30 28 10 16 25 41 15 50
944 35 4 13 40 22 31 4 36 24 43 8 50 48 41 9 29
945 373 13 44 49 11 29 10 17 8 31 44 15 36 3 18 35 21 48 25 28 46 12 24 33 39 27 20 4 34 30 41 2 14 6 50 19 26 22 7 32 5 16 13 37 1 9 40
946 29 20 23 1 6 10 36 22 41 40 14 18 33 32 5 19 23 30 26 49 9 21 17 35 2 27
947 522 20 2 10 47
948 421 14 34 28 26 32 23 36 6 39 43 30 21 8 1 47 17 40 29 33 15 4 2 14 18 50 9 13 25 42 16 27 45 24 22 19 7
949 251 9 42 49 33 12 26 1 32 47 38 11 37 34 42 23 43 45 20 16 30 5 46 27 6 48 44 22 40 18 8 41 19 4 10 9 28 7 25 39 21 29 35 14 31
950 235 14 26 47 34 36 50 26 8 4 9 27 17 44 15 18 3 23 20 28 19 25 39 16 11 13 7 10 29
951 214 16 12 8 46 32 43 34 36 11 40 18 50 3 25
952 48 17 28 29 20 16 32 49 43 24 25 12 5 17 36 38 48 3 27 6 23 18 13 1 47 33 26 22 34 35 50
953 401 12 38 11 20 10 19 43 38 14 8 49 16 36 33 34 2 27 22 31 45 5 44 30 41 15 29 42 17 26 21 4 32 1 50 6 24 12 48 46 37
954 323 16 49 27 12 38 4 1 28 33 5 47 30 6 35 11 49 37 31 20 2 36 32 50 42 15 39 22 34 46 7 19 8 44 10 17 3 43 23 45 41 26 16 21 14 13 18 9 40 25 24 48
955 264 8 35 14 44 38 50 13 15 4 24 41 19 5 12 36 16 39 33 11 22 8 26 9 31 46 23 6 7 20 10 32 21 34 3 37 25 2
956 347 4 12 12 3 44 21 37 46 50 9 8 19 22 32
957 429 4 31 28 30 15 34 48 21 33 14 1 42 23 9 40 27 43 6 12 26 46 10 25 32 31 50 19 18 11 22 2 39 5
958 502 10 7 50 12 49 5 31 1 4
959 351 16 43 32 15 39 28 31 23 20 19 36 47 2 37 40 18 5 41 4 10 27 7 48 21 8 44 3 46 24 13 35 43 45 17 14 11 38 9 22 30 6 29 50 26 34
960 578 7 9 21 10 1 25 23 35 41 49 8
961 105 20 38 14 26 19 13 35 2 39 50 44 6 29 30 28 23 46 34 41 1 7 32 5 40 38 21 20 3 25 48 49 36 42 18 47 16 17 15 10 43
962 262 5 17 39 10 45 5 49 34 43 31 28 37 23 36 18 12 27 26 47
963 584 20 28 34 21 2 3 15 47 37 31 4 5 49 36 46 28 7 45 43 29 25 17 41 20 27 38 33 8 35 24
964 20 13 12 2 28 10 41 35 7 15 36 31 44 22 32
965 257 18 25 25 20 9 40 1 19 23 6 27 15 18 7 24 3 43 32 49 22 16 13 31 26 5 4 38
966 246 1 35 42 38 47 30 25 45 19 8 27 49 35 37 32 13 24 18 9 29 14 21 23 50 36 6 22 17 10 20 34 28 40 12 39 5 7
967 312 11 24 14 6 13 3 48 19 12 27 15 33 5 26 11 23 35 20 21 39 49 8 28 16 4 22
968 392 20 14 6 13 32 28 26 23 45 15 37 2 1 21 46 43
969 423 2 5 16 31 34 26 12
970 223 9 45 41 40 17 47 49 27 39 10 20 36 45 34 4 38 43 21 5 7 2 30 28 25 50 32 14 22 23 46 13 11 31 29 18 6 42 33 48 3 19 26 44 1 37 12 24
971 123 20 41 36 32 27 49 39 29 11 6 4 13 3 30 22 28 24 43 18 7 1 23 26 16 19 35 45 12 37 34 5 40 9 21 31 47 46 15 20 42 25 50 41
972 183 13 5 2 24 13 27 35
973 312 14 4 36 11 7 28
974 38 1 6 13 11 34 43 39 44
975 528 16 45 4 9 22 42 27 17 16 15 44 30 43 39 24 50 34 29 3 47 49 11 7 46 20 37 32 10 26 18 21 5 25 45 2 8 33 12 40 6 1 14 48 23 41 19 31
976 377 20 20 9 17 23 45 27 28 50 47 10 7 33 20 21 13 15 2 46 8 24 48
977 25 17 35 40 33 50 24 41 17 46 3 5 1 30 10 39 45 23 25 15 11 4 16 43 26 18 42 7 27 44 32 35 21 47 28 34 49 31
978 357 14 25 30 7 45 34 2 24 21 36 23 29 41 40 20 32 15 9 43 6 44 48 4 18 8 19 42
979 176 12 26 48 26 7 37 3 22 41 35 39 10 27 45 4 17 6 9 32 8 24 40 2 19 30 29 1 46
980 577 4 49 4 6 47 41 5 36 25 19 43 40 28 9 31 42 20 30 12 8 32 35 17 39 33 23 16 22 21 46 44 10 27 2 15 14 11 18 38 7 13 24 1 34 45 29 37 49 3 48 26
981 380 6 31 31 4 30 2 44 46 16 1 26 37 23 9 33 50 11 3 35 47 49 36 42 20 32 19 45 29 34 27 24 6 8
982 393 5 10 29 27 49 3 47 26 23 4 6 45
983 409 6 42 10 41 21 42 36 3 9 14 34 26 1 50 5 4 33 27 18 6 7 25 40 43 35 22 30 32 44 11 12 13 17 8 29 45 28 48 24 38 47 46 20 15
984 301 4 44 47 8 16 11 21 40 45 44 9 15 1 33 28 18 4 22 30 6 3 25 38 34 42 43 19 31 24 49 23 39 2 5 36 32 37 13 20 14 35 10 41 48 46 50
985 600 8 1 24
986 474 18 30 40 4 37 47 36 24 38 19 3 49 15 9 31 23 46 26 33 1 8 34 17 45 21 22 27 12 20 43 29 30
987 554 10 42 47 11 25 12 35 10 9 17 48 7 36 26 19 30 39 33 41 15 42 2 1 38 43 20 24 29 28 49 13 23 22 44 37 4 6 5 46 21 16 31 27 40
988 156 0 14 43 39 1 37 46 23 14 19 15 11 22 35 13 7
989 549 3 28 42 1 28 18 7 45 3 15 39 36 49 46 40 37 25 11 10 43 47 12 50 13 2 41 16 9 29 48
990 167 15 5 9 25 46 24 48
991 189 17 26 39 46 1 15 30 2 22 13 28 26 12 50 34 19 8 36 3 17 6 32 25 20 16 21 48 33
992 167 0 40 31 6 45 49 39 41 1 42 26 30 33 19 23 27 24 8 21 3 48 44 46 5 13 25 18 2 7 34 36 14 4 9 43 20 17 22 40 29 32 35
993 286 11 6 22 26 50 19 44 28
994 16 10 12 14 23 35 42 25 40 10 1 22 39 20 24
995 528 7 5 6 2 8 35 14
996 410 19 20 38 48 6 30 10 4 41 35 46 37 3 31 16 14 42 12 49 24 27 26
997 62 10 8 21 12 38 13 18 44 23 45
998 196 12 35 28 44 2 37 25 41 20 45 24 50 35 39 27 11 38 49 14 10 7 4 33 1 9 34 21 29 46 5 42 17 3 22 12 32 16
999 545 7 33 32 48 30 13 5 25 38 12 18 22 11 28 37 47 19 23 40 20 10 6 36 45 21 1 14 24 8 16 41 33 44 9 17
1000 434 2 12 9 37 27 49 16 26 43 18 25 30 41 23
50
1 10
2 7
3 16
4 5
5 5
6 4
7 12
8 10
9 20
10 2
11 7
12 10
13 12
14 4
15 9
16 11
17 17
18 19
19 12
20 12
21 7
22 16
23 9
24 14
25 14
26 19
27 13
28 12
29 19
30 14
31 17
32 13
33 19
34 4
35 3
36 15
37 18
38 8
39 8
40 1
41 2
42 1
43 1
44 20
45 8
46 17
47 20
48 5
49 10
50 7
30
1 1 9906
2 14 599
3 9 359
4 3 792
5 6 550
6 8 365
7 16 847
8 3 413
9 5 685
10 2 710
11 13 465
12 7 331
13 3 680
14 11 513
15 9 738
16 12 750
17 9 644
18 5 830
19 7 637
20 3 344
21 12 624
22 11 430
23 10 958
24 11 889
25 13 573
26 15 566
27 20 484
28 6 392
29 20 848
30 16 961
13
3 18
3 42
103 104
185 240
282 371
379 392
379 464
577 622
678 747
678 769
780 781
779 846
888 949
975
3 4
4 5
3 6
6 7
3 8
8 9
3 10
10 11
3 12
12 13
3 14
14 15
3 16
16 17
18 19
3 20
20 21
3 22
22 23
3 24
24 25
3 26
26 27
3 28
28 29
3 30
30 31
3 32
32 33
3 34
34 35
3 36
36 37
3 38
38 39
3 40
40 41
42 43
3 44
44 45
3 46
46 47
3 48
48 49
3 50
50 51
3 52
52 53
3 54
54 55
3 56
56 57
3 58
58 59
3 60
60 61
3 62
62 63
3 64
64 65
3 66
66 67
3 68
68 69
3 70
70 71
3 72
72 73
3 74
74 75
3 76
76 77
3 78
78 79
3 80
80 81
3 82
82 83
3 84
84 85
3 86
86 87
3 88
88 89
90 91
91 92
90 93
93 94
90 95
95 96
90 97
97 98
90 99
99 100
90 101
101 102
90 103
90 105
105 106
90 107
107 108
90 109
109 110
90 111
111 112
90 113
113 114
90 115
115 116
90 117
117 118
90 119
119 120
90 121
121 122
90 123
123 124
90 125
125 126
90 127
127 128
90 129
129 130
90 131
131 132
90 133
133 134
90 135
135 136
90 137
137 138
90 139
139 140
90 141
141 142
90 143
143 144
90 145
145 146
90 147
147 148
90 149
149 150
90 151
151 152
90 153
153 154
90 155
155 156
90 157
157 158
90 159
159 160
90 161
161 162
90 163
163 164
90 165
165 166
90 167
167 168
90 169
169 170
90 171
171 172
90 173
173 174
90 175
175 176
90 177
177 178
90 179
179 180
90 181
181 182
90 183
183 184
185 186
186 187
185 188
188 189
185 190
190 191
185 192
192 193
185 194
194 195
185 196
196 197
185 198
198 199
185 200
200 201
185 202
202 203
185 204
204 205
185 206
206 207
185 208
208 209
185 210
210 211
185 212
212 213
185 214
214 215
185 216
216 217
185 218
218 219
185 220
220 221
185 222
222 223
185 224
224 225
185 226
226 227
185 228
228 229
185 230
230 231
185 232
232 233
185 234
234 235
185 236
236 237
185 238
238 239
240 241
185 242
242 243
185 244
244 245
185 246
246 247
185 248
248 249
185 250
250 251
185 252
252 253
185 254
254 255
185 256
256 257
185 258
258 259
185 260
260 261
185 262
262 263
185 264
264 265
185 266
266 267
185 268
268 269
185 270
270 271
185 272
272 273
185 274
274 275
185 276
276 277
185 278
278 279
185 280
280 281
282 283
283 284
282 285
285 286
282 287
287 288
282 289
289 290
282 291
291 292
282 293
293 294
282 295
295 296
282 297
297 298
282 299
299 300
282 301
301 302
282 303
303 304
282 305
305 306
282 307
307 308
282 309
309 310
282 311
311 312
282 313
313 314
282 315
315 316
282 317
317 318
282 319
319 320
282 321
321 322
282 323
323 324
282 325
325 326
282 327
327 328
282 329
329 330
282 331
331 332
282 333
333 334
282 335
335 336
282 337
337 338
282 339
339 340
282 341
341 342
282 343
343 344
282 345
345 346
282 347
347 348
282 349
349 350
282 351
351 352
282 353
353 354
282 355
355 356
282 357
357 358
282 359
359 360
282 361
361 362
282 363
363 364
282 365
365 366
282 367
367 368
282 369
369 370
371 372
282 373
373 374
282 375
375 376
282 377
377 378
379 380
380 381
379 382
382 383
379 384
384 385
379 386
386 387
379 388
388 389
379 390
390 391
392 393
379 394
394 395
379 396
396 397
379 398
398 399
379 400
400 401
379 402
402 403
379 404
404 405
379 406
406 407
379 408
408 409
379 410
410 411
379 412
412 413
379 414
414 415
379 416
416 417
379 418
418 419
379 420
420 421
379 422
422 423
379 424
424 425
379 426
426 427
379 428
428 429
379 430
430 431
379 432
432 433
379 434
434 435
379 436
436 437
379 438
438 439
379 440
440 441
379 442
442 443
379 444
444 445
379 446
446 447
379 448
448 449
379 450
450 451
379 452
452 453
379 454
454 455
379 456
456 457
379 458
458 459
379 460
460 461
379 462
462 463
464 465
379 466
466 467
379 468
468 469
379 470
470 471
379 472
472 473
379 474
474 475
379 476
476 477
478 479
479 480
478 481
481 482
478 483
483 484
478 485
485 486
478 487
487 488
478 489
489 490
478 491
491 492
478 493
493 494
478 495
495 496
478 497
497 498
478 499
499 500
478 501
501 502
478 503
503 504
478 505
505 506
478 507
507 508
478 509
509 510
478 511
511 512
478 513
513 514
478 515
515 516
478 517
517 518
478 519
519 520
478 521
521 522
478 523
523 524
478 525
525 526
478 527
527 528
478 529
529 530
478 531
531 532
478 533
533 534
478 535
535 536
478 537
537 538
478 539
539 540
478 541
541 542
478 543
543 544
478 545
545 546
478 547
547 548
478 549
549 550
478 551
551 552
478 553
553 554
478 555
555 556
478 557
557 558
478 559
559 560
478 561
561 562
478 563
563 564
478 565
565 566
478 567
567 568
478 569
569 570
478 571
571 572
478 573
573 574
478 575
575 576
577 578
578 579
577 580
580 581
577 582
582 583
577 584
584 585
577 586
586 587
577 588
588 589
577 590
590 591
577 592
592 593
577 594
594 595
577 596
596 597
577 598
598 599
577 600
600 601
577 602
602 603
577 604
604 605
577 606
606 607
577 608
608 609
577 610
610 611
577 612
612 613
577 614
614 615
577 616
616 617
577 618
618 619
577 620
620 621
622 623
577 624
624 625
577 626
626 627
577 628
628 629
577 630
630 631
577 632
632 633
577 634
634 635
577 636
636 637
577 638
638 639
577 640
640 641
577 642
642 643
577 644
644 645
577 646
646 647
577 648
648 649
577 650
650 651
577 652
652 653
577 654
654 655
577 656
656 657
577 658
658 659
577 660
660 661
577 662
662 663
577 664
664 665
577 666
666 667
577 668
668 669
577 670
670 671
577 672
672 673
577 674
674 675
577 676
676 677
678 679
679 680
678 681
681 682
678 683
683 684
678 685
685 686
678 687
687 688
678 689
689 690
678 691
691 692
678 693
693 694
678 695
695 696
678 697
697 698
678 699
699 700
678 701
701 702
678 703
703 704
678 705
705 706
678 707
707 708
678 709
709 710
678 711
711 712
678 713
713 714
678 715
715 716
678 717
717 718
678 719
719 720
678 721
721 722
678 723
723 724
678 725
725 726
678 727
727 728
678 729
729 730
678 731
731 732
678 733
733 734
678 735
735 736
678 737
737 738
678 739
739 740
678 741
741 742
678 743
743 744
678 745
745 746
747 748
678 749
749 750
678 751
751 752
678 753
753 754
678 755
755 756
678 757
757 758
678 759
759 760
678 761
761 762
678 763
763 764
678 765
765 766
678 767
767 768
769 770
678 771
771 772
678 773
773 774
678 775
775 776
678 777
777 778
779 780
779 782
782 783
779 784
784 785
779 786
786 787
779 788
788 789
779 790
790 791
779 792
792 793
779 794
794 795
779 796
796 797
779 798
798 799
779 800
800 801
779 802
802 803
779 804
804 805
779 806
806 807
779 808
808 809
779 810
810 811
779 812
812 813
779 814
814 815
779 816
816 817
779 818
818 819
779 820
820 821
779 822
822 823
779 824
824 825
779 826
826 827
779 828
828 829
779 830
830 831
779 832
832 833
779 834
834 835
779 836
836 837
779 838
838 839
779 840
840 841
779 842
842 843
779 844
844 845
846 847
779 848
848 849
779 850
850 851
779 852
852 853
779 854
854 855
779 856
856 857
779 858
858 859
779 860
860 861
779 862
862 863
779 864
864 865
779 866
866 867
779 868
868 869
779 870
870 871
779 872
872 873
779 874
874 875
779 876
876 877
779 878
878 879
779 880
880 881
779 882
882 883
779 884
884 885
779 886
886 887
888 889
889 890
888 891
891 892
888 893
893 894
888 895
895 896
888 897
897 898
888 899
899 900
888 901
901 902
888 903
903 904
888 905
905 906
888 907
907 908
888 909
909 910
888 911
911 912
888 913
913 914
888 915
915 916
888 917
917 918
888 919
919 920
888 921
921 922
888 923
923 924
888 925
925 926
888 927
927 928
888 929
929 930
888 931
931 932
888 933
933 934
888 935
935 936
888 937
937 938
888 939
939 940
888 941
941 942
888 943
943 944
888 945
945 946
888 947
947 948
949 950
888 951
951 952
888 953
953 954
888 955
955 956
888 957
957 958
888 959
959 960
888 961
961 962
888 963
963 964
888 965
965 966
888 967
967 968
888 969
969 970
888 971
971 972
888 973
973 974
888 975
975 976
888 977
977 978
888 979
979 980
888 981
981 982
888 983
983 984
888 985
985 986
888 987
987 988
888 989
989 990
888 991
991 992
888 993
993 994
888 995
995 996
888 997
997 998
888 999
999 1000
