30
1 442 16 17 9 19 23 8 2 29 22 44 39 6 50 43 27 32 4 14 16
2 327 20 10 9 22 18 31 7 20 43 27 15 33
3 553 1 39 28 19 26 40 9 33 15 25 37 12 48 47 13 16 46 1 22 17 2 45 20 29 44 49 27 38 5 32 24 36 41 14 7 3 43 10 8 31 39
4 166 20 3 48 38 30
5 571 16 36 44 7 25 21 37 8 6 50 18 47 12 32 15 24 13 5 34 33 20 45 29 14 36 38 28 10 49 9 43 35 22 2 4 16 3 11
6 129 1 6 43 36 18 22 16 50
7 303 8 32 13 14 38 5 22 26 24 32 50 18 45 21 39 25 49 7 27 23 31 46 42 30 15 43 11 41 3 8 4 10 20 37
8 466 5 20 26 45 15 32 37 8 39 30 14 36 28 11 20 7 23 33 9 4 47 34
9 443 12 35 28 11 31 10 50 19 45 37 6 29 12 17 33 22 18 39 14 24 27 1 20 5 46 13 21 23 4 40 34 30 32 2 44 26 49
10 387 20 36 23 26 9 5 38 45 17 37 27 30 39 13 49 25 4 44 15 50 24 1 31 6 36 20 3 41 28 33 19 16 14 2 29 34 40 7
11 127 20 5 45 36 16 3 23
12 531 16 42 35 13 6 9 11 37 32 5 45 49 29 34 39 38 36 2 16 30 48 46 14 44 28 7 26 24 17 47 23 25 15 50 40 20 10 43 3 33 19 21 18 8
13 148 2 22 48 32 13 22 28 3 20 29 18 37 40 24 31 50 7 33 21 19 45 25 41 16
14 107 20 17 39 31 22 46 12 8 15 36 1 9 21 17 27 35 25 23 49
15 585 20 5 50 25 7 34 1
16 63 16 50 5 23 17 31 29 42 45 14 22 38 37 1 10 43 47 9 16 49 41 36 26 7 6 44 27 2 3 4 35 46 50 19 13 8 40 39 34 30 24 48 21 12 28 11 32 25 33 15 18 20
17 415 20 8 11 15 45 20 27 14 48 43
18 45 17 21 47 15 11 1 43 16 45 34 26 9 4 29 10 18 8 27 46 2 14 48 19
19 89 6 32 5 7 11 50 9 42 46 25 47 21 37 36 45 1 43 39 35 23 29 28 15 44 48 49 26 10 18 13 41 19 20 2
20 309 11 28 21 16 34 31 28 47 29 50 11 24 49 44 13 43 12 14 22 26 41 19 3 33 9 7 25 6 2 15
21 394 17 37 25 38 19 8 43 27 32 44 48 35 21 9 6 5 2 37 24 34 46 15 10 41 3 7 50 11 17 13 45 40 33 22 23 20 1 12 26
22 377 9 26 45 33 29 17 10 26 3 41 24 9 37 30 25 8 46 36 21 35 16 18 27 11 50 23 28 40
23 99 8 21 46 48 50 19 28 5 42 2 23 15 45 43 4 22 25 10 11 32 36 44 13
24 296 10 11 3 5 48 35 42 20 41 19 40 6 45
25 598 2 9 14 37 24 23 21 36 2 15 33
26 49 10 28 8 5 22 40 15 17 9 7 4 35 18 26 10 50 30 43 42 23 19 37 31 6 20 25 2 44 11 21
27 25 18 20 47 8 39 49 36 3 45 43 29 22 6 14 38 30 11 17 25 42 46 18
28 564 2 27 19 3 25 43 23 15 35 21 33 40 28 8 32 38 34 13 5 36 27 44 16 46 45 37 31 18 4
29 551 11 6 40 31 19 9 36 7
30 41 2 2 20 16
50
1 13
2 8
3 17
4 17
5 11
6 1
7 14
8 17
9 8
10 5
11 3
12 9
13 13
14 9
15 14
16 9
17 6
18 17
19 17
20 18
21 9
22 20
23 13
24 3
25 15
26 16
27 12
28 4
29 15
30 2
31 19
32 4
33 12
34 20
35 12
36 1
37 5
38 5
39 19
40 15
41 20
42 13
43 1
44 18
45 8
46 13
47 7
48 12
49 14
50 10
30
1 1 356
2 13 25
3 2 13
4 18 18
5 10 15
6 14 24
7 20 18
8 1 29
9 1 15
10 13 16
11 1 27
12 20 19
13 18 34
14 13 21
15 1 19
16 9 23
17 1 25
18 10 33
19 12 32
20 9 16
21 11 24
22 15 25
23 16 34
24 3 20
25 6 20
26 19 28
27 6 17
28 6 15
29 15 17
30 10 33
25
3 4
4 5
3 6
6 7
3 8
8 9
3 10
10 11
3 12
12 13
14 15
15 16
14 17
17 18
19 20
14 21
21 22
14 23
23 24
14 25
25 26
14 27
27 28
14 29
29 30
1
14 19
