24
1 499 5 33 14 21 26 15 11 16 29 7 25 2 37 9 32 5 30 10 39 4 45 1 35 50 41 33 3 43 38 13 36 22 6 27 46
2 533 12 41 36 37 27 17 24 29 15 16 5 19 31 46 20 18 12 9 14 47 1 13 21 23 50 4 41 40 48 38 35 8 32 43 30 44 26 34 25 28 6 45 3
3 449 6 6 48 36 42 10 24 15
4 186 9 22 45 30 3 15 38 43 42 28 6 12 47 31 8 49 33 39 46 22 5 44 34 48
5 502 4 21 37 48 2 21 45 28 4 9 6 20 47 11 22 26 39 30 49 50 31 38 17
6 94 4 11 20 31 18 49 9 29 33 19 47 14 45
7 193 15 13 47 4 50 40 48 1 26 28 19 12 21 45 11
8 449 2 21 36 34 44 49 23 30 39 21 16 18 2 46 20 11 5 9 43 27 7 3 24
9 481 14 40 17 30 49 13 23 43 19 35 1 8 47 9 3 16 15 24 42 25 2 26 29 14 48 45 5 33 20 36 4 41 27 21 46 7 18 31 34 37 10 40
10 523 4 30 7 21 34 10 14 27 16 29 42 17 47 18 44 3 15 49 20 40 5 45 13 46 37 4 12 48 35 41 24 36
11 81 5 25 24 17 2 39 48 42 18 7 40 21 49 29 23 38 6 11 13 45 14 35 26 15 50 22 16
12 540 19 40 11 32 17 18 15 47 7 27 5 26 41 45 37 36 8 22 31 46 29 24 19 20 21 49 13 35 48 23 39 16 4 33 3 42 44 40 1 25 14 34
13 570 6 48 26 40 9 21 35 10 19 13 30 45 18 44 23 38 11 8 15 27 33 39 36 14 42 43 49 7 6 28 2 1 3 4 20 16 29 22 50 17 24 32 34 37 5 47 46 48 31 12
14 360 1 42 49 42 32 40 45 46 35 37 18 3 16 41 6 2 1 44 5 33 20 26 43 21 48 7 36 47 13 23 9 15 39 34 30 12 10 4 29 50 8 24 22 17
15 203 4 10 33 3 15 49 8 27 47 38 50 35
16 35 6 7 34 38 12 21 37 47 33
17 519 20 48 5 46 4 30 10 13 9 34 35 50 2 11 37 15 18 23 25 29 42 20 12 24 44 21 48 43 31 41 3 27 32 49 19 40 16 38 36 6 1 28 22 14 47 7 45 17 8 39
18 594 17 34 40 36 46 28 47 48 18 8 11 3 39 10 34 13 17 42 7 30 14 16 45 27 23 35 41 22 4 15 50 37 26 12 6 25
19 431 20 27 25 38 47 41 39 21 3 12 9 26 30 6 29 22 27 37 8 43 5 24 50 18 17 2 49 16 31
20 118 7 49 41 18 9 36 14 35 19 15 39 17 4 3 49 8 7 34 40 20 26 45 48 31 38 28 47 30 12 43 32 24 10 1 42 16 2 27 23 25 29 6 5 33 44 21 11 22 37 46 13
21 248 0 33 26 31 43 39 11 30 33 25 14 27 34 8 28 22 2 20 36 15 35 42 1 41 18 50 19 9 21 46 48 23 37 47 29
22 357 16 40 11 31 43 47 10 24 38 1 44 4 32 28 7 25 33 23 15 48 14 50 40 5 41 9 45 46 16 42 36 18 2 37 49 39 22 21 34 8 35 3
23 123 9 24 1 44 38 43 46 42 40 19 8 26 15 6 4 17 5 39 27 30 49 22 20 12 50 37
24 476 7 47 1 27 4 13 28 22 29 10 25 42 44 39 32 5 12 23 14 34 43 36 48 18 2 21 37 40 33 49 24 30 46 11 41 15 47 6 3 35 7 8 20 50 9 17 19 31 38
50
1 4
2 2
3 20
4 8
5 9
6 6
7 16
8 18
9 19
10 16
11 18
12 4
13 1
14 13
15 19
16 13
17 14
18 19
19 14
20 12
21 19
22 4
23 12
24 1
25 6
26 5
27 11
28 3
29 16
30 12
31 5
32 20
33 20
34 7
35 1
36 4
37 16
38 13
39 5
40 13
41 4
42 11
43 9
44 2
45 15
46 8
47 19
48 16
49 1
50 15
30
1 1 212
2 3 10
3 12 15
4 6 14
5 7 19
6 11 9
7 10 18
8 17 9
9 13 18
10 19 12
11 2 13
12 20 19
13 19 15
14 11 8
15 17 14
16 2 9
17 9 16
18 2 17
19 16 18
20 1 8
21 2 21
22 1 9
23 9 21
24 12 13
25 15 18
26 5 16
27 12 9
28 2 15
29 12 16
30 2 18
18
1 3
1 5
1 6
2 7
3 8
4 9
5 10
7 12
8 13
9 14
12 17
14 19
16 21
17 22
18 22
20 22
21 22
22 23
9
1 2
1 4
6 11
10 15
11 16
13 18
15 20
19 22
23 24
