100
1 577 18 48 23 45 29 37 19 26 22 49 31 17 35 39 36 27 50 25 24 8 44 4 18 38 3 32 16 48 40 2 42 6 7 41 12 46 20 47 13 14 34 28 1 30 11 10 15 21 33 5
2 505 11 28 41 36 33 13 11 3 22 12 35 37 27 8 40 29 46 4 19 9 39 38 21 18 14 26 50 16 2 47
3 147 3 32 47 26 34 48 6 25 39 16 23 38 31 7 43 21 17 13 18 2 44 28 11 33 35 45 24 5 27 46 9 3 20 37
4 407 16 47 39 30 10 45 2 25 38 23 47 1 11 12 15 40 41 43 46 34 4 5 13 50 6 24 19 49 18 21 36 28 48 44 35 7 37 42 20 32 16 33 17 9 27 31 3 26 14
5 149 2 16 21 2 39 40 18 35 29 32 30 16 43 15 17 10 49 38
6 570 2 24 17 21 8 30 34 41 42 11 2 19 27 31 12 4 44 50 33 49 39 10 18 40 14 7
7 474 7 47 43 38 6 27 45 3 36 40 8 4 49 35 20 15 18 21 29 46 14 1 5 34 30 25 28 2 16 10 42 7 11 17 33 26 9 19 13 48 23 37 50 12 44 32 41 39 24
8 243 5 37 5 13 32 8 16 46 42 10 31 14 12 39 35 29 3 50 45 43 19 44 36 28 20 1 9 24 25 33 21 11 6 30 34 7 2 17 4
9 481 14 6 37 17 23 24 16 21
10 135 19 14 46 48 16 7 5 28 32 41 43 50 3 24 30 1
11 582 6 26 20 47 18 12 2 16 26 17 34 44 6 50 32 21 14 27 43 3 11 46 22 9 38 10 24 37
12 451 15 22 24 2 11 32 12 45 50 39 30 15 47 6 3 25 16 49 8 43 48 42 14 41
13 195 4 8 20 44 24 43 1 49 30 9
14 235 20 26 18 43 50 48 40 16 11 39 19 32 41 3 21 6 29 24 5 45 1 22 47 2 4 46 13 14
15 279 2 29 27 15 30 4 50 7 18 44 37 38 31 6 41 39 46 45 17 25 49 5 42 19 47 20 40 1 48 22 3
16 444 20 18 50 4 17 14 37 18 38 25 11 8 33 21 1 2 19 6 7 49
17 304 7 9 15 18 28 41 38 33 42 12 11
18 507 0 11 25 7 15 30 21 27 11 35 42 49 12
19 330 2 7 9 15 30 23 48 27 5
20 17 2 44 35 40 36 6 48 28 46 4 15 11 30 34 27 2 20 17 44 16 41 9 23 43 12 45 29 3 7 50 32 42 31 37 47 5 14 33 25 18 8 49 26 24 39 22
21 16 0 34 47 2 31 5 40 45 3 26 43 8 32 48 12 30 39 49 7 34 19 25 44 33 37 35 11 4 22 6 9 14 23 16 46 41
22 65 19 2 22 14
23 341 8 23 33 15 1 32 17 20 5 50 40 43 30 21 29 8 37 46 49 34 2 31 23 18 6
24 63 20 4 13 46 40 34
25 153 8 16 7 37 9 38 23 45 20 28 8 36 12 1 27 22 4 15
26 309 15 9 4 2 6 29 15 12 18 20 23
27 227 5 45 12 27 43 22 42 1 6 2 50 8 18 10 19 7 24 35 30 20 31 36 29 28 44 49 16 4 21 47 46 39 15 38 32 40 45 33 9 41 34 3 14 17 11 25 13
28 410 7 1 37
29 474 14 6 30 47 36 41 24 5
30 334 16 34 39 50 9 47 27 29 38 13 36 37 32 18 26 14 42 7 12 40 3 15 25 22 10 23 21 45 2 46 20 19 4 17 49 24
31 120 15 42 39 14 22 30 45 37 9 21 25 3 23 49 42 43 44 29 32 35 34 31 46 2 41 36 27 12 33 16 38 40 47 19 20 15 11 1 50 10 17 6 28 18
32 211 5 20 1 39 38 20 19 45 30 31 4 41 34 44 6 11 47 12 26 3 32 46
33 424 18 11 22 42 23 29 26 47 17 36 18 4 3
34 478 7 15 39 43 29 21 7 28 36 49 4 46 17 13 38 34 33
35 178 20 16 32 30 24 48 9 29 42 39 25 17 46 14 40 12 22 38
36 220 15 8 36 35 34 27 39 15 25 17
37 375 4 20 43 2 29 28 19 44 23 4 32 40 17 47 22 7 16 5 31 3 21 42
38 484 3 20 10 36 19 1 11 33 7 46 20 49 18 5 22 15 39 14 40 21 12 3
39 468 16 6 30 5 1 21 12 37
40 370 9 37 41 28 21 40 11 30 22 6 31 16 32 17 44 19 34 29 47 39 10 2 7 27 46 35 36 25 33 42 50 8 48 23 13 14 9 4 1
41 186 0 1 47
42 514 15 11 49 24 13 26 3 22 50 10 25 32 39
43 213 19 15 26 22 14 29 49 24 25 42 39 9 1 32 20 30 13
44 107 12 3 19 6 1
45 107 15 5 27 32 14 37 47
46 504 4 34 14 24 23 17 9 27 29 6 32 43 35 26 25 50 22 47 15 40 48 2 39 20 37 5 44 31 3 41 36 49 34 8 19 18
47 163 11 44 21 28 48 47 26 30 12 3 39 46 43 33 32 34 44 2 35 41 13 37 20 8 9 36 25 42 6 19 50 5 29 38 49 1 40 11 4 24 23 18 45 7 16 10
48 218 13 46 17 39 15 37 22 42 26 23 11 41 32 45 49 28 38 14 3 13 35 12 2 33 19 5 40 20 36 21 24 16 9 27 1 29 34 18 7 48 8 44 50 46 31 25 43 10
49 389 19 24 34 44 37 1 46 3 16 14 15 5 10 40 21 18 38 11 33 43 13 27 7 28 12 30
50 220 7 18 22 47 32 11 42 41 23 6 8 20 38 43 7 39 12 19 29 50
51 409 16 38 42 27 12 49 44 11 40 41 31 6 18 5 28 19 17 48 16 24 3 36 4 38 1 21 35 43 20 45 22 30 23 2 29 37 14 9 13 25
52 543 15 14 18 31 16 27 48 45 28 35 19 13 26 47 41 46
53 215 0 8 2 30 24 43 18 41 22 5
54 311 19 7 34 22 36 23 41 1 3
55 427 13 14 50 28 45 31 20 32 9 48 18 7 29 41 8 46
56 433 2 22 34 29 4 36 7 24 30 47 22 27 10 50 8 20 5 39 35 21 25 26 15 11
57 184 0 5 39 10 17 8 32
58 344 11 17 9 7 17 1 48 26 37 27 36 15 4 42 23 18 13 5 31
59 258 4 2 23 27
60 95 0 16 5 6 8 44 39 43 16 47 1 42 31 9 14 28 10 34
61 400 3 19 4 37 7 6 42 35 9 17 13 29 21 19 46 40 18 48 11 30 45
62 455 11 27 5 39 11 48 15 38 30 50 28 6 33 23 29 4 42 14 3 19 44 7 21 32 10 43 49 25 20
63 273 0 6 9 15 10 41 6 29
64 282 9 32 22 10 43 33 48 42 46 45 20 4 23 28 3 47 7 38 27 49 14 35 44 36 26 16 34 24 1 21 29 8 11 12
65 388 17 9 30 13 10 40 9 43 1 41 25
66 91 15 30 44 41 16 5 10 37 23 40 30 45 38 32 36 47 15 3 49 13 28 33 31 34 6 50 1 20 8 7 18 26
67 78 2 31 50 16 15 27 2 37 34 26 39 6 25 33 42 10 49 36 3 7 14 46 22 19 1 24 4 32 47 5 43 11 41
68 376 17 36 2 19 1 30 40 4 9 34 11 45 37 13 10 21 15 38 24 27 43 5 7 23 32 20 44 33 28 26 22 46 42 12 17 35 41 25
69 425 4 13 28 2 8 16 10 14 17 31 3 39 21 40 29
70 82 15 37 50 20 10 21 2 37 34 5 3 49 13 22 1 23 8 18 44 24 32 47 19 17 7 28 12 31 38 27 14 35 36 43 6 9 4 30 25
71 471 3 47 4 48 17 41 36 23 16 13 43 45 14 39 15 37 3 8 12 1 5 38 46 10 44 28 50 21 29 42 11 33 30 27 20 32 7 19 49 40 31 34 26 47 24 6 25 35 18
72 203 5 45 13 11 39 26 4 41 43 3 30 44 6 33 31 47 42 1 25 16 17 18 37 46 24 27 21 34 28 22 20 50 38 12 49 2 45 15 29 35 7 14 36 40 32 8 10
73 130 5 32 35 8 47 22 3 2 38 32 24 36 5 18 50 21 16 30 40 41 44 45 12 27 20 37 11 19 48 25 46 10 15 26
74 424 14 30 37 17 50 45 26 48 20 9 8 42 32 38 33 30 25 35 34 15 46 10 23 28 47 29 1 41 21 43 13 11
75 565 15 38 31 5 40 37 38 33 29 19 18 35 32 44 10 2 1 41 25 17 4 14 26 9 48 13 23 46 49 36 43 28 22 8 34 6 15 11 20 3
76 51 0 29 39 14 21 46 47 6 10 11 9 35 24 19 25 36 43 4 37 48 26 13 27 23 18 22 17 1 41 40 49
77 132 5 50 40 32 2 41 7 34 35 31 50 29 6 3 17 42 4 26 19 39 48 49 38 18 11 43 21 9 20 36 37 23 16 5 14 12 13 15 1 30 46 24 45 47 33 22 27 44 10 8 28 25
78 500 2 49 35 32 43 11 37 36 15 13 39 28 10 3 20 44 34 9 2 38 27 30 18 4 21 16 40 46 42 49 50 25 48 12 45 17 29 23 6 33 19 26 24 47 22 41 14 8 7 31 5
79 59 1 50 12 36 14 42 41 28 1 6 50 25 4 33 32 17 23 43 24 18 45 29 31 37 47 10 3 40 20 8 15 26 16 21 46 19 38 11 49 39 7 44 13 27 30 9 2 5 35 34 48 22
80 310 1 50 34 15 27 11 28 23 29 12 36 48 8 30 24 31 33 41 35 19 6 5 42 17 4 9 13 38 43 22 46 39 32 20 18 49 45 3 2 25 37 40 26 47 14 7 50 16 44 1 10 21
81 494 20 29 20 32 43 10 31 42 38 39 30 29 45 9 8 40 34 13 19 41 46 35 33 23 49 47 24 7 18 14 37
82 139 11 41 39 13 31 27 50 2 42 8 35 44 11 29 38 3 43 18 37 33 12 10 14 48 40 47 16 1 15 22 32 7 26 45 46 25 17 9 5 20 23 24 36
83 272 7 26 38 9 14 6 48 10 36 21 18 2 13 50 8 19 45 37 1 39 23 29 17 42 35 25 28 20
84 238 16 18 17 21 45 7 39 50 49 26 36 15 30 16 9 47 23 28 22 13
85 523 6 26 22 26 12 4 17 9 34 15 40 16 25 10 47 2 30 6 8 7 28 44 33 23 50 46 32 3
86 171 7 43 6 19 25 47 5 49 22 45 44 3 24 38 36 15 41 26 50 7 40 12 16 2 9 33 23 30 35 29 28 43 14 8 32 37 39 20 31 18 21 11 48 13 46
87 492 20 43 41 48 4 31 13 23 40 28 15 42 25 17 12 6 34 32 35 16 26 9 5 20 36 46 22 1 43 33 11 24 50 3 2 49 21 39 44 37 30 10 19 7 47
88 440 2 32 11 9 26 38 1 48 36 18 12 46 40 35 3 43 21 19 10 16 34 6 45 23 14 27 30 7 47 4 32 8 22 33
89 226 8 1 10
90 594 17 46 28 19 11 18 34 21 24 10 5 23 2 9 36 46 32 49 26 7 8 38 35 13 47 30 48 33 6 50 39 14 42 44 25 15 31 3 4 16 45 22 20 37 27 1 17 40
91 383 1 30 9 45 40 25 24 33 34 35 11 6 44 48 23 3 36 32 18 5 50 10 4 8 27 30 42 15 39 2 47 37
92 273 11 18 36 49 50 13 35 26 23 5 22 6 16 24 27 11 32 10 29 20
93 249 6 5 4 17 44 16 18
94 224 5 31 16 46 3 27 11 9 25 48 15 20 22 13 33 10 4 26 14 1 29 24 5 23 38 43 7 45 21 49 28 32 18
95 360 6 48 39 41 4 21 35 10 18 19 11 9 7 29 1 14 40 27 47 48 44 38 34 24 2 45 30 15 3 43 6 33 42 32 16 22 20 46 50 37 17 8 23 12 5 49 36 25 26 28
96 565 20 27 33 28 34 21 23 22 13 25 42 20 16 11 8 37 18 48 47 30 19 39 14 1 41 31 27 29 7
97 132 7 23 14 46 27 11 18 17 40 43 26 50 47 30 49 29 1 44 23 7 3 13 24 45 31
98 157 15 15 21 2 43 40 28 24 3 11 5 47 7 26 1 8 13
99 278 14 21 16 47 39 46 48 31 44 5 32 24 26 2 30 50 15 23 11 20 18 21 38
100 516 4 49 30 26 44 45 49 42 34 46 33 50 18 39 16 48 19 36 21 4 47 38 31 41 1 12 15 3 2 37 10 8 7 24 22 9 32 43 20 27 25 17 5 35 29 13 28 14 6 11 23
50
1 6
2 3
3 8
4 18
5 4
6 20
7 5
8 14
9 6
10 1
11 16
12 8
13 6
14 10
15 5
16 17
17 13
18 18
19 7
20 13
21 19
22 19
23 18
24 9
25 7
26 15
27 6
28 9
29 16
30 12
31 9
32 18
33 5
34 6
35 9
36 14
37 17
38 4
39 13
40 16
41 16
42 11
43 9
44 7
45 9
46 18
47 7
48 15
49 19
50 2
30
1 1 941
2 9 51
3 5 87
4 3 70
5 7 70
6 18 83
7 8 85
8 1 60
9 15 52
10 20 34
11 7 57
12 2 92
13 14 84
14 10 61
15 9 59
16 1 48
17 10 76
18 1 69
19 6 78
20 7 35
21 17 49
22 16 38
23 12 33
24 12 93
25 3 33
26 19 58
27 1 94
28 17 90
29 5 38
30 13 76
86
1 2
1 3
1 4
1 5
1 6
1 7
1 8
1 9
1 12
1 13
1 14
1 15
1 17
1 18
1 19
1 21
1 23
1 24
1 25
2 26
3 27
4 28
6 30
8 32
10 34
11 35
12 36
13 37
14 38
15 39
18 42
21 45
22 46
23 47
24 48
25 49
26 50
27 51
29 53
31 55
33 57
35 59
36 60
39 63
40 64
41 65
42 66
43 67
44 68
45 69
47 71
48 72
50 74
51 75
52 76
54 78
56 80
57 81
61 85
62 86
63 87
64 88
66 90
67 91
68 92
69 93
71 95
72 96
73 97
74 98
75 98
76 98
77 98
78 98
80 98
81 98
82 98
85 98
89 98
91 98
93 98
94 98
96 98
97 98
98 99
99 100
36
1 10
1 11
1 16
1 20
1 22
5 29
7 31
9 33
16 40
17 41
19 43
20 44
28 52
30 54
32 56
34 58
37 61
38 62
46 70
49 73
53 77
55 79
58 82
59 83
60 84
65 89
70 94
79 98
83 98
84 98
86 98
87 98
88 98
90 98
92 98
95 98
