997
1 174 14 50 29 25 26 42 33 13 21 50 18 7 35 12 27 37 36 16 43 11 31 2 1 17 34 23 39 30 8 9 44 46 49 24 15 32 48 22 6 40 3 4 47 10 45 5 41 28 20 38 19 14
2 504 15 22 28 30 27 8 7 10 2 36 20 14 34 25 21 35 45 46 15 39 47 26 43 33
3 161 15 7 19 17 11 49 34 10 28
4 478 14 25 25 37 2 16 38 33 30 9 24 43 35 48 18 4 22 26 31 14 3 19 15 11 44 10 7
5 39 6 41 20 4 11 40 36 28 42 1 22 39 45 25 27 29 5 9 26 2 49 41 8 14 13 16 38 43 7 15 30 19 21 23 10 46 37 44 18 34 12 50 31
6 480 19 12 7 10 17 5 41 43 28 24 4 34 21 9
7 599 7 43 39 42 12 44 41 20 30 21 17 28 27 26 45 24 5 33 25 31 8 9 16 11 13 6 32 15 22 49 47 37 14 38 43 3 19 2 35 18 10 36 50 23 29
8 68 5 42 26 12 23 17 47 32 22 45 37 40 44 19 5 41 10 29 20 39 13 46 49 30 35 1 2 50 18 15 9 4 36 3 27 8 48 42 33 16 25 7 38 24
9 148 14 13 40 39 35 14 32 8 11 10 29 33 2 22 36
10 193 8 19 43 29 35 13 5 40 8 31 19 32 23 50 7 49 17 33 28 25 36
11 379 10 3 34 20 26
12 350 20 16 7 4 11 2 25 49 26 31 42 35 23 32 38 16 27 10
13 102 14 36 3 8 44 47 6 35 45 19 27 38 50 9 33 36 21 2 12 23 43 25 17 24 49 37 10 14 13 29 41 48 32 1 22 34 15 46
14 552 2 23 41 11 20 45 32 40 35 14 44 4 9 21 24 23 2 49 29 16 38 34 48 37 30
15 529 4 25 11 29 9 48 6 14 21 27 20 23 42 10 25 7 22 45 36 41 44 30 43 39 35 38 3
16 161 0 18 21 37 42 9 4 31 39 7 38 49 19 1 36 41 10 23 33 26
17 151 7 17 4 45 37 18 26 15 50 10 36 31 30 32 7 43 47 16 49
18 356 8 12 26 43 49 40 42 41 32 20 46 9 8 2
19 568 15 8 50 46 18 48 47 7 3 8
20 511 14 18 27 1 12 20 49 28 3 40 50 16 44 30 46 9 25 24 35 7
21 290 12 50 22 44 43 32 16 9 25 3 8 15 1 7 42 31 23 30 29 33 50 34 48 45 12 17 4 37 10 40 49 26 13 19 46 27 14 24 20 38 28 35 41 36 6 39 18 2 21 47 11 5
22 80 10 36 27 11 13 29 4 24 42 25 3 28 8 48 46 20 1 38 26 6 37 23 30 43 21 36 17 34 49 40 14 41 47 45 19 32 5 12
23 290 14 2 32 47
24 589 16 29 6 24 23 44 37 3 13 35 14 10 7 36 5 2 28 48 17 27 4 20 19 9 30 40 8 47 45 29 42
25 189 4 12 6 50 25 23 27 9 39 2 10 17 16 19
26 269 8 8 44 48 8 24 10 43 22 1
27 497 4 42 21 8 44 45 41 33 18 37 25 15 4 42 12 34 26 9 43 31 27 1 47 39 20 30 16 28 35 23 50 49 19 32 17 13 40 22 46 29 2 14 36 48
28 310 16 26 8 7 14 35 18 37 43 10 28 47 23 13 19 16 27 50 42 9 21 22 3 5 17 15 34 31
29 318 15 27 25 44 13 15 1 47 2 3 35 4 22 9 38 8 26 41 16 19 33 11 49 30 6 46 29 27 24
30 143 20 38 41 46 4 42 13 48 3 12 21 44 47 36 25 27 15 10 28 45 17 23 19 14 11 37 2 49 38 6 20 33 26 32 35 8 22 34 24 31
31 495 13 14 46 11 50 43 37 12 29 49 3 38 25 14 44 26
32 148 18 50 19 21 14 42 45 7 16 12 33 1 5 18 4 15 37 11 36 20 50 31 43 10 28 35 34 24 3 29 40 49 13 46 6 44 8 9 38 47 2 27 39 17 25 22 48 30 23 32 26 41
33 168 9 10 36 46 21 43 3 25 24 18 20 39
34 239 18 44 6 10 39 25 4 23 2 32 30 41 27 20 12 48 21 8 45 9 28 33 22 14 5 31 17 13 46 16 50 19 42 49 3 36 34 40 24 37 38 15 29 47 11 35
35 439 10 6 2 27 30 13 48 41
36 408 16 13 36 6 47 42 44 23 16 24 22 50 38 30 28
37 426 9 19 18 29 42 27 24 13 7 20 9 16 38 46 36 30 50 17 10 43 25
38 16 1 6 40 1 4 45 36 9
39 337 16 17 41 32 39 9 42 27 19 10 12 35 17 8 22 14 38 44 18
40 373 18 40 31 33 40 45 42 48 12 2 35 20 38 10 5 7 16 23 49 4 11 6 32 41 1 44 27 24 34 15 13 28 50 46 26 21 8 36 14 39 22 25
41 131 13 39 30 31 25 16 38 19 44 13 39 29 2 23 43 42 3 36 9 48 35 45 26 8 5 10 7 15 1 28 12 33 22 49 6 11 27 14 47 46 24
42 346 7 48 37 14 21 8 39 41 1 20 11 4 25 38 31 10 29 9 44 30 6 28 43 26 42 15 17 7 12 34 24 27 19 16 45 40 50 23 33 32 48 5 18 13 2 22 36 49 46 35
43 177 7 15 24 27 14 8 43 17 5 36 34 3 2 46 38 42 39
44 504 17 18 10 6 39 4 20 2 3 34 32 19 11 49 9 35 41 28 30 1
45 571 11 41 24 28 50 20 22 34 15 30 12 3 40 49 8 48 14 45 7 29 23 9 21 32 19 6 11 35 13 25 37 18 39 27 2 47 36 42 33 46 16 5 38
46 431 5 23 37 35 11 4 8 12 42 41 32 9 45 21 14 30 25 36 6 19 44 5 17 28 31
47 220 12 26 39 6 24 38 17 30 42 31 34 16 21 15 29 4 25 23 19 26 48 32 50 2 35 40 45 49
48 267 20 2 34 6
49 304 10 29 1 22 35 32 31 25 18 23 20 8 29 45 40 5 13 7 4 17 24 15 27 48 41 42 37 12 30 9 46
50 146 16 46 25 5 40 32 31 39 49 33 26 41 4 38 42 9 18 14 23 1 30 24 7 46 48 10 44 15 3 50 2 27 45 28 11 36 34 43 12 6 21 16 37 20 17 19 35 29
51 72 11 19 38 33 11 22 49 29 3 23 2 17 36 4 32 28 41 16 19 15 39
52 91 4 44 20 43 46 1 24 28 14 11 48 34 12 16 38 41 29 27 7 35 49 17 26 39 42 50 6 19 33 10 21 15 32 31 4 13 9 25 37 22 8 36 30 47 40 2
53 233 8 27 15 31 25 43 20 44 13 3 7 37 40 49 50 14 10 47 16 26 32 19 35 48 29 5 41 34 9
54 507 14 28 30 29 7 48 42 21 6 31 41 26 33 46 24 49 27 35 45 16 9 43 28 38 20 47 37 40 19 14
55 448 7 18 30 41 35 50 32 36 24 46 27 42 20 4 13 29 22 19 5 17
56 248 1 5 22 44 8 2 14
57 190 8 20 15 18 36 47 31 10 29 39 3 27 19 34 38 8 41 35 9 32 12 23
58 16 13 6 27 39 38 10 49 41
59 67 3 7 8 36 49 33 1 47 31
60 262 6 33 50 19 5 42 37 1 18 10 16 24 14 46 9 29 48 15 44 2 28 6 20 11 43 31 35 23 40 30 8 22 26 13 47
61 73 15 26 42 16 12 45 8 9 7 31 4 41 48 14 28 22 5 47 44 15 6 34 26 25 46 17 39 3
62 235 3 39 17 31 29 39 48 37 6 50 12 36 20 25 13 22 43 40 23 18 41 1 11 16 4 28 14 5 26 24 30 19 15 2 46 32 8 27 49 33 21
63 276 12 30 40 7 10 31 26 6 12 42 41 20 2 37 14 23 19 18 3 50 1 4 27 28 11 44 49 46 9 24 5 43
64 89 1 2 48 8
65 522 1 30 30 23 4 22 34 36 46 16 38 48 12 40 49 3 39 42 18 9 24 13 15 37 26 33 11 20 6 27 47 28
66 264 11 20 32 47 7 12 1 46 21 19 26 30 3 45 49 28 43 41 5 6 33 25
67 385 12 1 11
68 495 18 42 34 14 19 26 1 3 16 5 33 12 42 31 48 6 47 43 37 29 20 13 7 50 15 21 27 40 24 28 36 35 22 18 49 9 25 2 17 11 44 46 39 30
69 449 14 13 11 9 36 1 5 20 2 31 40 45 44 38 26
70 496 10 20 42 36 18 6 30 35 11 10 23 2 49 24 48 28 17 50 9 32 16 3
71 364 10 19 23 17 1 27 47 25 3 18 41 12 39 31 15 2 43 42 8 22 13
72 495 8 44 19 14 2 8 35 16 45 40 21 31 33 39 17 25 38 50 5 7 37 10 3 42 43 48 49 20 41 11 12 6 32 44 4 1 23 22 13 28 30 29 9 27 36 18
73 588 2 22 45 42 3 33 48 11 26 36 4 38 32 12 5 19 15 24 47 43 2 37 8 30
74 307 7 28 30 9 11 34 4 43 25 12 26 17 7 31 24 18 50 16 5 40 8 39 35 29 22 10 23 13 20 3
75 516 1 13 16 43 41 44 2 4 34 14 8 33 1 37 3
76 89 18 35 1 21 20 39 16 33 17 25 42 14 26 37 40 30 12 35 2 4 28 24 32 11 48 5 38 47 15 23 18 36 41 49 3 10 6
77 521 14 38 42 32 31 26 22 38 37 21 19 48 8 47 28 45 36 11 44 49 27 41 1 30 29 7 24 46 18 40 3 13 9 34 33 10 25 35 17 20
78 477 1 43 46 16 34 6 43 41 21 15 8 32 17 29 37 11 42 44 31 33 5 47 23 19 20 24 38 25 13 48 39 26 18 50 27 28 4 35 10 22 12 9 49 7 3
79 139 20 15 46 45 6 20 32 22 9 21 3 33 15 12 7 49 18
80 97 2 31 16 45 44 22 2 43 39 1 12 4 5 34 33 29 32 42 19 49 48 40 41 6 7 50 11 9 3 14 23 30 10
81 79 11 19 1 19 29 4 49 26 38 7 14 25 23 8 39 12 6 20 45 22 18
82 292 9 44 15 25 37 28 47 46 33 3 29 20 39 11 10 16 48 43 40 14 36 4 45 7 22 26 6 5 41 30 2 18 35 21 44 8 9 34 19 17 31 24 49 32 1 38
83 279 13 22 2 41 45 13 40 43 1 10 30 11 5 44 18 35 25 33 12 37 21 38 49 23
84 489 13 33 16 39 40 2 12 44 29 43 1 22 17 14 20 28 24 35 10 45 32 15 49 42 5 4 25 13 50 38 33 34 23 31 27
85 178 20 39 48 30 36 42 19 9 15 44 6 1 45 2 50 47 46 43 26 39 27 12 20 5 22 40 7 16 38 34 23 18 17 28 41 14 31 29 32 4 10
86 135 10 10 32 48 42 6 25 11 15 26 21 29
87 370 4 32 46 18 7 21 50 38 37 42 27 3 20 29 2 14 8 13 6 34 44 39 30 10 15 17 32 45 28 16 22 26 41 48
88 412 13 39 25 12 9 49 23 8 24 26 31 7 22 2 36 33 21 28 46 14 17 39 41 1 40 27 16 11 37 47 45 4 18 44 42 29 5 6 38 30 19
89 576 9 40 35 20 12 9 11 39 13 43 28 40 37 18 10 7 16 4 14 1 21 31 22 24 49 27 50 17 25 32 15 48 3 44 38 36 34 30 41 6 19 47
90 571 1 39 49 30 47 17 42 40 5 39 25 32 27 18 24 28 7 16 12 15 35 23 21 31 19 3 29 41 22 1 43 14 37 46 13 9 45 36 44 11 8
91 387 2 45 33 40 15 3 24 16 23 31 28 34 8 22 11 26 7 20 5 19 38 27 37 32 35 36 6 21 9 13 41 29 17 10 45 50 47 30 25 12 1 39 18 42 4 48 46
92 583 2 20 25 15 10 46 26 29 23 48 22 7 19 17 8 18 39 42 27 2 14 1
93 96 15 33 27 44 20 43 7 26 22 1 11 33 32 10 50 38 12 47 31 37 17 40 29 30 3 34 6 2 14 48 41 5 15 18 21
94 46 19 36 20 34 3 6 42 38 5 16 46 32 13 10 26 15 23 40 21 22 25 29 39 17 12 9 36 4 2 43 1 14 7 30 45 18 11 47
95 586 14 23 19 34 41 17 22 5 7 44 23 36 10 24 37 2 33 35 16 31 4 21 28 1 47
96 277 20 27 40 29 2 25 33 18 6 37 48 9 17 38 32 20 21 39 16 36 3 1 47 13 44 24 11 10 23
97 499 15 44 9 6 45 48 49 50 20 29 14 5 8 23 34 11 7 22 40 31 41 33 12 28 19 10 2 1 39 38 24 46 18 26 15 3 36 42 44 17 32 35 25 47 30 37
98 393 14 27 40 11 8 1 14 49 46 7 44 6 29 3 15 17 20 12 28 5 22 30 42 26 16 18 43 48 21
99 564 19 14 11 17 32 42 43 1 12 9 8 44 29 22 27 37
100 282 20 14 9 8 15 23 36 14 40 28 19 4 43 5 16 3
101 425 14 26 49 43 19 26 37 36 33 45 1 28 35 50 30 16 25 13 9 7 32 38 11 18 34 15 3 5
102 286 17 30 19 14 37 39 22 25 18 1 35 3 26 20 33 36 27 44 4 48 15 13 7 45 28 12 8 23 5 17 49 31
103 462 14 39 13 23 22 49 44 42 26 5 7 33 4 32 46 15 45 35 37 12 18 30 14 47 40 20 6 29 27 11 48 21 9 43 10 50 41 19 39 25 36
104 200 3 1 14
105 499 16 6 50 8 41 40 16 43
106 55 16 30 15 6 49 50 32 11 3 48 29 8 40 5 7 4 9 18 43 26 47 12 31 19 10 24 42 21 41 27 25 28
107 53 6 33 25 37 34 12 1 43 16 20 2 32 22 27 39 3 14 44 5 48 38 36 15 10 46 50 13 8 33 18 41 28 29 17 40
108 556 2 43 34 31 44 41 15 12 33 7 13 11 27 45 19 36 20 46 14 40 30 47 22 6 9 28 50 39 17 5 49 25 38 26 35 32 16 43 10 1 21 24 29 2 3
109 39 20 21 29 2 9 25 21 49 41 7 35 44 3 48 17 43 11 22 37 13 19 8 16
110 323 3 45 38 47 26 49 15 40 41 43 8 2 9 25 3 37 29 10 31 46 11 16 22 21 24 4 36 32 6 7 23 28 39 35 30 27 42 5 34 44 50 18 13 33 14 20 45
111 442 18 39 37 46 6 7 26 21 31 22 2 34 13 32 4 20 17 24 41 27 16 42 28 40 44 36 49 30 47 50 35 18 23 38 8 15 29 5 11 43 12
112 197 1 47 27 4 39 15 38 11 21 1 35 13 34 24 18 44 32 33 5 31 19 8 16 45 48 47 41 26 3 17 46 43 10 49 50 40 28 14 42 9 29 25 7 22 37 6 2 20 36
113 122 5 29 4 27 8 29 17 26 13 16 45 22 46 6 47 41 9 14 12 50 30 43 20 25 23 24 2 19 42 7 21
114 276 18 44 3 29 47 13 5 7 11 19 25 4 21 15 14 37 18 26 50 34 27 22 39 48 40 16 44 32 46 30 23 31 35 28 9 36 17 33 2 43 10 45 38 12 41 24
115 521 6 44 45 13 6 20 29 40 1 37 23 3 43 25 44 2 47 8 50 39 22 30 19 28 14 5 32 16 27 46 41 31 42 4 10 33 12 49 17 15 24 26 36 9 7 21
116 57 12 38 32 19 37 5 43 8 3 30 4 38 36 1 18 35 46 29 27 25 14 50 42 10 9 45 22 26 17 21 40 16 31 24 13 7 11 34 41 47
117 361 2 19 31 16 9 35 41 38 8 5 18 36 28 10 33 7 3 29 22 20 24
118 112 18 39 30 41 6 49 50 18 16 1 36 3 44 14 15 34 35 45 32 21 10 2 26 8 48 28 11 9 4 19 39 12 40 7 43 5 20 27 29 37 23
119 113 17 47 7 12 34 29 4 49 35 1 19 5 26 32 9 42 40 50 23 21 43 33 38 13 25 14 31 45 37 20 8 3 18 30 11 22 2 27 44 39 17 41 47 16 6 24 10 46 15
120 293 8 39 17 35 8 43 30 9 22 38 40 44 33 20 34 45 16 24 2 3 10 13 11 32 48 37 19 46 14 39 25 41 31 5 36 28 7 49 26 1 29
121 382 8 43 29 11 40 38 18 25 41 2 19 32 17 44 26 14 20 30 47 27 39 10 23 31 5 33 48 15 46 9 3 35 28 7 43 13 49 24 16 42 22 37 1 50 4
122 197 4 14 7 42 50 49 30 47 43 44 25 6 26 17 27 41
123 251 4 4 13 49 50 9
124 13 0 22 26 47 49 25 50 4 2 33 21 44 15 30 38 42 10 24 28 36 8 3 32 27
125 230 16 2 29 14
126 113 10 16 25 20 34 11 32 45 27 6 24 46 1 15 36 4 16 28
127 159 13 16 39 18 5 35 20 33 45 44 6 49 50 14 24 34 12 41
128 149 2 7 13 17 28 41 25 24 5
129 113 7 41 36 48 44 14 16 6 4 30 29 38 15 11 26 25 9 31 1 37 17 23 10 13 33 2 47 22 49 12 5 41 40 28 20 27 21 8 46 42 43 34 45
130 124 6 18 38 6 30 17 4 39 35 49 34 2 28 7 37 21 23 40 29 3
131 205 11 31 21 19 37 28 17 16 24 10 27 2 42 32 47 30 31 9 40 3 20 4 43 22 41 6 29 8 15 13 50 49 33
132 160 16 17 25 26 17 31 16 12 7 42 10 34 35 2 48 3 20 4 41
133 256 13 18 41 48 8 31 19 18 45 14 34 38 40 10 11 9 26 30 25 3
134 111 16 37 36 46 35 7 23 6 49 19 18 38 5 48 9 34 3 50 25 4 44 41 31 24 14 20 26 1 30 16 29 27 32 12 22 21 43 37 33
135 224 16 30 46 3 26 39 20 23 22 30 28 47 13 29 40 37 48 16 12 38 41 15 36 8 6 42 19 2 11 4 10 34
136 505 18 28 5 9 32 48 25 47 31 17 37 8 13 24 36 30 6 34 42 40 39 45 4 38 18 26 35 15 33 21
137 12 17 30 23 9 41 39 12 35 3 47 19 4 46 34 25 40 14 24 29 44 37 1 33 22 7 26 16 11 20 42 38 15
138 63 18 38 5 10 37 47 41 30 4 21 25 45 12 28 17 2 3 48 24 50 43 33 26 13 39 23 22 1 40 9 49 29 34 14 19 27 16 42 46 8
139 395 4 10 34 4 15 9 44 24 27 41 14 26
140 548 12 37 28 14 12 13 38 33 21 30 19 2 35 9 20 4 6 24 23 16 37 39 41 10 11 17 48 42 47 31 45 49 3 27 5 15 40 32 34
141 302 3 5 7 25 11 8 43
142 569 7 25 17 16 7 4 33 26 19 14 39 43 10 31 8 42 36 32 40 13 48 15 44 6 38 22 9
143 214 3 38 23 22 50 49 8 34 11 16 47 12 44 45 14 40 31 43 25 21 3 15 46 20 48 26 35 28 2 24 37 39 5 38 33 18 6 30 27 4
144 559 18 24 16 10 8 39 30 41 17 44 32 6 2 23 35 15 48 33 5 1 43 18 46 4 50 38
145 424 16 5 24 23 22 28 14
146 581 2 32 28 50 31 20 9 41 46 27 34 8 18 38 22 2 48 6 23 19 11 49 40 39 5 10 29 44 3 45 12 42 14 25
147 344 5 42 48 37 11 14 9 47 36 26 4 16 44 8 50 25 30 23 32 33 24 28 12 43 42 10 3 21 6 5 17 31 2 20 49 19 41 46 39 34 45 15 29 27
148 449 6 46 49 17 4 30 32 18 36 40 25 38 21 13 1 22 33 12 19 35 31 39 20 10 9 26 28 6 37 42 11 24 3 43 14 44 7 48 2 15 47 50 23 16 34 27 5 45
149 323 5 14 33 39 14 21 11 8 34 26 19 10 37 30 7 4
150 402 9 50 35 25 30 7 44 5 43 14 2 10 4 37 24 6 17 36 32 49 3 48 18 33 38 13 45 12 46 20 40 50 29 47 9 27 34 11 8 28 19 15 31 41 16 21 39 42 23 1 26 22
151 453 17 16 30 12 22 33 5 3 29 43 27 37 39 40 20 14 11 23
152 203 15 40 1 24 41 11 22 12 10 20 2 13 30 5 49 27 36 50 40 25 47 32 34 29 6 8 31 44 45 21 7 19 16 48 18 17 37 9 35 14 39 46
153 361 2 30 23 10 18 17 11 43 47 22 49 25 19 16 26 46 12 2 37 14 20 50 15 42 45 1 5 36 7 30 48 44
154 535 12 49 33 46 45 5 24 14 27 4 39 44 16 3 29 19 15 10 48 30 1 13 8 41 9 20 40 47 6 43 49 23 7 22 21 12 26 37 42 2 38 18 28 17 50 11 34 25 35 36 32
155 396 5 15 12 13 34 14 32 37 8 15 38 30 25 11 45 1 26
156 556 5 26 5 40 11 35 13 12 3 27 31 16 48 22 2 32 6 1 4 45 17 14 41 20 43 28 42 21
157 86 10 31 40 10 1 15 44 12 24 48 30 38 45 6 9 46 41 20 29 28 14 3 2 26 49 47 13 4 35 17 21 18 22
158 529 13 35 12 16 22 23 47 49 44 18 11 48 28 36 31 43 13 6 2 27 41 50 40 32 38 15 4 21 20 46 33 45 35 24 10 8 34
159 414 11 18 30 45 19 8 5 20 33 15 41 38 9 10 3 31 35 24 47 22
160 59 17 30 46 45 3 38 50 47 27 42 36 28 35 8 40 19 33 48 25 37 29 24 43 10 11 9 4 2 26 22 6 13
161 240 7 43 1 11 32 9 25 43 37 24 5 2 21 7 42 33 12 10 44 17 48 15 34 50 3 31 22 29 47 13 28 35 19 23 49 6 46 38 27 20 4 36 16 30 26
162 33 17 18 1 15 25 24 4 26 3 36 39 40 17 45 11 8 2 5 47 48
163 214 17 20 12 5 28 18 49 19 21 8 34 45 37 30 50 17 48 39 11 25 23 46
164 446 16 15 42 29 27 23 21 26 28 1 32 19 48 50 49 16 39
165 410 2 19 47 29 2 12 31 48 32 39 40 1 8 21 20 30 35 19 23 4 10
166 144 19 21 13 14 5 44 16 47 49 42 46 34 35 28 10 39 18 36 11 23 9 33 30
167 162 10 16 34 24 40 18 2 41 22 7 43 38 16 11 17 15 23 14
168 153 20 6 23 13 49 43 38 40
169 57 12 6 30 45 34 31 2 4
170 152 14 19 37 34 12 26 16 15 21 43 29 2 39 8 25 6 13 23 32 35 44
171 241 18 41 7 34 28 1 17 13 38 36 45 43 40 26 29 46 23 47 6 5 35 50 30 32 9 15 42 25 22 19 18 49 24 33 21 16 44 14 11 4 3 37 10
172 13 16 26 18 41 8 39 24 31 46 3 1 35 48 23 5 44 16 34 28 47 20 2 27 40 29 15 50 6
173 497 16 6 3 33 11 6 19 12
174 252 18 1 2
175 396 14 7 10 37 9 32 42 49 3
176 44 7 14 8 22 35 2 21 16 38 26 36 15 25 32 33 10
177 196 17 2 9 1
178 53 18 40 9 14 16 31 12 11 32 34 7 8 47 25 27 20 6 17 38 49 22 46 44 5 26 1 23 36 4 3 41 43 39 18 2 21 13 29 48 24 37 40
179 570 15 28 36 39 29 3 24 11 27 34 44 20 14 31 8 16 6 43 18 33 40 32 47 10 28 2 23 9 48 41
180 374 17 46 46 44 30 39 22 28 9 10 49 19 17 21 47 34 26 37 29 24 4 16 2 35 13 6 42 27 23 18 40 25 20 15 33 1 12 50 43 3 8 14 11 31 45 38 36 5
181 423 15 47 3 33 41 11 16 46 8 4 34 50 42 45 36 23 31 48 29 10 47 32 43 35 6 39 12 5 22 15 38 27 1 21 19 14 17 30 20 26 28 44 37 9 40 24 25 49 18
182 304 15 28 1 24 2 3 35 37 38 7 25 15 21 50 18 30 49 32 4 39 10 43 46 23 9 41 27 36 34 48
183 200 8 19 33 39 25 17 37 2 15 29 22 23 21 34 20 10 5 4 44 6 47
184 196 20 43 12 33 2 45 41 38 34 1 37 32 49 46 27 10 9 24 44 25 21 23 30 19 6 28 43 26 29 50 7 4 39 47 40 42 3 13 31 20 5 22 11 17 15
185 155 18 15 8 20 18 33 46 45 37 31 24 4 48 7 27 17 49
186 312 2 4 38 3 6 44
187 188 0 32 44 14 30 5 41 43 17 8 1 34 29 18 26 22 46 16 7 21 33 45 28 50 23 9 3 4 12 27 15 42 49 35
188 462 20 40 5 34 44 25 13 1 37 41 23 17 29 18 39 47 14 3 7 15 8 31 16 4 19 27 28 45 26 20 42 38 24 35 50 36 9 32 30 12 49 2
189 489 2 32 1 38 7 2 30 31 39 35 26 10 46 47 22 25 15 14 16 12 32 45 49 9 24 21 34 5 40 13 44 28 29 37
190 49 18 9 36 48 49 29 13 4 44 11 26
191 547 13 23 43 12 13 10 30 26 4 31 24 35 5 40 1 27 44 29 6 38 23 32 21 20 36
192 311 11 12 36 34 9 26 8 12 37 38 16 30 3 6
193 483 6 11 31 10 40 45 30 19 12 49 44 16 29
194 71 9 31 14 22 7 41 48 42 45 17 9 28 21 44 49 38 23 36 26 13 34 43 10 24 46 29 1 18 25 39 32 50 35
195 92 2 2 31 44
196 39 0 24 12 3 49 9 41 29 20 39 35 7 37 28 21 45 14 13 16 42 38 2 22 46 47 25
197 10 13 50 33 4 37 36 16 23 18 7 28 26 1 41 42 38 50 40 49 35 43 3 25 22 34 44 39 17 15 20 13 30 6 21 12 10 32 29 45 14 46 11 48 9 31 27 47 8 5 24 19 2
198 410 3 36 15 30 40 4 28 45 25 14 38 21 29 46 2 39 19 33 49 37 34 43 36 20 1 18 48 22 24 32 16 41 9 5 50 12 10 27
199 67 4 48 10 28 7 24 19 22 31 35 23 8 43 3 46 13 27 42 39 40 30 11 50 15 4 33 29 41 36 45 6 47 34 12 2 9 38 17 16 37 18 48 21 44 25 32 5 14 20 49
200 389 20 40 23 39 34 21 1 47 50 37 7 38 9 44 31 46 18 48 24 26 3 32 40 25 6 15 30 10 41 5 33 22 29 12 35 43 27 19 14 4 17 16
201 527 13 20 15 1 2 29 23 44 7 30 8 48 36 18 11 19 35 43 20 10 16 12
202 60 5 11 1 6 2 29 7 31 20 27 19 50 36
203 366 7 21 14 43 17 45 50 31 29 18 38 30 39 40 25 23 12 41 42 4 19 13 34
204 227 2 15 1 50 30 45 32 36 43 19 35 22 46 18 26 23 47
205 398 10 38 27 39 8 20 6 25 44 2 17 43 21 18 31 46 11 40 26 13 38 4 47 37 28 29 33 35 16 5 9 48 45 15 10 12 22 42 24 32
206 417 17 49 5 19 17 31 26 42 40 4 10 30 33 50 18 22 27 32 28 47 15 14 1 39 3 43 34 2 44 16 6 25 9 41 12 37 20 21 45 24 48 46 8 38 35 36 23 29 13 49 11
207 121 10 7 36 25 44 4 15 28 10
208 201 6 32 32 28 23 30 20 43 9 45 24 42 14 29 27 49 44 39 26 19 16 13 1 36 12 50 17 33 34 25 22 15 4 8
209 600 8 45 3 49 12 13 8 27 10 45 6 2 41 29 20 18 25 24 9 50 34 22 44 17 14 21 33 11 39 7 4 31 1 37 42 15 38 23 30 32 35 5 40 19 46 43 47
210 422 20 46 8 26 15 20 39 36 19 2 45 50 23 17 24 1 22 37 31 29 41 16 30 7 28 21 46 44 9 13 34 18 6 10 12 35 5 47 27 40 32 42 3 33 43 14 38 48
211 454 16 25 14 3 30 37 4 2 10 32 23 27 50 7 40 46 15 28 31 25 35 22 9 6 19 18 49
212 312 17 26 27 20 7 17 26 39 36 13 12 49 4 14 3 34 42 40 38 50 43 32 18 23 28 45 29 35
213 497 19 48 31 16 10 22 20 13 9 42 48 26 32 29 25 34 46 30 45 1 27 5 33 47 35 15 7 50 6 49 37 44 2 40 43 28 23 14 12 19 38 11 39 8 41 24 18 21 3 36
214 466 11 11 34 18 48 30 25 9 46 20 1 37 24
215 436 17 23 12 1 44 24 32 28 41 8 26 13 17 39 38 37 2 21 31 35 19 7 50 20 22
216 452 13 19 9 39 48 12 49 41 10 20 24 18 37 28 17 2 32 47 30 5 21
217 260 17 9 46 3 23 17 34 12 21 30 28
218 203 15 17 9 29 49 17 6 12 27 40 20 31 28 46 25 45 42 21 30
219 335 2 27 11 28 37 33 14 47 3 18 44 38 30 43 21 46 4 35 9 8 39 41 23 40 26 12 45 34 22
220 199 16 1 39
221 182 2 17 24 34 44 28 4 3 36 6 45 29 21 41 16 13 33 1 49
222 531 4 32 38 19 46 3 49 8 13 50 18 12 41 1 31 5 4 27 21 30 22 48 45 10 7 24 42 44 17 25 34 32 20 2
223 567 1 44 10 16 5 27 37 42 23 21 25 14 49 19 39 4 45 3 35 44 48 9 15 38 30 8 34 26 1 36 18 24 43 41 13 17 11 22 46 7 28 50 47 12 40 20
224 380 17 43 33 31 16 38 4 47 50 8 18 13 40 9 49 3 24 1 15 32 7 10 35 48 28 36 17 44 34 23 11 14 5 39 37 2 42 46 41 6 19 12 29 30 45
225 183 4 29 27 24 2 28 39 35 38 48 15 34 6 11 40 23 30 32 8 33 19 25 50 13 36 46 26 45 4 16 37
226 244 11 42 40 36 1 50 13 32 33 31 37 28 47 16 11 12 25 24 17 8 3 22 18 35 27 10 7 5 46 42 41 23 20 38 19 44 43 14 26 30 4 6 29 2
227 120 8 3 14 30 6
228 203 4 18 39 35 41 7 21 50 27 44 37 38 29 32 17 42 47 24 14 3
229 247 14 2 20 34
230 542 12 25 20 43 48 37 49 32 13 34 12 46 33 21 29 3 38 16 24 44 18 8 22 35 26 25 39
231 63 8 1 19
232 253 17 41 47 19 34 4 11 12 26 21 20 49 6 43 45 28 3 48 29 36 32 7 27 24 30 39 17 25 37 8 10 44 2 38 35 50 41 42 33 14 15 13 1
233 593 15 5 9 41 46 5 7
234 392 1 49 47 6 36 30 21 15 3 27 8 29 42 1 41 22 12 38 33 13 4 37 48 17 28 35 16 20 19 24 25 23 26 45 9 39 50 44 40 7 43 46 11 18 34 49 2 14 5 10 32
235 28 4 44 8 12 20 6 17 35 45 37 4 28 25 15 33 7 48 10 9 1 49 11 13 36 22 19 39 50 24 30 41 46 34 38 27 44 43 2 32 23 16 40 26 21 42 14
236 294 20 29 27 47 43 15 45 5 11 1 8 23 22 36 40 3 14 39 31 34 37 46 13 35 28 2 50 10 32 17 48
237 369 16 5 7 29 31 19 6
238 478 10 3 48 4 26
239 93 15 9 35 23 48 43 11 45 37 1 31
240 575 6 21 12 30 49 34 38 9 21 27 24 31 13 35 11 14 6 3 46 39 48 41 1
241 566 10 29 44 33 45 11 7 41 35 30 8 38 26 24 14 29 19 47 39 50 10 36 31 16 20 34 5 12 32 48 3
242 416 5 17 2 35 39 19 48 20 44 50 10 22 13 42 3 25 15 9 37
243 39 12 19 21 7 39 32 45 26 3 35 11 10 28 43 38 15 2 14 46 49 33
244 530 7 27 35 47 40 5 32 50 3 24 42 6 19 28 1 44 16 41 15 30 18 2 26 34 39 12 11 17 21
245 298 2 42 7 6 18 14 5 50 17 26 40 9 39 12 15 31 49 38 21 37 28 32 48 4 2 1 16 22 8 33 27 23 24 36 35 46 19 25 3 47 41 42 11 13
246 243 4 26 5 36 26 46 39 16 27 33 31 2 43 48 30 18 21 47 42 32 9 17 28 35 19 7 4 3
247 136 8 44 37 24 6 31 21 23 50 39 32 33 9 49 29 12 25 46 40 16 42 34 48 22 5 35 10 2 36 17 4 28 20 27 13 14 8 47 7 18 19 44 26 45 15 30
248 80 1 32 50 24 15 9 40 6 39 37 1 25 2 33 28 42 22 14 26 46 34 49 36 18 21 17 8 5 38 41 4 11 16 27
249 314 2 39 36 40 48 15 29 11 31 38 10 50 19 17 45 41 47 28 4 37 22 39 25 8 7 18 6 12 2 26 27 43 20 1 9 24 32 30 13 16 5
250 279 12 26 22 48 47 27 31 38 50 35 10 12 4 1 13 30 44 49 40 17 6 36 20 37 2 18 3 5
251 168 7 7 24 22 33 1 27 45 37
252 279 19 7 48 32 33 30 38 21 31
253 225 2 25 27 14 50 45 7 38 36 37 39 33 17 47 20 3 4 32 30 46 21 23 43 49 44 41 29
254 268 12 22 12 1 47 18 27 45 25 26 39 44 20 42 38 43 16 49 6 21 17 5 31 8
255 198 7 3 34 40 46
256 350 6 34 23 45 15 21 8 42 1 46 44 11 36 18 19 31 6 38 20 4 33 13 41 14 3 7 39 16 43 32 26 28 50 49 40 9
257 135 8 28 24 29 26 49 36 35 5 23 39 19 15 7 44 17 25 2 16 22 14 18 32 40 34 50 11 43 47 27
258 555 10 3 1 46 21
259 124 5 27 4 35 25 31 39 3 41 46 44 12 2 13 20 21 33 32 34 6 45 9 47 18 5 42 10 50 40
260 24 9 29 7 5 46 41 21 36 2 28 26 23 17 45 37 11 18 47 48 22 19 33 13 25 40 10 49 32 39 27 9
261 145 4 25 25 1 46 12 41 40 10 14 23 6 21 36 26 8 48 29 9 7 22 47 2 4 11 39 32
262 43 1 22 42 8 41 34 21 19 45 47 24 20 31 32 13 5 26 6 11 9 16 25 15 2
263 370 1 41 28 39 16 43 50 8 41 4 11 6 44 9 7 5 21 45 35 10 38 34 24 26 27 3 19 25 49 32 18 22 20 1 46 2 31 13 37 14 47 17 29
264 408 13 49 42 41 17 14 50 49 23 12 16 31 7 32 28 11 18 15 6 10 8 38 2 36 24 46 34 43 20 47 5 9 37 3 13 30 27 39 25 35 40 22 4 44 29 26 19 45 21 1 48
265 584 9 2 4 24
266 249 16 30 40 16 34 43 24 9 29 31 45 25 32 33 49 46 1 7 5 23 38 47 15 30 3 35 18 22 11 17 4 20
267 132 20 3 33 43 4
268 590 19 24 10 4 18 8 20 27 3 29 16 23 37 40 25 5 26 17 1 42 21 15 7 39 48 49
269 569 0 31 46 32 29 6 19 16 8 7 23 26 20 31 27 36 50 22 49 37 34 3 4 1 13 39 42 24 5 2 15 43 33
270 556 14 19 17 20 31 25 33 8 48 47 9 49 6 23 28 21 44 29 35 37 42
271 383 6 38 3 28 13 16 22 2 36 43 39 48 5 34 33 20 26 7 45 40 9 30 46 10 19 6 1 11 47 29 8 50 15 14 31 41 32 24 12 42
272 467 5 27 3 18 33 16 26 9 37 1 13 5 12 42 25 44 8 21 6 22 19 10 48 30 40 14 49 35 43
273 340 7 42 50 31 27 11 18 21 47 16 24 29 40 15 42 46 48 34 3 1 17 20 39 23 49 45 22 30 44 14 41 7 36 10 33 5 26 37 13 38 8 43 35 28
274 335 20 2 38 50
275 449 19 22 10 23 1 9 36 25 45 14 47 17 39 49 33 26 11 32 43 42 18 19 48 38
276 542 13 29 18 24 35 4 11 43 5 39 50 9 19 13 25 7 40 49 12 1 32 20 10 3 37 36 38 46 15 33 27
277 428 8 31 21 7 29 43 9 33 38 16 19 50 35 3 25 31 49 12 18 27 32 26 15 24 6 4 5 8 40 11 22 20 36
278 168 4 2 38 23
279 212 6 36 4 27 30 25 11 37 21 44 10 19 2 28 41 48 20 38 1 8 40 22 32 5 12 29 14 35 24 3 36 49 6 33 42 50 45 31
280 21 15 14 38 8 44 25 9 46 5 29 36 41 33 49 6 32
281 585 11 32 50 30 9 44 25 28 23 24 45 14 27 2 12 4 42 6 48 37 36 34 22 17 1 19 35 39 8 18 33 5 32 26
282 119 6 11 8 26 22 37 21 5 27 11 2 1 4
283 236 11 50 21 15 38 35 16 46 8 34 33 3 10 5 6 7 29 28 17 47 2 11 44 39 32 26 40 25 27 31 22 45 24 43 9 30 12 48 36 19 23 42 37 41 14 20 50 49 1 4 13 18
284 214 12 33 11 17 49 27 10 22 8 38 4 24 48 16 21 2 7 44 14 25 30 32 31 47 50 45 37 33 9 13 3 35 46 36 12
285 97 14 2 35 20
286 158 20 13 1 35 12 41 3 33 42 46 22 7 48 24 9
287 238 10 11 20 14 13 40 25 2 33 12 10 43 22
288 406 11 18 47 38 22 42 23 39 45 31 3 4 19 5 28 9 1 46 48 17
289 501 14 47 37 39 3 26 16 12 11 21 2 42 31 49 23 35 36 13 9 43 38 45 29 8 15 25 20 10 50 24 22 34 47 48 44 14 41 17 32 28 30 7 18 19 46 1 6 33 5
290 75 18 41 15 38 19 11 35 33 47 14 36 31 20 17 1 12 13 8 48 39 44 25 45 3 30 43 28 50 2 46 9 22 4 24 27 32 49 29 6 42 5 40 37
291 201 19 42 28 18 25 44 42 38 5 13 3 47 26 21 36 35 40 27 4 22 33 6 29 10 34 45 23 11 39 15 17 14 43 24 48 20 41 1 50 16 7 12 9 8
292 380 13 13 37 27 48 46 49 1 9 20 19 5 2 32 30
293 250 18 26 28 49 46 31 48 9 8 27 26 25 17 19 2 41 21 16 43 35 12 20 15 29 11 7 13 42
294 589 8 30 37 34 16 20 9 38 48 21 33 30 32 15 24 12 41 3 46 26 4 6 31 1 35 22 49 10 14 8 13 27
295 65 19 15 14 47 26 27 1 5 50 25 30 31 41 10 20 45 24
296 435 7 33 2 24 1 8 5 22 25 23 44 36 3 29 6 7 39 31 18 42 48 15 30 9 38 17 26 19 10 27 32 40 20 16 34
297 296 6 20 17 42 13 21 2 26 12 6 19 20 40 4 28 46 44 39 31 11 1 30
298 440 7 2 10 18
299 594 0 44 8 19 44 16 18 48 27 36 28 37 38 5 47 9 23 13 11 29 7 32 25 26 46 17 20 34 30 39 49 45 24 31 3 2 33 15 6 4 14 41 35 50 40 43
300 458 20 35 15 28 32 18 2 26 25 36 10 34 11 42 40 17 24 33 4 23 9 35 22 47 1 49 6 21 3 27 45 37 12 19 31 8 30
301 387 18 31 13 40 23 11 18 10 21 6 49 46 39 2 42 37 47 22 32 48 28 33 19 38 35 8 12 17 41 16 27 25 5
302 123 19 42 44 16 42 1 29 50 26 23 18 5 48 3 49 10 8 7 4 37 30 13 34 15 40 39 20 6 45 25 22 19 27 41 47 33 28 38 2 17 31 36 9 43
303 357 16 26 31 35 19 44 4 22 48 33 46 5 21 29 8 6 26 41 37 2 7 10 36 45 30 20 11 40
304 284 14 5 17 5 28 1 25
305 565 15 12 25 22 31 26 1 3 17 18 24 10 23 37
306 545 7 17 45 40 35 31 49 22 10 46 2 48 24 34 8 27 17 26 12
307 429 13 12 13 43 32 33 39 2 22 19 29 50 15 49
308 18 7 36 12 4 17 33 20 27 44 31 47 46 11 37 25 22 42 30 49 6 24 19 45 5 9 13 32 18 40 14 48 38 50 21 34 7 2 39
309 50 9 20 44 26 36 38 43 3 47 37 41 1 33 24 22 17 5 50 4 6 29 8
310 506 10 1 34
311 80 18 24 39 4 43 27 6 48 38 2 34 22 42 49 31 7 50 40 20 46 24 33 11 9 10 3
312 423 2 45 1 6 18 36 12 44 34 28 39 33 31 35 32 20 14 8 24 43 37 13 10 30 4 25 3 41 46 16 9 42 22 7 38 26 19 48 15 47 29 40 21 27 45 23 5
313 135 4 21 31 50 15 30 5 40 42 49 16 26 37 18 2 39 20 41 19 46 4 14 34
314 341 15 7 21 11 44 20 13 41 45
315 445 17 3 9 39 15
316 188 17 43 37 25 21 23 5 45 26 33 32 13 47 40 4 48 50 17 18 14 16 28 7 36 39 42 35 44 15 6 3 12 34 10 8 19 29 41 11 43 38 24 46 2 49
317 118 2 47 20 37 34 6 39 11 4 26 7 28 38 10 29 50 3 16 22 40 35 8 2 44 25 17 5 13 41 31 32 49 47 27 18 43 19 23 33 42 9 1 36 46 21 30 24 48 15
318 590 7 11 9 19 42 2 33 28 43 50 41 45 17
319 414 4 43 36 20 43 3 15 32 35 19 28 25 38 18 37 46 41 27 14 39 22 48 34 4 45 50 1 44 30 17 10 8 2 23 49 42 5 9 29 26 12 11 21 7 13
320 469 2 38 1 10 6 16 15 23 4 37 7 8 46 19 44 48 47 36 33 3 22 28 34 17 27 35 50 29 39 18 30 43 49 12 2 45 14 25 13 9
321 422 19 27 44 21 40 33 9 27 4 7 22 49 15 41 25 26 3 2 42 43 32 29 6 48 8 5 20 10 28
322 85 7 14 29 6 31 27 20 17 1 45 14 35 7 18 44 30
323 364 19 41 48 12 10 22 44 15 45 6 23 5 31 3 17 16 27 29 40 42 43 2 34 46 28 41 33 14 1 39 37 38 20 49 11 21 32 4 9 7 47 30 18
324 157 9 25 39 30 7 25 8 13 5 17 34 31 21 18 10 41 11 23 15 45 50 6 14 24 20 2 33
325 121 18 4 46 9 34 4
326 153 10 42 2 7 19 46 8 22 18 27 12 14 29 47 35 16 30 15 6 23 41 34 48 1 43 33 20 40 50 38 24 9 3 5 28 10 49 45 17 37 42 13 44 21
327 412 0 33 45 32 43 13 17 14 25 11 40 48 5 4 10 20 35 15 36 42 21 37 50 1 39 27 46 16 22 47 34 44 3 24 49
328 426 20 6 27 12 13 1 3 4
329 171 6 24 25 41 18 33 28 1 49 11 8 47 50 3 22 19 13 30 37 39 27 9 16 38 26 2
330 158 6 38 31 23 43 14 44 3 21 20 9 12 39 22 35 1 11 19 33 16 49 5 24 42 6 38 17 45 26 4 2 41 28 50 34 25 40 37 7 10
331 10 18 38 11 19 47 30 15 45 32 20 48 16 7 43 35 33 8 34 9 1 27 29 4 50 17 13 14 21 46 6 25 42 36 39 31 18 22 44 26 12
332 510 3 7 19 8 17 36 31 38 42
333 109 17 40 35 11 49 7 16 22 12 41 10 23 26 39 40 43 48 4 25 46 18 28 30 38 29 45 17 31 3 42 2 27 50 21 36 47 15 37 14 13 44 8
334 589 6 47 11 31 5 36 24 44 6 15 3 19 17 39 12 45 14 32 47 2 30 4 41 16 25 37 21 23 50 7 20 40 43 26 28 42 46 34 10 49 9 22 35 48 13 33 29 38 8
335 485 3 41 9 22 35 30 45 25 14 29 19 42 6 3 44 28 13 43 17 4 26 36 15 8 20 23 32 1 41 2 24 10 33 46 31 39 21 16 49 27 50 47 12
336 193 3 3 2 48 16
337 441 14 22 30 16 7 2 24 19 50 17 9 6 4 48 32 36 34 46 26 8 11 1 3 33
338 497 4 15 7 20 34 16 1 24 49 25 4 28 46 37 48 29 19
339 517 20 23 12 27 19 2 32 4 23 22 17 28 14 33 38 8 21 5 44 48 10 20 13 43 6
340 285 3 27 45 27 35 23 33 2 37 10 47 43 30 19 34 13 49 11 21 40 26 7 39 38 29 50 12 22 41
341 350 1 31 42 16 39 14 28 6 44 36 13 8 41 22 47 27 43 45 25 26 21 19 2 40 29 12 3 10 30 7 34 9 17
342 312 2 37 21 19 18 17 1 15 35 45 6 30 34 31 37 39 11 10 4 36 25 33 22 32 24 42 38 50 43 2 23 7 41 5 49 16 20 46 29
343 530 1 40 46 36 42 4 19 5 13 27 28 16 31 30 44 11 9 34 49 50 24 17 14 33 2 29 35 6 20 23 18 40 37 41 38 22 43 1 45 32 7 21
344 489 6 18 11 4 45 20 46 17 35 9 28 37 27 41 40 25 16 39 14 42
345 102 18 23 45 2 43 32 12 27 1 3 26 20 8 23 29 31 4 16 24 18 7 17 42 39 21
346 18 5 17 15 16 35 13 50 7 36 2 43 28 49 40 24 47 34 42 4
347 190 16 19 39 42 20 50 6 36 17 24 29 5 28 27 11 10 47 30 14 49 21
348 331 8 36 40 27 39 47 35 23 19 37 10 41 11 14 2 18 33 5 44 22 24 28 50 16 31 42 30 43 15 38 17 3 7 49 46 8 36 25
349 352 0 30 49 16 24 6 11 33 22 43 27 35 41 8 39 32 9 10 30 18 7 45 47 19 34 40 2 44 50 3 36 15
350 14 18 30 40 10 18 31 3 25 39 30 7 16 35 37 22 9 41 38 45 44 36 5 26 13 28 11 24 4 29 47 49 48
351 485 0 19 39 47 37 32 9 45 15 14 18 40 48 3 4 21 13 7 2 28 22
352 201 12 7 49 35 6 45 11 14 42
353 271 2 33 10 8 11 32 15 36 49 39 13 29 27 31 12 20 50 1 40 25 42 6 43 38 22 34 16 35 23 47 46 44 45 48 14
354 122 8 35 43 11 19 13 33 4 22 47 10 32 23 49 25 42 34 27 38 29 2 9 37 50 15 12 35 28 1 30 16 17 7 44 36 48 14
355 292 18 43 44 20 1 11 16 49 15 24 42 14 9 34 22 38 13 10 28 2 7 35 36 21 6 23 48 29 8 31 41 30 27 19 17 25 3 26 5 37 47 12 32 43 4
356 367 15 33 3 35 4 32 49 36 48 21 26 17 12 45 25 19 22 24 34 2 28 47 8 7 42 39 50 43 46 10 27 40 41 30 5
357 247 16 35 12 29 17 48 33 32 43 20 38 27 4 40 16 7 37 47 6 34 22 30 14 18 8 1 23 24 3 44 2 11 10 25 13 31 50
358 350 14 32 24 31 4 9 6 46 48 26 34 27 1 25 3 18 21 12 5 17 14 11 30 32 22 15 20 41 38 49 19 35 42 36
359 132 14 22 35 12 21 39 9 17 26 24 50 10 2 15 4 49 43 8 32 40 18 3 14 34
360 548 19 40 38 27 20 8 48 29 19 40 21 28 10 22 47 46 9 43 33 31 14 44 7 16 41 37 35 49 45 17 23 11 4 50 24 34 36 12 32 13 42 26
361 453 10 14 27 23 6 42 24 20 25 9 41 18 14 49 28 15
362 189 12 43 35 29 50 8 21 43 15 24 3 45 33 42 36 25 46 6 38 37 18 5 27 2 40 22 31 30 44 20 32 39 12 34 26 10 48 47 19 9 11 13 4 17 14
363 66 17 27 11 43 14 40 12 42 45 41 6 16 26 20 28 3 46 15 36 27 35 5 48 19 30 50 37 17 2
364 489 18 38 4 5 25 3 17 10 32 18 26 43 31 38 22 34 11 6 24 33 37 21 9 30 29 49 40 20 44 23 12 35 13 19 45 8 42 36 7 48
365 114 12 29 12 44 22 31 5 7 20 32 1 30 4 6 25 17 49 41 28 26 21 42 35 9 16 18 29 34 50 48 43
366 407 12 3 14 19 30
367 548 15 10 3 5 46 47 45 6 43 32 14 11
368 236 2 39 11 10 37 16 4 44 14 24 26 28 9 29 15 39 12 3 21 40 47 34 6 1 43 38 5 19 45 33 31 30 48 13 17 20 23 27 41 35 36
369 36 6 48 43 29 41 44 30 15 11 5 25 1 36 14 6 17 47 38 19 46 34 3 24 28 22 20 9 8 18 7 35 26 37 33 40 10 49 23 45 21 4 50 13 27 42 39 12 2 31 32
370 391 17 46 19 15 47 18 26 17 36 12 2 20 39 28 38 31 27 16 11 23 50 40 37 30 41 9 33 42 25 6 45 49 34 5 29 24 3 32 13 21 7 44 14 35 46 10 48 43
371 555 16 19 27 48 11 43 36 47 50 41 20 25 40 17 44 3 18 14 15 26 35
372 430 15 1 48
373 480 20 18 43 41 30 10 24 7 45 36 13 38 32 40 46 22 26 2 12 25
374 166 11 23 31 10 43 6 48 28 8 38 45 39 9 4 33 23 40 11 14 12 16 24 5 17 13
375 501 20 12 18 29 46 1 7 37 50 38 49 30 39 12
376 125 16 3 11 42 9
377 482 9 28 13 15 21 9 30 47 37 22 20 6 27 44 46 31 11 45 29 12 39 38 7 16 4 2 19 36 28 14
378 480 2 17 25 9 10 12 8 6 39 41 22 47 11 31 14 50 33 18 28
379 346 4 50 17 45 32 37 50 15 36 30 25 9 7 33 23 21 35 29 16 40 42 47 6 48 27 2 14 8 3 12 18 34 1 24 13 39 41 20 44 22 26 5 46 19 11 4 43 31 10 49 28 38
380 265 7 19 19 43 38 4 3 18 5 37 45 32 1 12 47 36 23 2 9 11 8
381 33 12 17 41 37 34 28 10 43 3 42 9 33 29 2 4 44 39 1 7
382 23 8 16 24 41 1 26 45 35 43 2 12 36 28 7 34 47 31 18
383 424 9 43 31 27 39 16 49 50 11 7 35 22 41 19 46 36 5 28 10 2 33 1 6 15 18 9 21 32 43 25 13 45 20 29 26 40 47 34 12 23 8 44 30 24 48
384 474 14 8 10 8 4 34 14 7 39 19
385 522 7 7 49 33 8 34 10 45 25
386 537 17 15 43 40 25 10 31 48 47 39 35 22 27 5 19 50 7
387 579 20 22 1 39 29 36 47 18 27 8 41 10 16 30 4 35 32 23 2 44 28 20 33 38
388 294 19 16 8 21 1 46 41 18 33 43 12 22 49 17 7 10 4 35
389 131 1 36 3 17 42 14 47 32 8 34 20 41 10 2 29 31 37 5 6 7 46 11 22 49 26 18 4 45 13 28 48 21 35 15 24 30 38 43
390 46 8 5 13 17 15 34 12
391 46 20 33 33 2 24 29 14 1 17 35 50 22 9 32 10 11 27 25 7 43 19 47 16 3 12 40 4 20 5 28 38 48 21 30 15
392 393 19 22 40 6 28 18 11 7 49 31 1 15 4 29 33 27 16 48 45 35 24 43 41 26
393 347 10 8 23 50 33 15 44 46 28 10
394 175 7 45 18 23 2 25 32 9 16 10 36 13 26 30 50 17 20 39 6 5 40 38 29 12 46 41 3 4 28 1 11 34 31 19 42 7 48 21 49 47 35 24 43 15 44 45 37
395 324 3 42 17 2 20 50 45 31 27 47 23 3 4 11 46 42 36 37 24 43 48 28 12 9 16 34 10 26 22 25 18 14 30 35 7 33 8 5 38 6 32 39 29 49
396 401 2 22 37 42 10 38 32 11 12 24 1 17 44 2 34 33 40 50 48 43 3 27 8 47
397 233 19 18 26 23 27 3 47 11 44 46 50 34 12 2 18 39 9 48 7 33
398 233 16 18 38 9 46 26 31 28 7 39 17 1 12 43 35 30 42 8 36 44
399 153 9 3 14 45 50
400 107 0 27 43 20 17 14 5 40 1 44 10 31 46 27 37 11 42 26 30 35 47 39 18 24 50 36 48 23 41
401 440 11 35 3 25 47 34 41 27 12 14 38 24 43 7 11 49 32 2 18 42 5 45 21 4 39 31 40 29 10 6 33 23 36 28 46 26 20
402 368 15 35 30 24 11 6 12 15 34 32 8 27 21 20 40 37 7 39 18 22 31 36 47 14 41 5 1 38 33 43 29 9 10 42 50 46 23
403 332 8 21 14 41 10 39 29 24 50 25 22 18 12 36 17 32 16 4 38 35 37 42 11
404 407 2 22 44 15 21 50 31 1 38 49 41 39 16 11 32 9 23 27 4 47 5 24 14 25
405 86 13 48 13 4 3 17 6 2 33 8 25 45 12 38 28 14 1 47 50 16 49 35 27 46 31 34 43 21 48 11 41 42 29 9 39 19 30 24 44 5 40 20 36 22 37 26 18 15 23 10
406 372 5 23 14 2 16 35 38 45 23 9 27 3 42 28 29 33 12 1 41 50 40 43 4 46 24
407 215 2 46 50 46 11 41 49 2 35 4 42 25 18 40 38 29 15 14 32 44 1 27 8 22 10 23 5 48 34 47 28 21 13 26 7 9 45 16 3 43 37 19 12 30 33 17 36 31
408 421 15 24 44 5 2 16 40 22 3 17 46 30 10 25 1 28 32 20 8 14 45 49 34 33 43 38
409 202 0 46 11 35 7 2 16 48 34 20 3 14 24 6 1 13 8 37 38 27 17 23 44 45 4 22 42 18 31 49 28 47 19 21 43 5 12 26 33 39 41 25 30 46 15 40 50 9
410 280 1 34 13 34 24 18 5 19 15 48 33 32 47 11 9 7 1 41 50 22 21 2 43 35 3 39 25 38 23 31 4 26 44 37 27 14
411 324 8 44 10 35 3 19 14 2 47 29 15 48 12 49 32 4 1 23 26 30 31 13 50 45 41 16 27 39 28 8 43 7 36 20 44 37 11 25 46 21 22 33 24 5 6 40
412 298 13 13 50 42 39 11 41 27 32 29 5 2 37 46 44
413 382 3 17 6 12 40 42 38 50 22 39 36 33 13 17 2 32 5 44 4
414 276 7 46 34 11 48 37 18 27 17 7 1 5 19 41 21 6 9 33 39 2 43 8 28 38 40 24 26 23 10 35 31 29 3 16 49 50 42 15 4 44 14 47 25 13 20 12 30 22
415 487 19 29 33 41 37 20 1 45 2 8 28 36 40 22 23 7 44 24 14 43 49 46 42 9 27 10 6 3 26 31 15
416 579 13 15 9 20 7 46 38 45 8 31 5 26 40 10 22 6 14
417 547 11 33 39 32 42 28 4 48 37 1 50 38 6 10 36 44 20 18 33 40 43 31 26 46 25 19 45 17 3 23 41 34 49 12 21
418 183 17 33 3 2 10 13 34 50 32 21 45 39 8 1 29 31 33 9 28 25 42 18 17 24 44 16 5 48 41 35 15 23 4 47 30
419 338 5 2 2 34
420 417 17 22 25 40 24 48 20 39 27 32 29 10 28 16 23 6 2 33 19 22 44 35 34 46
421 458 12 41 50 42 16 39 36 47 19 18 20 28 27 2 48 35 44 30 41 11 24 13 43 3 1 38 46 33 34 15 29 40 5 10 4 9 22 8 21 23 49 32 6
422 328 7 10 50 47 41 29 25 35 22 14 23 11
423 372 16 40 9 47 46 13 49 45 23 36 8 39 16 41 20 2 5 38 12 1 35 37 28 7 14 3 43 25 4 15 31 44 17 26 27 19 34 6 40 10 24 48
424 531 7 17 38 1 10 34 4 46 11 50 8 2 18 20 13 37 21 44 5
425 31 13 25 24 29 35 17 5 7 13 46 1 25 9 34 26 49 48 40 45 44 14 37 18 4 41 23 43
426 215 20 33 12 48 7 24 2 45 9 13 40 37 33 20 11 32 50 18 41 31 6 36 19 49 15 47 38 14 46 10 4 23 16 1 27
427 125 1 42 38 32 35 47 40 5 9 25 45 34 33 42 37 23 11 3 36 41 12 15 16 7 18 46 50 30 2 44 14 20 21 8 4 24 27 6 43 26 31 10 19 17
428 279 10 5 41 1 39 8 33
429 265 15 36 9 44 47 20 14 26 40 41 36 31 5 35 4 1 19 10 39 28 15 32 8 30 48 7 27 29 50 38 3 25 23 18 24 22 46 34
430 366 9 36 39 30 41 5 45 2 50 3 49 8 13 1 23 18 28 25 20 21 15 44 22 11 47 24 26 14 17 34 38 16 10 31 48 29 42 35
431 345 20 24 15 31 10 36 35 17 50 38 44 29 46 7 49 41 22 40 48 45 9 2 39 32 1 34
432 559 17 20 27 32 21 19 29 11 7 33 4 16 48 6 13 39 34 1 14 46 12 38
433 326 2 13 23 39 29 10 47 32 6 48 36 9 19 4 16
434 219 10 21 17 39 20 7 21 4 34 9 8 23 19 48 41 35 42 32 45 27 16 18 10
435 123 7 6 27 19 49 7 4 48
436 571 14 50 39 7 23 41 26 36 21 16 43 19 47 35 48 37 11 6 9 22 30 3 18 44 28 1 29 46 13 49 34 50 17 12 42 5 25 40 27 8 2 45 4 10 15 14 24 32 33 38 20 31
437 75 20 36 23 37 42 6 13 30 21 40 25 45 11 18 15 24 29 32 38 31 50 44 33 12 19 16 17 34 4 20 5 35 9 41 2 14 7 22
438 184 3 47 22 43 30 46 20 48 50 6 1 16 23 3 26 21 2 17 34 38 35 44 25 4 28 15 32 39 47 45 5 19 37 31 11 24 42 36 10 29 40 41 9 8 33 14 13 49 18
439 19 4 49 14 4 17 20 34 23 1 45 29 25 2 49 42 9 37 31 41 50 48 26 47 24 36 40 33 21 39 38 3 18 46 19 22 16 44 10 43 11 12 28 7 8 35 6 13 32 5 27 15
440 126 17 41 43 32 5 35 4 24 19 6 31 11 17 30 1 34 48 3 10 18 8 15 27 20 7 50 38 42 36 33 29 46 25 12 44 16 49 39 26 28 22 14 41
441 115 8 13 39 14 27 22 43 38 46 3 40 26 13 6 11
442 169 14 30 41 36 43 26 11 4 3 40 1 24 6 20 46 35 12 34 9 42 45 33 31 27 16 14 50 23 17 13 15 10
443 140 13 12 18 15 39 48 36 42 3 34 27 13 45 26
444 44 11 38 47 19 9 22 42 26 27 39 2 35 10 29 41 8 32 14 30 40 16 20 21 3 49 4 13 31 43 18 12 33 6 48 38 23 45 46 15 11
445 276 16 31 17 7 40 6 24 10 34 8 23 43 4 27 45 39 49 41 21 15 35 37 20 32 2 26 14 13 29 33 25 42 19
446 115 14 49 42 31 41 21 35 22 50 10 7 40 37 9 30 14 19 3 34 2 29 5 23 47 44 6 16 26 12 13 36 11 32 49 20 18 15 48 33 38 39 27 24 46 1 8 45 17 25 4 28
447 427 14 1 15
448 313 0 7 32 2 8 28 33 6 13
449 584 9 13 6 20 12 42 38 40 30 27 17 28 36 11 7
450 194 1 9 39 17 49 36 8 24 6 33 22
451 308 9 1 4
452 434 5 5 33 22 34 45 31
453 14 15 27 26 22 24 21 3 30 33 40 29 17 8 49 16 23 44 37 28 7 14 39 20 42 27 12 11 32 6
454 348 3 42 3 26 12 42 24 44 37 6 38 31 21 8 11 19 2 15 22 18 28 1 32 27 5 9 33 30 23 17 50 20 4 43 36 39 13 16 25 45 35 34 7 48
455 79 3 35 46 11 26 14 27 33 40 35 31 25 2 47 29 49 24 15 45 37 3 36 43 19 22 41 6 44 7 30 8 50 23 38 39 4 18
456 467 20 3 49 23 37
457 181 3 45 34 35 43 44 50 37 26 27 8 22 13 16 3 48 32 2 40 49 31 15 18 30 20 1 4 21 39 5 10 29 12 17 33 45 19 11 9 6 41 28 7 25 38 23 47
458 507 1 26 31 42 48 12 32 37 15 20 40 5 26 14 49 4 25 24 11 17 46 13 34 7 28 18 27 6
459 523 4 12 2 32 7 31 10 27 17 37 28 6 22 13
460 560 20 6 41 14 11 24 44 13
461 329 8 15 35 45 17 46 15 24 37 44 48 6 30 32 3 22 11
462 474 13 13 50 6 9 30 40 21 43 22 27 31 34 37 13
463 331 11 46 12 40 5 3 13 32 22 19 25 2 18 50 21 41 27 38 46 16 8 20 48 42 44 49 39 45 15 11 28 17 26 35 10 1 23 30 29 47 9 6 7 14 31 43 33 37
464 336 10 2 42 35
465 114 18 6 15 1 28 13 43 8
466 529 19 21 38 34 36 33 1 42 2 7 9 10 15 6 43 3 11 49 30 44 46 20 28
467 72 19 11 44 26 5 46 37 41 11 31 34 3 9
468 88 15 5 19 44 35 10 2
469 489 4 8 38 3 49 15 1 16 24 9
470 377 0 10 25 27 30 35 21 32 29 4 8 7
471 139 19 22 14 48 32 11 47 8 18 2 6 30 7 19 33 13 35 5 25 43 50 46 27 29
472 361 0 24 14 44 39 7 16 21 15 6 22 49 37 28 41 31 1 38 12 42 13 45 32 25 24 47
473 126 3 50 4 10 45 48 6 17 16 26 46 44 50 14 41 31 23 20 47 8 22 33 40 37 27 19 15 38 11 35 42 30 2 1 9 5 32 34 24 28 3 49 39 18 25 12 21 36 43 29 7 13
474 231 11 46 37 45 48 41 2 21 25 34 9 39 24 26 5 30 44 50 32 17 18 22 35 6 46 15 13 3 38 20 49 4 29 27 33 16 42 43 36 7 1 10 28 12 47 11 40 19
475 314 1 38 9 45 14 3 39 37 50 4 7 21 22 36 30 49 41 28 48 29 6 1 11 24 34 15 38 47 31 35 8 5 46 12 18 26 13 32 40 10
476 100 13 46 29 19 47 21 45 49 22 38 8 14 12 6 2 48 30 46 43 28 33 4 39 25 27 41 18 20 17 34 3 35 31 9 37 26 10 40 16 42 5 32 13 36 15 44 50 23
477 225 18 1 29
478 537 7 16 44 22 29 18 4 46 36 25 13 2 33 26 7 49 17 8
479 280 6 7 25 12 28 29 8 44 49
480 188 8 16 31 44 47 48 38 37 41 16 28 23 34 3 33 13 32 25
481 308 12 32 39 17 27 26 37 6 31 3 15 38 40 25 24 30 16 5 34 43 10 14 11 35 36 47 32 41 23 33 19 22 44 48
482 531 11 7 19 10 29 46 3 49 40
483 162 18 45 50 24 49 44 37 35 22 7 12 26 3 1 41 10 20 23 21 43 15 19 48 38 40 30 33 39 29 32 45 27 28 4 16 46 11 8 42 6 2 17 31 47 13 5 25
484 291 6 34 10 36 31 17 27 2 48 28 47 23 4 19 11 43 29 49 35 45 14 21 38 7 8 6 39 13 22 46 9 32 20 44 26 15
485 585 7 40 49 20 11 19 31 37 47 27 6 43 15 34 22 3 36 48 50 17 29 9 1 30 23 38 45 26 18 32 42 7 44 28 10 8 40 35 14 13 39 16
486 432 7 21 41 50 28 31 15 7 1 25 32 18 44 47 48 3 10 2 23 46 12 20 35
487 215 11 44 8 24 15 14 20 33 26 2 44 5 50 6 43 38 37 27 23 40 7 1 47 30 29 13 46 34 4 19 42 22 28 32 35 10 17 11 16 25 45 21 18 39 41 31
488 346 7 16 46 43 20 44 9 31 49 42 13 24 36 40 6 27 25 23
489 262 7 12 22 12 46 44 23 43 41 49 27 40 1 6
490 525 17 47 21 16 33 9 10 27 37 36 3 48 14 17 5 11 26 28 50 1 38 4 8 6 18 29 20 12 39 32 40 35 23 25 31 47 19 30 34 43 24 42 2 13 45 49 44 22 7
491 344 19 35 25 20 45 38 35 16 11 10 14 36 1 34 9 22 30 27 31 12 7 26 18 33 23 24 42 21 43 29 2 40 44 4 17 48 49
492 201 14 10 13 31 18 22 14 36 21 30 1 9
493 46 4 17 27 19 12 4 2 20 23 25 14 13 8 1 11 43 18 15 28
494 528 17 35 27 49 38 10 34 21 23 20 19 16 25 35 45 3 40 11 8 22 17 39 44 1 26 2 36 43 5 6 31 29 46 37 15 42 30
495 98 13 19 40 34 35 47 16 8 25 13 46 6 18 50 3 21 17 48 30 10 43
496 107 19 46 45 25 2 42 18 31 1 5 27 13 28 50 23 41 15 7 8 44 39 9 22 47 10 12 6 19 49 26 40 46 4 3 24 21 38 43 32 11 17 34 33 37 48 30 14 29
497 299 9 6 46 1 48 25 50 24
498 417 4 38 6 49 40 9 1 18 14 17 29 47 30 36 39 42 24 12 13 3 15 28 43 35 38 46 34 10 33 27 7 19 44 25 41 50 37 16 26 32
499 421 5 39 48 22 46 30 21 1 45 15 19 13 31 32 17 18 26 33 8 11 7 40 35 50 44 27 49 5 34 25 3 6 28 23 41 12 2 9 37 47 20
500 380 11 26 41 3 10 23 40 9 45 18 6 5 50 22 33 12 44 16 26 1 7 20 49 14 24 35 39 2
501 452 11 37 11 2 15 24 49 5 36 35 50 45 41 9 13 43 19 21 38 34 17 27 32 23 4 7 39 47 33 25 28 12 10 20 14 29 46 37 26
502 301 15 4 19 36 46 29
503 158 20 21 30 44 43 46 29 42 31 10 15 16 50 24 19 3 12 13 4 2 41 9 39
504 438 20 12 33 29 17 6 49 16 42 31 46 41 37 18
505 177 18 21 14 45 11 33 42 39 32 1 16 28 38 24 21 22 43 44 10 29 19 27 9
506 177 0 24 10 48 49 46 8 17 41 28 23 25 38 4 20 43 26 11 42 14 13 21 24 36 30 2
507 273 12 29 33 19 11 32 22 21 46 34 15 9 7 49 44 48 24 38 13 45 35 5 12 50 37 4 17 39 18 40 23
508 202 19 17 2 12 1 43 10 21 45 3 33 22 31 13 49 4 16 44 46
509 471 5 42 3 40 39 28 49 20 9 13 4 22 16 45 26 17 10 48 41 32 30 19 34 27 23 18 14 50 5 29 8 42 47 15 24 44 2 33 11 12 1 25 35 46
510 271 16 25 18 30 21 17 9 13 46 6 42 10 47 11 38 1 19 48 24 7 4 28 50 3 5 44 40
511 343 5 41 24 17 29 36 1 48 25 22 42 50 49 5 47 11 44 7 20 15 34 4 23 2 31 30 40 33 39 35 12 10 14 6 16 19 41 3 26 28 27 38 9
512 404 6 36 47 13 9 39 8 27 37 17 11 14 32 29 1 50 3 42 40 16 26 35 48 19 44 24 46 33 22 43 25 23 38 18 41 31 7 45
513 117 7 11 40 24 48 22 4 3 7 8 49 6 32
514 545 11 1 36
515 380 17 39 44 39 3 5 32 18 36 47 46 31 49 37 35 11 48 9 14 12 33 19 4 16 30 42 50 43 8 1 24 7 27 13 26 38 2 10 20 29 28
516 332 3 1 13
517 585 0 25 27 37 41 5 16 48 25 22 14 8 29 6 42 28 15 39 35 17 45 1 24 26 30 3 18
518 154 18 6 9 14 29 8 11 26
519 444 7 29 12 39 6 35 4 45 43 10 36 21 49 11 33 14 50 47 2 22 16 42 38 32 13 9 30 26 37 34 3
520 163 13 8 7 8 45 34 5 42 13 21
521 414 6 28 40 4 32 19 6 49 39 16 37 8 43 27 23 34 50 18 1 21 5 9 20 26 11 31 47 41 29 17
522 326 7 13 11 30 7 8 24 15 40 35 5 14 1 42 44
523 491 11 46 26 19 45 38 2 42 12 39 16 15 20 14 27 25 1 17 44 10 9 35 49 18 40 41 36 30 7 11 5 29 28 46 13 6 43 47 31 48 33 4 22 21 8 3 32 34
524 72 15 11 50 13 38 4 3 22 45 28 19 16 2
525 472 18 10 36 24 17 1 5 22 27 42 3 48
526 200 18 42 40 49 35 15 30 17 20 11 10 42 36 47 7 19 31 45 18 41 32 37 27 33 16 12 44 22 24 3 26 4 43 5 29 6 39 14 48 34 38 13 25 50
527 20 13 1 33
528 404 13 9 12 19 29 1 25 40 36 44 45
529 576 0 7 47 10 1 43 35 8 26
530 63 6 38 3 27 43 5 37 2 48 28 35 25 44 21 50 29 15 45 33 34 40 24 7 31 42 16 20 13 36 26 22 23 47 19 9 39 6 49 38 17
531 226 16 14 22 23 11 1 20 10 36 50 45 17 16 28 29 4
532 455 0 48 9 6 33 31 19 2 40 17 22 49 48 26 29 38 44 12 21 1 30 24 20 36 41 27 28 35 32 46 16 11 39 45 47 15 25 10 18 34 37 5 43 42 14 13 50 8 4 7
533 425 13 20 18 15 26 29 33 24 49 16 8 10 21 28 32 1 43 2 45 34 50 40
534 22 9 46 46 17 6 41 27 4 31 35 13 8 44 5 21 20 36 30 18 37 24 26 25 22 16 32 12 3 49 29 9 39 23 15 28 2 10 43 45 47 33 19 42 34 38 1 48 7
535 487 4 2 49 36
536 431 19 36 30 12 24 3 42 19 28 13 25 29 27 1 50 23 11 6 4 15 41 2 32 20 35 48 9 37 40 33 21 7 10 26 46 31 49 38
537 477 3 32 49 45 48 33 22 18 2 16 19 20 36 10 50 43 12 35 23 30 15 7 14 31 1 27 9 41 26 39 42 34 24 6
538 224 17 24 8 3 23 21 1 41 7 15 33 46 34 45 47 40 5 22 44 26 32 17 42 28 16 37
539 409 18 14 8 30 32 21 33 22 43 2 11 7 41 26 20 3
540 593 20 29 35 49 32 34 42 5 25 7 41 8 26 13 6 36 45 1 3 9 29 48 10 31 43 14 23 40 27 18 17
541 233 17 19 6 19 1 12 32 29 26 17 36 8 35 43 50 15 49 14 3 23 20
542 422 7 12 4 8 42 43 48 30 5 2 17 37 33 47
543 351 4 14 9 49 15 20 50 5 7 35 21 28 13 29 16 12
544 140 19 7 22 30 49 32 50 10 3
545 456 4 9 1 35 20 33 39 46 44 21 4
546 182 0 32 15 20 32 12 29 45 11 7 34 9 49 22 38 26 17 39 27 37 13 42 40 8 1 33 5 6 36 2 14 47 35 48
547 128 11 17 29 18 2 22 33 49 44 11 39 14 1 41 43 36 24 26 32
548 42 11 14 38 42 31 34 29 24 3 11 17 25 8 33 39 28
549 435 12 45 17 25 36 23 10 21 32 38 47 46 30 28 34 11 4 6 48 2 26 49 22 3 41 13 9 35 27 24 5 1 16 7 39 18 14 19 29 50 43 44 20 8 15 45 31
550 34 15 10 49 33 4 17 12 27 43 1 34 10
551 477 18 11 29 27 23 38 12 10 3 50 25 48 18
552 82 19 43 31 48 8 24 33 43 36 20 42 49 25 27 46 39 2 7 37 9 29 34 4 19 50 16 44 47 1 22 35 23 21 15 5 10 11 45 26 28 30 6 17 13 41
553 369 18 12 2 40 48 30 32 31 38 23 33 10 50 13
554 450 12 50 35 47 44 25 15 41 24 5 6 34 3 48 38 10 18 13 39 46 50 30 31 21 29 45 19 9 26 27 36 22 17 2 33 43 32 7 16 11 42 8 49 28 23 4 20 12 1 40 37 14
555 202 1 47 21 33 15 45 14 4 34 3 10 12 44 13 48 19 31 9 40 17 28 30 24 42 6 7 20 36 1 26 23 8 49 43 5 50 16 32 22 11 38 25 47 37 2 41 35 18 27
556 568 10 47 46 4 45 30 34 16 50 29 21 49 23 44 20 47 25 9 12 8 33 2 42 41 32 19 7 39 28 22 40 35 14 1 13 48 26 15 3 31 27 17 11 36 5 10 18 37 6
557 152 13 47 30 28 32 18 15 45 20 3 38 5 34 1 26 44 25 47 37 33 36 21 9 48 41 17 42 40 10 29 43 31 14 35 11 23 16 19 50 49 39 2 46 24 8 13 22 4 12
558 440 0 5 17 37 13 2 3
559 452 4 36 10 32 14 7 30 5 31 29 42 46 3 18 6 17 11 24 22 21 39 34 48 38 47 1 19 2 20 15 36 9 4 41 33 44 27 25
560 168 9 37 38 21 31 40 11 49 50 39 2 29 44 43 22 41 15 6 23 3 13 9 33 8 19 4 34 37 30 48 18 26 20 24 28 1 14 17 12
561 324 4 50 6 14 2 47 17 35 29 25 38 7 31 15 16 13 19 22 39 44 43 50 5 12 3 36 9 8 41 28 26 4 40 49 42 18 37 30 34 32 20 48 46 1 27 10 33 11 23 45 21 24
562 293 19 49 31 2 44 39 14 24 13 16 4 37 50 30 29 32 17 43 15 48 23 3 9 35 7 45 34 33 28 19 49 20 12 18 25 46 5 1 8 26 47 36 27 38 40 6 41 42 10 22 11
563 400 4 46 43 39 29 2 11 34 25 8 48 7 36 14 26 19 18 5 49 20 32 42 16 46 30 4 17 23 24 10 13 47 44 6 15 50 33 22 37 21 31 3 41 9 28 1 40 27
564 574 3 40 13 20 41 48 27 43 19 40 32 29 21 37 34 5 28 35 9 45 15 38 14 22 8 33 49 11 50 24 6 18 10 12 46 7 23 17 3 39 4 25
565 556 14 29 33 10 11 7 42 24 20 14 19 27 46 23 25 1 30 5 32 4 38 44 29 26 2 3 21 50 39 6 36
566 95 15 47 26 20 41 27 37 46 17 38 35 8 7 31 3 18 21 42 23 44 15 12 25 32 28 40 43 9 16 11 29 30 4 45 36 5 22 49 6 13 50 10 39 33 14 1 19 2 47
567 230 18 1 46
568 261 2 37 4 46 48 50 22 29 23 11 18 33 30 14 8 35 21 1 36 42 28 34 13 49 27 2 3 5 24 31 6 25 44 41 16 45 10 26 32
569 505 14 6 32 6 41 35 1 47
570 79 17 40 5 42 27 47 13 38 8 40 22 19 3 15 48 1 37 21 28 41 45 11 36 30 26 25 39 4 24 2 6 12 16 50 44 46 33 43 20 17 10 29
571 492 18 28 9 14 34 7 38 20 23 15 29 31 11 41 44 8 18 49 45 43 46 1 26 50 6 30 2 12 17 22
572 209 3 48 7 6 31 28 25 22 23 41 39 17 3 16 44 19 10 14 20 43 49 45 32 48 8 5 29 9 4 40 34 36 46 42 37 47 11 35 26 30 27 18 50 24 38 2 15 1 33 13
573 96 2 6 40 13 33 2 35 44
574 227 9 25 2 35 24 25 22 19 41 39 34 42 38 26 43 7 36 1 12 32 47 46 15 4 13 44 27
575 37 9 29 15 1 21 11 10 48 43 16 46 34 40 6 28 35 2 41 22 27 45 26 32 30 19 13 29 25 33 49 36
576 452 1 27 43 31 44 21 23 39 50 36 18 9 12 32 34 8 45 1 48 42 13 35 37 24 49 16 11 6 22
577 118 5 42 24 13 19 28 6 45 39 10 2 36 21 43 41 32 8 49 14 46 27 11 7 4 31 12 17 23 18 50 47 34 38 40 3 42 20 30 33 16 44 48 26 1
578 190 5 40 18 4 24 45 13 6 40 30 29 46 32 34 17 31 21 20 28 5 11 12 33 35 23 38 2 22 39 14 26 49 36 50 15 41 7 16 37 47 25 48
579 75 0 27 46 49 45 27 28 37 30 36 26 1 47 10 11 12 32 8 17 23 21 22 15 50 48 42 19 33 38
580 11 5 14 14 38 20 36 41 8 43 13 22 45 27 23 39 50
581 536 14 50 9 35 10 13 20 18 45 7 32 23 12 22 48 4 42 38 47 11 25 6 2 44 49 8 43 3 26 17 31 41 50 30 15 33 28 5 24 36 14 1 34 40 19 29 37 21 39 16 27 46
582 465 19 44 32 11 36 46 22 21 18 9 41 45 34 33 37 29 40 4 27 42 38 17 12 5 15 24 23 19 14 48 44 6 28 7 10 50 20 25 8 30 13 35 26 43 47 3
583 101 11 36 48 38 6 47 22 41 42 7 21 23 11 15 12 34 19 4 37 49 24 45 28 1 14 8 31 27 32 13 16 29 44 17 18 30 26 43
584 570 18 38 46 10 12 50 23 3 20 7 47 26 49 6 2 34 35 21 16 42 41 39 48 29 14 15 9 44 24 13 30 33 1 36 37 22 43 27 40 45
585 53 8 39 22 28 20 13 17 15 29 44 40 19 9 27 3 48 49 14 4 38 41 21 5 6 18 26 25 32 2 12 30 8 10 45 16 34 33 31 24 42 50
586 563 9 34 45 2 28 39 50 49 36 30 29 34 33 22 21 1 9 11 12 23 46 37 43 31 18 14 35 27 16 42 44 17 15 5 24 40
587 448 3 50 37 50 14 9 1 23 7 3 29 28 36 11 33 41 32 43 31 17 25 13 38 39 21 46 45 8 47 40 2 16 20 27 26 10 30 18 4 15 48 12 19 24 22 6 42 49 44 34 35 5
588 582 3 6 49 16 34 6 40 31
589 210 15 28 22 33 35 5 50 6 48 9 21 44 2 25 10 3 19 27 24 31 20 11 49 17 43 45 39 37 14 32
590 255 5 22 5 42 10 14 45 25 44 49 9 12 27 4 2 16 50 19 22 17 48 31 18 6
591 159 16 3 24 25 34
592 381 0 35 8 37 39 4 34 46 1 17 29 41 7 48 24 31 12 23 40 16 43 18 11 2 47 35 32 6 25 9 26 42 22 49 3 5 21
593 246 7 10 46 42 38 47 6 7 50 37 43 28
594 567 16 25 27 41 4 7 11 26 24 10 40 31 22 50 14 46 47 37 34 6 2 17 39 25 13 8 44
595 487 5 4 16 50 19 41
596 20 6 5 8 4 31 34 5
597 430 20 7 27 6 1 47 15 9 32
598 216 9 6 34 29 13 3 16 31
599 352 13 6 22 29 13 43 21 48
600 90 17 31 45 14 31 5 7 10 33 21 32 18 42 8 43 3 28 17 13 20 48 41 34 19 2 16 24 6 9 22 25 27 29
601 418 2 13 33 26 27 35 15 19 11 9 5 4 45 48 3
602 127 9 29 10 20 28 37 1 2 21 9 27 39 15 42 36 29 47 14 8 45 34 32 16 18 41 4 33 5 23 50 40
603 527 17 50 50 20 35 27 47 7 1 19 34 39 48 41 40 16 10 2 43 6 24 33 22 8 30 25 11 31 4 45 14 3 42 36 12 21 18 5 46 32 23 37 29 17 44 15 26 9 49 13 38 28
604 45 1 31 15 18 43 41 5 36 28 10 17 50 30 1 45 20 7 26 19 12 24 2 49 27 32 33 13 21 46 42 39 11 40
605 241 0 42 41 7 42 15 26 22 49 23 1 5 21 8 48 24 19 11 47 45 40 10 44 32 46 34 9 27 18 3 25 29 28 2 36 16 12 35 6 30 39 31 17 4
606 65 9 20 12 35 46 27 14 20 31 3 38 11 34 4 36 25 33 41 7 39 43 10
607 105 8 6 23 12 30 42 49 29
608 426 13 11 24 29 33 5 38 7 39 10 27 4 47
609 219 20 35 9 31 11 36 29 34 22 42 24 3 21 47 13 19 30 17 27 26 25 14 6 16 12 4 35 40 43 15 32 18 44 28 10 7 39
610 480 7 21 38 27 25 22 18 34 23 1 13 31 33 19 17 11 3 9 45 15 32 26 43
611 467 14 6 7 41 17 22 27 13
612 54 14 7 49 47 50 37 26 38 43
613 401 19 30 39 32 35 10 48 2 8 43 17 37 33 23 5 49 44 38 12 13 31 42 30 20 45 9 26 27 22 28 14 4
614 530 2 37 6 41 13 26 2 24 10 5 25 21 8 7 29 32 35 38 4 49 39 22 9 43 34 33 30 19 20 48 45 18 16 14 17 3 40 27 44
615 532 14 39 23 48 35 8 26 20 49 33 13 47 19 10 29 15 17 18 4 16 2 14 38 34 27 37 11 21 1 42 6 43 39 22 36 3 31 46 28 24 32
616 15 14 1 42
617 17 12 11 24 42 26 32 10 16 37 6 13 47 19
618 318 15 43 13 27 43 47 28 35 30 10 9 17 1 14 41 20 32 48 19 23 12 45 21 40 37 6 34 5 44 36 31 3 22 49 15 39 46 8 33 24 50 26 18 25 4
619 595 20 28 20 4 48 8 31 41 1 10 50 30 34 33 6 40 3 21 27 24 29 39 46 5 47 11 26 18 17 38
620 254 5 24 3 27 21 8 50 12 20 10 43 17 4 28 46 22 41 2 26 23 34 5 33 35 15 30
621 187 4 38 37 39 5 10 43 49 47 14 41 38 35 26 4 36 17 13 46 22 12 32 31 42 16 27 2 34 30 21 15 44 33 24 48 45 11 20 6 1
622 581 11 19 7 35 21 3 5 12 40 34 10 27 14 31 32 9 39 1 38 8 48
623 105 19 16 30 16 41 12 6 15 4 49 44 36 29 1 13 32 17 34
624 168 1 3 31 37 49
625 313 18 29 13 37 18 23 35 12 34 40 32 4 9 44 46 5 36 14 27 20 43 48 28 41 6 10 47 42 16 39 45
626 437 7 49 11 38 36 49 8 44 48 46 22 4 1 3 45 14 7 29 26 25 13 47 23 19 10 21 15 42 32 35 33 12 37 40 6 16 17 39 27 5 9 41 28 50 43 24 31 20 34 2 30
627 136 20 23 24 2 12 4 22 26 16 10 43 31 44 23 1 27 14 37 36 3 18 48 25 45 19
628 103 15 41 48 45 36 27 46 32 22 30 11 16 44 33 35 41 9 23 20 10 15 38 31 40 2 47 34 24 26 1 8 42 19 3 39 7 21 29 28 18 37 14 17
629 487 10 36 34 46 47 31 45 29 37 50 15 26 8 27 11 18 35 32 16 36 39 13 43 12 1 22 24 5 4 9 49 38 23 10 6 20 14 7
630 441 20 41 21 39 12 5 44 33 38 34 8 28 17 2 14 42 37 6 30 50 9 45 29 35 27 3 10 46 1 43 19 16 36 18 4 47 20 15 23 11 13 25 40
631 534 19 41 9 26 7 21 29 46 38 24 11 18 39 15 27 32 33 16 40 30 23 44 20 45 49 25 5 42 17 1 2 22 36 3 10 13 50 41 19 48 6 35 14
632 143 15 4 46 2 9 36
633 430 14 19 37 8 50 27 7 3 16 2 15 31 44 30 48 4 20 5 47 49 38
634 124 9 5 38 12 49 9 21
635 96 2 32 20 45 25 3 48 4 8 36 6 1 23 38 41 18 11 50 35 15 29 28 19 16 42 44 32 24 49 21 2 27 30 34
636 113 16 1 22
637 573 5 13 30 31 40 34 32 42 9 7 44 13 43 33 1
638 72 3 18 39 35 20 42 14 38 43 19 25 28 9 3 31 27 10 24 16 4
639 222 4 33 39 5 35 46 38 47 21 44 4 13 50 37 7 8 26 17 11 43 20 49 36 22 41 28 32 27 9 25 48 18 42 14 6
640 143 11 20 32 17 45 41 47 15 13 26 21 36 12 14 6 39 16 1 40 3 2 9
641 368 17 41 7 27 24 31 35 40 34 13 33 4 21 38 41 22 17 23 3 29 15 1 43 42 36 32 11 10 47 49 12 2 37 6 18 45 9 28 25 39 44 14 30
642 496 18 38 23 10 30 39 9 40 47 31 32 11 16 6 5 19 17 15 25 28 13 3 18 41 20 35 8 38 4 29 7 14 24 37 36 34 2 43 50 21
643 156 19 46 41 49 13 12 36 22 34 14 16 24 39 21 19 6 37 35 15 46 30 8 18 28 11 5 47 29 32 23 38 9 17 27 7 25 26 50 20 3 40 48 31 2 45 1 10 43
644 374 20 19 19 2 49 25 11 40 23 29 50 35 27 37 16 7 3 24 14 28 20
645 505 11 17 8 13 45 17 23 20 7 6 9 18 37 31 48 2 5 15 28
646 224 15 42 14 45 22 26 28 11 31 37 48 33 49 41 19 46 30 20 7 21 39 2 3 12 16 27 29 25 42 6 13 17 9 18 24 10 35 50 34 8 23 36 32 1
647 65 14 1 33
648 420 9 49 25 5 22 49 34 10 7 16 33 35 8 38 41 6 19 17 18 42 39 37 47 3 43 9 48 13 2 23 50 4 24 21 32 1 11 12 30 40 44 26 29 15 31 46 27 14 45 36 28
649 527 16 27 2 23 40 21 26 12 4 32 18 31 44 8 5 34 9 39 41 50 38 13 25 6 37 15 3 47 10
650 128 15 43 32 45 38 2 6 50 8 35 31 12 42 44 48 3 15 36 41 5 4 27 47 39 29 1 11 33 18 24 7 26 20 43 46 30 19 40 34 28 37 23 21 17 14
651 61 14 33 6 36 4 12 50 14 31 38 35 2 7 5 16 34 26 18 30 17 29 46 32 45 33 1 27 43 25 42 8 10 19 15 13
652 174 4 3 13 26 4
653 353 11 6 41 47 17 6 16 3
654 36 17 21 44 19 35 4 17 11 10 14 18 8 36 16 26 27 32 42 47 34 33 15 9
655 333 11 7 38 13 37 6 42 3 41
656 84 0 30 48 24 18 40 2 32 42 29 5 25 38 33 45 26 13 35 43 46 36 16 49 4 19 50 39 17 7 30 31 6
657 337 8 50 24 47 9 21 49 22 11 35 14 4 6 32 34 17 3 25 50 10 42 33 18 28 44 13 20 38 30 36 23 40 46 19 39 37 16 29 48 2 7 45 31 26 15 8 1 43 5 12 41 27
658 127 8 4 27 29 23 45
659 216 3 31 19 23 3 24 12 34 17 39 45 1 46 21 14 26 48 40 37 4 47 22 2 25 13 33 28 50 49 27 5 8 31
660 366 15 43 1 17 8 45 15 11 30 32 18 10 24 12 35 16 43 20 48 26 27 3 21 33 40 36 9 44 22 46 41 5 31 37 38 19 2 50 39 13 25 29 42 47 6
661 507 7 41 20 24 39 19 1 44 4 10 46 42 36 16 37 17 28 25 8 13 14 29 27 3 31 6 48 26 50 34 38 5 9 7 32 21 22 49 30 18 2 35 43
662 32 17 48 3 27 11 29 35 15 14 32 46 37 45 1 25 40 18 19 50 5 38 10 34 36 23 30 47 26 4 33 2 21 7 42 31 41 8 48 49 20 17 28 22 43 6 39 24 9 12 44
663 592 9 44 38 43 37 1 22 26 19 16 8 18 13 5 10 14 33 11 25 15 23 48 24 44 32 7 3 28 17 40 45 41 27 49 4 50 35 34 21 9 6 30 36 39 12 20
664 354 5 17 37 18 47 28 25 31 4 7 42 15 40 26 1 12 16 41 38
665 368 20 47 4 33 29 3 13 7 49 34 31 5 39 41 45 11 14 32 9 36 18 35 21 37 44 47 26 46 30 43 19 6 24 38 25 17 27 8 20 10 22 15 12 2 23 50 48 1 40
666 479 19 24 41 27 25 33 49 10 18 15 19 8 46 48 17 28 12 11 37 3 22 20 4 36 50 38
667 10 10 14 30 9 48 35 16 2 42 22 15 36 20 25 21 10
668 35 18 35 10 5 36 38 37 35 11 42 24 13 40 16 29 8 31 27 14 50 7 49 17 32 3 20 1 47 39 21 26 44 6 9 15 46 4
669 424 17 32 50 37 26 6 16 23 45 30 32 36 29 27 1 3 9 24 10 33 5 40 19 21 14 20 41 8 48 49 28 42 47 4
670 138 1 10 9 37 47 25 18 49 35 40 39 46
671 556 18 24 17 7 2 48 4 12 49 10 20 34 18 25 44 24 19 13 42 8 32 40 31 6 5 39
672 271 7 17 49 30 21 15 23 35 7 33 39 37 11 25 4 46 40 20 19
673 390 18 14 15 30 5 44 13 33 27 18 28 49 23 25 46 34
674 116 0 33 6 1 2 50 8 11 23 48 43 14 19 26 44 13 33 30 39 15 35 31 5 29 21 34 16 18 40 32 17 25 47 22 38
675 598 20 50 37 15 3 30 2 24 36 39 28 25 33 27 47 10 35 40 1 42 44 26 29 41 46 31 16 49 38 34 17 45 7 23 21 20 14 5 19 12 4 32 13 9 50 6 18 48 43 22 11 8
676 340 5 13 11 36 50 8 18 35 3 5 42 37 33 40 43
677 422 13 1 16
678 306 4 5 19 33 21 46 34
679 390 0 21 47 29 11 43 1 50 30 12 14 40 9 4 38 41 20 34 25 23 33 31 6
680 228 2 50 7 38 2 46 22 9 41 44 17 13 49 8 1 26 35 33 12 18 31 4 6 23 16 42 24 20 27 39 34 48 14 5 47 40 29 15 21 45 25 43 19 32 3 37 11 30 10 50 28 36
681 536 18 7 1 35 46 38 31 28 44
682 540 18 48 38 10 19 28 32 4 24 20 26 22 23 31 16 7 44 36 43 29 34 27 9 8 21 18 17 46 2 42 1 47 14 39 45 48 15 13 41 25 50 12 11 35 40 49 6 30 5 3
683 11 8 23 1 49 11 26 30 35 15 34 41 3 44 12 17 8 38 47 21 6 7 13 29 9 23
684 122 17 1 17
685 583 3 44 42 47 22 43 33 2 28 36 38 1 30 7 3 49 6 40 10 29 13 23 34 9 50 39 31 41 12 45 37 26 17 11 20 15 27 19 16 25 8 21 44 48 14 35
686 459 2 49 26 46 31 3 22 23 11 6 34 29 15 43 10 16 50 17 1 40 25 38 33 44 30 19 5 2 21 27 45 13 37 49 39 36 8 41 20 7 28 47 14 35 4 48 12 32 18 24 42
687 244 19 20 13 25 31 14 20 39 24 6 34 9 30 18 17 23 12 8 32 29 33 36
688 272 3 15 46 13 14 25 11 18 20 36 29 34 22 40 35 8 47
689 187 11 15 37 32 41 1 46 11 14 12 8 18 13 34 5 17 19
690 122 19 40 48 24 50 4 19 46 30 34 39 49 42 33 11 2 21 27 28 26 14 18 17 25 47 9 23 7 22 6 29 45 38 41 12 35 13 8 31 15 16 40
691 443 14 41 39 2 17 34 40 26 46 32 4 37 9 44 5 48 20 31 16 19 35 45 3 11 8 10 50 24 22 13 43 38 42 28 12 18 21 14 49 33 36 7 27
692 545 6 4 49 20 28 11
693 320 12 8 42 1 7 47 25 35 19 34
694 546 11 48 20 24 48 50 2 7 15 29 39 11 32 14 26 49 25 16 28 47 3 18 40 36 1 9 13 19 23 12 45 46 5 30 38 31 6 35 33 44 37 10 27 8 41 34 21 22 4 17
695 153 18 11 42 26 3 4 41 50 23 43 28 31 1
696 526 1 34 14 29 31 45 20 4 50 15 11 19 28 3 43 26 40 17 10 9 27 39 13 32 49 5 18 34 47 48 37 21 1 2 23 8
697 241 9 6 24 29 49 11 22 30
698 383 3 18 11 48 32 33 23 25 45 47 1 43 19 28 6 46 24 2 36 3
699 195 15 24 10 17 41 2 26 22 27 3 38 28 15 12 45 4 18 14 32 40 35 21 19 49 1 11
700 255 6 17 4 3 26 20 1 43 34 13 44 6 36 24 22 46 19 12 2
701 269 20 12 31 4 37 30 3 48 27 6 49 7 17 9
702 38 6 20 43 44 18 31 8 36 24 16 30 7 3 34 38 50 35 10 26 6 39 14
703 559 5 22 35 47 25 31 42 10 4 8 22 32 18 37 50 3 11 45 46 36 30 26 41 33
704 284 9 1 7
705 31 5 27 41 19 44 31 48 23 29 15 50 27 26 4 6 49 40 37 12 13 5 18 38 47 21 36 45 17 28
706 132 3 36 45 29 13 4 24 47 38 22 17 37 30 15 28 1 31 2 43 26 27 9 18 39 35 34 48 42 49 3 11 7 44 19 5 40 36 16
707 105 0 1 30
708 409 20 40 15 25 9 24 23 8 7 2 6 26 35 50 37 47 42 5 20 1 18 3 36 28 16 33 12 4 11 13 44 31 17 49 48 10 32 41 14 45 40 39
709 493 13 37 10 35 24 26 33 34 9 31 19 49 39 27 2 17 21 11 46 4 48 47 23 20 14 41 43 29 22 37 16 3 28 13 6 5 45 1 8
710 362 1 3 4 29 13
711 589 1 14 24 9 3 20 47 31 33 10 46 39 41 37 36 48
712 52 7 37 30 17 38 37 44 28 36 19 35 47 9 50 29 34 4 11 15 49 43 10 24 41 6 48 12 16 3 1 42 13 7 20 8 18 33 23 31
713 499 8 43 27 19 29 32 35 24 28 18 45 39 16 40 4 33 7 37 13 2 34 3 20 14 21 8 44 10 5 25 41 50 43 47 26 1 46 42 30 22 36 11 31 15 49
714 512 18 15 21 28 12 9 30 8 5 23 20 35 46 17 26 49 47
715 581 20 23 33 2 23 4 49 24 1 22 46 8 31 3 6 18 5 11 14 35 15 13 9 16 43
716 179 20 45 14 26 21 47 12 34 5 40 30 16 20 1 7 9 33 22 29 46 27 15 43 45 4 31 38 8 48 25 23 49 19 36 28 42 13 2 50 11 6 44 35 41 37 24 18
717 31 20 39 13 9 6 30 43 7 11 49 24 41 14 46 47 15 3 28 10 44 5 39 4 8 21 42 16 12 2 45 25 29 32 37 50 36 27 40 38 33 35
718 394 10 48 44 2 1 39 17 42 35 26 7 15 45 23 27 20 32 37 29 40 47 22 41 3 21 28 4 49 46 14 34 50 33 36 25 13 38 11 5 9 6 10 30 24 8 48 43 18 19 12
719 537 8 37 31 34 7 2 25 20 6 26 13 1 27 46 32 39 37 24 4 21 38 41 35 23 47 29 22 5 16 14 50 30 10 3 36 8 11 28 18
720 303 20 1 45
721 357 8 33 41 28 3 44 27 23 45 40 6 4 5 36 18 34 21 43 33 10 13 15 38 37 49 24 19 2 20 22 32 39 48 8 29
722 474 5 20 34 43 40 47 28 8 35 31 29 7 5 33 12 3 14 16 44 18 6 4
723 139 12 37 21 18 26 12 4 10 2 46 14 28 43 7 13 17 42 20 41 25 30 15 23 19 38 44 49 32 45 24 11 37 50 9 35 22 1 31 33
724 174 15 7 40 15 38 30 43 11 13
725 133 2 31 15 33 30 11 6 44 16 3 23 38 36 29 34 1 20 49 17 26 48 13 7 35 46 45 12 42 37 47 14 28 19
726 183 16 8 30 10 46 23 40 37 47 19
727 437 6 37 24 3 35 49 18 15 5 39 14 42 34 12 31 11 17 19 36 9 23 38 28 40 22 47 13 41 10 6 33 37 20 45 21 27 44 29 2
728 224 18 50 24 1 17 3 2 44 30 21 37 31 32 40 38 11 9 28 6 10 34 4 13 39 20 49 7 25 16 22 50 47 43 27 15 23 41 14 19 35 48 42 8 18 5 33 46 45 36 12 26 29
729 402 3 4 3 31 16 27
730 458 19 41 25 39 33 15 9 26 18 21 8 46 23 20 29 37 43 19 34 32 13 4 31 1 50 14 6 44 42 41 45 11 2 3 40 5 24 49 22 27 16 35 17
731 342 5 18 13 18 40 5 33 50 42 46 15 27 1 21 35 11 12 14 37 7
732 285 11 9 45 23 17 10 40 35 43 4 50
733 550 8 43 6 38 2 13 44 37 39 50 46 42 30 26 21 29 20 17 10 36 18 1 4 16 45 47 8 41 9 43 23 48 25 3 12 5 22 7 40 33 49 27 14 28 15
734 547 4 3 22 8 12
735 399 14 40 4 25 7 49 20 11 17 28 33 24 12 6 23 48 21 18 14 47 2 3 8 42 29 43 38 5 36 45 32 10 44 46 40 31 39 22 26 15 16 9
736 413 16 28 30 11 22 4 42 7 13 43 24 31 12 44 35 38 2 23 19 34 16 32 9 17 5 37 39 15 8 47
737 223 16 43 33 42 7 25 16 5 11 24 8 17 39 13 19 35 18 37 31 32 38 21 2 28 46 27 4 45 22 10 40 6 30 48 23 29 20 41 34 44 9 1 50 3 49
738 484 0 48 21 2 9 4 48 44 10 25 29 39 15 30 1 8 14 26 45 49 32 37 35 6 13 12 43 41 40 23 36 5 3 20 31 18 11 17 19 22 16 24 46 50 34 42 7 33 38 27
739 388 18 32 23 11 44 48 8 2 25 33 12 42 37 27 13 18 3 38 34 30 45 20 17 29 9 32 14 24 47 10 16 7 22 36
740 329 17 23 5 7 42 17 11 23 19 6 20 35 38 31 8 48 4 3 27 33 34 21 2 37 26
741 268 8 1 19
742 115 19 22 17 15 14 24 2 44 20 1 36 32 28 41 3 30 49 31 26 46 48 43 50 27
743 562 13 48 37 11 9 21 34 24 47 40 2 10 22 3 30 25 27 4 44 8 13 1 48 32 18 39 50 46 14 33 45 41 26 6 19 16 5 15 43 28 35 12 31 17 20 42 7 38 23 36
744 430 0 30 22 50 33 8 20 28 5 37 11 25 21 47 19 13 39 30 45 18 1 7 41 34 27 42 31 40 23 12 14 26
745 584 14 21 8 45 28 12 49 34 15 29 24 13 14 3 25 5 26 18 9 35 19 36 42
746 558 16 17 33 10 21 41 7 31 24 38 13 22 2 35 25 48 36 45 4
747 58 17 1 11
748 323 9 49 22 47 45 9 46 14 39 8 5 48 29 49 28 32 30 21 3 18 50 25 43 16 44 7 23 26 24 35 19 37 4 12 2 33 31 13 17 1 38 27 40 41 15 20 34 11 10 42 36
749 211 4 44 2 30 40 33 13 44 45 14 9 50 47 34 20 42 26 21 48 10 18 8 4 1 25 29 46 41 49 19 3 28 11 15 39 17 12 27 32 43 36 38 23 6 22 16
750 282 11 32 39 48 12 44 14 31 4 46 41 18 13 34 23 2 36 9 40 45 1 29 38 27 49 26 47 16 17 37 20 24 35 7
751 120 8 43 11 45 19 37 44 41 17 39 47 42 16 13 9 43 46 36 28 1 15 27 10 18 40 2 38 21 50 32 23 8 26 49 14 20 7 5 12 33 4 3 29 35 22
752 274 4 7 34 35 46 31 42 27 48
753 177 15 40 21 19 7 33 36 42 31 2 22 24 8 30 27 38 14 46 11 5 9 48 20 23 49 4 37 25 47 15 6 18 41 29 34 17 44 13 40 26 32 50
754 526 20 20 31 44 6 27 12 42 18 38 30 36 22 8 24 4 40 20 16 26 46 17
755 329 9 49 21 30 39 38 40 48 23 33 37 28 36 41 27 5 24 8 47 11 45 19 46 7 13 22 31 16 42 3 15 14 35 12 26 32 34 25 9 43 29 44 17 2 1 20 4 18 50 10 6
756 552 5 1 39
757 423 17 45 7 45 4 37 13 2 20 44 26 30 27 12 25 24 29 42 40 47 5 46 3 10 23 31 39 35 32 48 43 33 14 16 8 41 1 17 11 15 50 22 28 9 19 38 6
758 109 17 24 33 3 22 43 9 50 26 21 5 8 2 38 20 11 36 6 19 14 46 41 12 45 16 25
759 480 10 37 24 46 10 20 35 15 27 9 12 17 2 47 7 3 19 31 1 13 26 21 41 49 39 23 33 42 34 18 38 4 50 11 16 22 14 25 45
760 496 16 31 24 22 5 10 8 6 21 13 2 34 14 35 15 37 32 28 3 49 12 25 39 27 20 36 29 19 50 26 44 40 16
761 402 17 13 10 50 27 13 1 8 19 24 46 20 5 43 4
762 508 20 6 6 9 36 20 10 3
763 530 11 7 7 41 43 46 42 29 24
764 308 1 9 4 5 47 36 46 26 18 25 21
765 580 4 18 42 12 50 31 38 14 10 18 5 19 48 23 49 4 39 37 13 44
766 143 8 33 38 37 6 43 36 22 13 45 47 25 3 44 39 48 10 49 16 1 14 2 28 42 11 18 23 26 30 17 20 33 5 32 34
767 529 6 7 46 29 26 5 24 25 49
768 103 4 18 8 49 29 38 27 6 48 23 26 41 47 9 32 36 40 14 1 35
769 299 15 3 31 17 38
770 425 17 12 23 16 13 41 10 15 34 21 46 17 14 49
771 542 7 17 12 50 2 47 13 37 40 45 26 42 18 11 6 27 24 15 31
772 107 7 29 32 35 5 31 26 23 9 13 48 34 47 44 16 33 20 50 28 17 42 6 30 8 25 49 29 19 24 40 14
773 32 5 24 24 15 4 32 19 1 49 14 23 33 42 7 41 8 25 30 11 39 31 44 34 20 13 29
774 571 12 38 29 42 31 14 26 30 3 15 25 18 1 32 19 41 24 23 27 49 43 28 7 50 22 34 16 47 35 46 4 17 33 45 36 37 40 38 2 9
775 172 14 34 40 10 18 7 36 31 16 46 37 48 1 19 41 49 35 50 39 5 45 42 3 30 38 9 17 32 27 15 13 14 22 20 26 34
776 272 20 36 44 6 17 8 34 20 18 38 1 48 13 14 40 21 2 49 31 3 23 35 5 29 27 47 12 25 26 36 7 42 43 19 39 16 11 50
777 87 0 11 40 9 16 38 22 24 19 25 48 47 12
778 366 2 33 47 10 45 14 36 35 12 5 26 31 6 16 3 50 28 33 38 8 23 44 32 19 49 29 2 11 22 7 46 30 9 42 34
779 50 6 8 2 35 14 31 43 40 27 4
780 551 1 23 41 31 45 9 43 40 2 36 32 34 50 15 24 6 35 44 11 29 3 48 39 23 5
781 521 10 22 42 9 17 4 24 50 27 47 26 48 1 6 22 41 38 11 34 30 43 2 49 46
782 592 2 47 41 37 14 44 16 6 35 45 4 25 34 7 3 18 32 43 5 15 2 10 24 26 49 29 1 19 28 47 38 27 17 48 13 39 20 50 46 22 12 21 8 31 23 40 11 9 42
783 511 4 5 22 2 37 44 19
784 445 10 8 27 38 13 50 19 15 6 4
785 85 19 13 5 39 43 20 8 23 12 33 11 2 46 14 16
786 576 3 41 22 13 30 32 39 24 27 11 41 35 42 50 2 9 46 1 19 18 10 4 20 7 40 28 44 3 43 45 47 31 37 26 16 17 5 38 36 23 14 29 48
787 123 18 50 20 25 2 48 21 36 22 11 12 26 40 45 1 28 44 4 23 19 24 38 32 43 16 29 13 15 41 6 37 5 17 33 3 47 39 10 18 30 34 49 35 46 27 9 8 7 14 42 50 31
788 78 4 24 12 4 48 32 44 20 30 46 37 17 49 11 6 16 24 2 14 31 39 42 19 21 13 43
789 530 2 33 29 17 41 15 33 18 1 49 47 2 8 23 3 36 24 39 26 13 42 19 31 16 25 46 4 44 11 12 5 28 22 50 40
790 40 20 18 40 45 12 6 21 3 1 23 18 50 10 33 44 25 32 26 2 39
791 419 6 26 21 5 14 17 19 13 33 38 15 48 50 2 36 49 12 25 1 10 40 32 30 28 45 24 22 20
792 93 16 3 32 24 33
793 289 14 13 22 12 6 34 10 9 37 21 17 35 31 1 46
794 527 17 3 24 48 47
795 397 3 27 42 29 47 24 39 18 48 32 3 27 11 14 1 17 20 40 23 13 38 7 12 43 25 5 19 2 4
796 485 6 9 40 50 32 8 30 1 42 19 37
797 176 18 48 47 31 32 29 34 27 26 44 38 24 25 5 20 37 1 43 41 46 3 2 33 18 16 4 13 8 19 36 49 11 6 48 9 12 30 28 35 40 21 17 14 39 42 15 23 45 22 50
798 444 5 37 46 7 8 47 10 25 13 20 44 22 19 2 38 14 40 29 3 50 45 31 49 12 37 18 21 6 32 41 36 16 39 42 24 48 15 5 27
799 483 4 42 40 43 1 4 19 21 16 36 23 35 31 44 10 30 22 32 45 48 24 50 2 15 5 42 28 34 3 11 39 20 27 6 9 33 47 17 37 14 7 26 49 12
800 367 1 42 44 32 35 14 13 46 41 11 34 26 8 42 2 49 39 17 24 28 3 33 43 45 7 5 48 31 12 23 16 9 4 18 22 47 6 27 1 15 25 20 38 21
801 373 18 22 1 9 43 20 4 25 48 6 7 16 37 49 24 8 12 34 32 33 28 19 17 10
802 316 2 17 19 24 13 5 38 10 21 33 22 26 29 42 23 34 15 43 16
803 357 12 38 2 17 45 7 27 4 25 46 9 3 13 42 38 34 5 48 36 10 50 41 37 26 12 33 15 20 35 24 49 47 19 14 16 1 8 43 31 6
804 361 19 35 36 47 30 6 43 5 50 24 10 11 12 1 32 9 19 17 20 2 48 39 3 28 21 33 49 25 37 46 8 23 27 42 29 26 38
805 246 19 13 27 13 2 23 43 20 8 48 41 21 4 25 15
806 153 18 11 26 18 31 4 48 23 27 10 6 9 42
807 41 9 9 6 16 7 32 22 49 13 3 17
808 232 3 27 1 20 13 34 26 16 45 10 27 43 29 44 25 11 30 41 47 39 2 5 50 21 15 32 28 7 36
809 317 5 45 21 30 45 19 49 32 20 27 13 42 33 10 31 1 39 4 41 18 23 7 24 25 43 34 14 16 5 35 2 9 37 44 28 36 47 22 26 11 12 38 29 50 15 3 6
810 600 12 32 19 41 33 24 35 39 38 11 17 30 42 31 48 7 4 36 26 40 25 29 50 43 23 2 46 18 12 8 13 15 49 47
811 38 11 39 49 15 50 34 17 5 36 16 4 35 3 33 41 32 18 45 29 20 30 31 14 2 24 39 27 11 44 1 12 8 47 38 26 22 13 10 42 7 9
812 247 18 45 4 37 47 34 42 36 6 19 16 40 48 23 24 46 11 3 39 31 49 20 35 9 25 30 43 45 21 7 33 22 26 27 44 18 38 2 15 5 12 13 32 14 29 8 50
813 305 14 35 43 45 24 15 37 49 14 41 42 40 18 35 39 19 17 7 21 44 9 5 8 36 31 1 27 50 30 6 12 3 16 47 25 2 32
814 214 9 48 32 48 1 38 18 13 36 28 19 17 42 34 11 8 33 22 3 16 6 47 24 14 9 49 27 20 4 21 30 39 35 25 15 10 43 44 46 40 45 41 2 5 23 12 50 31 7 37
815 167 16 22 3 6 19 44 5 28 49 8 17 38 27 12 22 47 36 43 33 14 29 40 50 41
816 46 11 41 31 49 48 36 10 50 30 11 25 4 23 37 42 33 44 45 28 26 27 40 13 14 39 47 29 2 9 43 35 19 21 16 32 41 3 38 1 20 17 46 6
817 193 8 34 42 49 4 46 2 29 10 26 50 19 32 3 25 38 14 22 7 23 37 35 18 28 9 11 33 44 24 48 41 39 43 40 45 34
818 233 6 31 38 24 40 13 33 22 36 46 11 42 6 44 5 28 20 9 4 23 26 32 34 30 15 49 37 48 27 25 21 2 16
819 348 7 14 1 47 19 18 37 32 24 34 35 39 5 45 3 25
820 579 10 18 49 50 45 42 35 44 31 6 30 40 27 36 47 20 16 11 41 28
821 353 9 46 14 45 28 36 3 31 10 47 11 2 34 4 8 25 40 1 37 16 21 24 49 39 30 44 27 23 48 46 33 22 42 7 18 12 19 29 17 38 13 50 26 15 5 35 32 9
822 235 7 34 4 41 30 29 33 46 35 11 31 43 2 3 42 47 10 27 48 38 20 19 40 36 18 28 13 26 45 24 16 12 17 34 14 21
823 58 8 50 24 41 16 23 13 40 4 10 33 50 34 29 39 45 3 17 26 35 30 38 43 14 22 49 31 28 7 42 11 12 36 44 15 6 37 32 25 20 9 2 46 5 27 48 1 21 19 8 47 18
824 575 11 8 38 43 33 27 29 31 44 34
825 337 3 21 28 32 37 3 22 25 45 48 35 42 1 18 15 33 14 27 49 11 24 26 44
826 393 13 4 31 49 45 44
827 104 10 16 1 37 13 38 25 30 20 3 27 14 15 33 22 17 47 44
828 301 17 35 6 16 48 44 21 20 5 29 50 46 40 31 18 45 41 23 1 19 38 36 9 8 15 24 11 7 13 27 42 30 25 35 39 47 37
829 239 17 25 24 22 48 26 45 25 3 23 12 29 46 21 47 15 14 50 11 10 31 35 32 42 44 1 2
830 245 9 1 48
831 124 7 43 47 33 10 41 11 34 32 7 13 22 48 39 49 43 1 40 23 20 38 27 14 6 8 46 17 35 2 37 18 12 45 36 50 9 3 19 30 24 29 28 5 25 21
832 531 6 49 35 36 40 18 26 19 14 46 10 47 34 49 33 44 21 24 45 27 39 3 31 13 16 41 28 9 22 30 32 43 5 20 29 1 8 15 2 7 6 48 12 23 4 42 50 37 38 25 11
833 586 15 13 3 15 30 37 43 42 49 5 48 2 31 34 28
834 387 7 50 44 17 12 16 50 32 14 49 9 6 18 38 10 37 26 36 40 43 47 27 35 45 1 13 46 22 24 23 31 28 7 21 3 34 33 42 4 41 30 11 8 19 25 15 29 20 5 2 48 39
835 589 4 9 9 6 19 1 35 12 13 31 23
836 41 0 41 1 15 26 36 30 22 6 46 27 5 39 44 16 2 47 38 25 28 49 23 33 35 40 13 11 37 31 4 20 32 21 42 14 9 50 10 18 12 7 29 19
837 217 0 12 31 3 16 12 1 34 8 20 44 19 40 45
838 143 11 35 22 31 1 4 41 45 2 28 36 33 13 9 8 40 25 46 37 47 48 16 17 23 44 38 26 30 29 39 5 12 21 18 27 20 19
839 217 8 44 26 37 11 2 45 18 20 40 6 38 23 47 3 10 44 39 8 36 5 31 15 32 14 19 24 46 12 34 30 7 35 42 21 27 48 49 28 13 50 17 41 22 43 16
840 15 1 10 10 40 2 32 38 49 34 9 6 1
841 313 1 33 23 35 27 14 44 4 2 43 10 50 24 42 22 32 34 7 1 29 6 37 40 46 41 13 30 47 33 8 28 25 3 48 19
842 20 11 38 7 24 37 22 1 28 15 12 25 46 14 45 20 44 18 10 38 47 5 27 34 2 17 9 36 41 11 39 30 35 48 29 8 42 43 50 6 16
843 251 7 14 28 40 5 45 1 46 21 18 3 36 19 22 47 37
844 329 14 40 4 37 1 9 33 12 50 14 19 8 27 41 30 26 11 23 45 32 43 16 5 47 40 25 2 21 24 29 10 3 13 18 38 39 49 17 28 6 35 7
845 578 0 48 18 50 34 6 43 2 17 39 11 22 49 26 32 46 13 8 1 3 48 35 21 23 12 10 24 28 36 30 5 47 19 45 37 14 33 44 38 27 29 41 15 9 42 16 31 40 20 7
846 393 20 16 1 46 5 20 48 33 44 22 13 47 35 23 28 8 7 38
847 157 11 1 19
848 246 11 47 43 20 42 26 47 4 24 32 14 12 5 6 41 16 9 46 33 36 19 44 39 31 40 49 13 2 30 15 21 25 7 8 38 34 23 11 29 27 48 10 22 50 28 17 35 18 3
849 332 10 3 50 40 47
850 593 16 28 1 14 29 50 36 17 21 43 22 18 8 32 6 44 3 35 13 9 41 40 28 33 48 46 20 7 39 30
851 450 19 6 11 49 42 22 16 12
852 372 15 40 38 31 29 44 41 19 1 18 21 25 36 10 30 4 34 48 23 6 35 13 16 42 5 28 49 9 14 11 46 17 39 20 37 8 24 12 50 7 33 32
853 286 11 31 5 7 31 21 16 50 44 46 25 24 43 40 17 30 35 45 36 27 48 20 22 11 8 28 3 15 29 32 38 37 47
854 255 17 44 4 34 8 14 40 21 1 17 18 20 41 31 49 2 26 48 47 45 19 38 36 33 22 23 27 3 37 28 7 6 15 30 5 35 10 12 50 32 9 24 16 11 42 29
855 538 13 19 1 26 43 48 29 45 31 4 2 24 7 34 6 20 49 11 19 39 17
856 214 3 40 28 33 11 30 36 27 22 7 42 24 40 2 39 14 6 43 26 49 1 23 8 32 12 35 46 45 34 31 41 20 15 50 4 5 16 10 37 21 38 48
857 147 14 40 9 18 47 48 34 39 24 12 25 22 43 45 41 5 36 7 21 11 6 1 29 50 19 40 46 31 13 37 33 10 28 49 16 42 44 30 23 20 17 8
858 113 13 11 27 26 31 48 36 29 42 14 33 41 4
859 190 9 35 32 14 21 35 22 36 8 46 24 20 28 18 40 1 48 44 19 43 50 39 34 37 17 25 38 13 2 47 16 29 4 31 33 10 41
860 278 4 6 42 50 21 27 32 43
861 570 14 16 22 18 46 36 44 8 10 29 25 2 27 20 23 35 1 6
862 310 18 17 11 40 35 26 15 33 19 20 17 2 29 21 47 36 12 7 22
863 480 5 6 11 19 27 12 41 38
864 47 4 14 16 33 44 38 43 9 22 46 17 28 50 5 34 15
865 125 0 25 28 35 42 25 6 41 37 12 14 7 4 26 45 16 8 21 18 13 39 31 48 3 38 47 29
866 185 18 14 43 42 4 5 7 24 17 31 30 26 6 8 41 20
867 430 14 10 20 45 37 50 22 24 16 4 35 31
868 44 1 50 31 20 41 45 25 16 19 27 8 10 30 37 22 39 46 1 32 2 48 14 5 33 13 34 7 24 42 40 15 47 6 38 29 18 4 9 17 26 28 43 44 11 49 35 36 23 12 50 21 3
869 551 4 7 27 37 39 42 6 24 34
870 243 16 30 11 48 35 3 16 12 19 33 5 44 42 13 39 31 37 29 27 23 26 28 4 25 17 40 18 32 8 2 41 45
871 589 12 18 31 9 39 18 35 20 29 36 15 1 38 19 17 22 44 50 4 26
872 351 19 36 13 16 33 9 22 8 43 14 25 5 38 1 47 2 3 12 45 35 18 37 27 40 24 10 23 30 26 46 11 44 50 15 32 29 21 41
873 151 7 4 15 43 4 38
874 78 13 8 38 34 25 50 36 22 23 18
875 209 9 29 25 42 47 35 10 44 32 21 22 38 43 49 17 2 8 1 28 33 6 23 19 27 9 26 45 40 41 3 37
876 398 13 15 35 36 13 9 24 21 17 5 28 40 30 41 1 33 26
877 592 17 30 8 42 39 33 45 12 20 49 31 16 46 27 32 36 38 25 44 30 19 29 5 14 24 43 10 17 26 3 47 50
878 550 20 25 30 46 40 39 12 48 41 21 19 31 2 42 45 33 16 35 18 10 22 29 17 49 1 4 8
879 56 19 28 2 7 38 49 43 37 4 20 27 41 40 45 33 3 8 14 30 23 21 15 35 11 9 29 25 46 5 17
880 277 16 18 50 49 39 10 9 26 37 2 15 41 11 1 17 42 6 31 34 43
881 588 0 35 30 10 43 42 24 13 46 11 1 44 15 14 49 27 37 19 34 3 4 29 18 39 22 36 32 50 41 40 45 38 8 23 25 5 47
882 520 20 29 14 3 35 19 46 15 11 7 37 22 38 36 4 21 28 24 34 39 31 10 17 12 30 13 20 43 50 45 8
883 573 8 35 8 26 23 2 50 18 16 43 24 29 48 7 47 10 44 35 38 22 13 30 27 15 31 37 1 17 11 42 25 20 40 32 3 5 41
884 337 1 23 16 39 31 25 50 20 7 22 4 36 35 38 11 27 23 3 45 28 34 47 10 17 19
885 367 7 38 7 42 9 22 25 31 34 5 11 24 43 21 33 30 10 36 40 14 8 3 28 17 41 48 35 38 13 20 1 45 2 18 6 27 16 19 46 50
886 280 13 39 18 15 10 23 8 33 40 5 30 12 14 48 42 16 27 49 29 37 3 26 6 46 41 24 43 9 39 31 47 17 35 45 36 2 34 38 44 19 13
887 217 18 41 28 36 29 13 6 15 46 34 27 20 38 26 48 12 47 7 30 16 8 5 21 33 41 4 23 1 14 40 31 35 9 17 50 42 11 37 3 22 49 24 44
888 112 5 1 8
889 490 14 15 38 19 16 13 2 35 34 4 44 22 17 28 43 9 12
890 370 19 28 3 24 39 17 47 42 23 13 31 43 38 26 10 21 45 46 7 20 29 6 27 34 32 2 37 35 22 40
891 197 1 33 45 4 24 35 12 21 37 34 29 9 30 3 32 48 33 40 17 14 15 50 27 46 18 41 6 39 20 22 11 8 38 10 49
892 322 18 36 7 14 12 35 18 48 2 32 38 1 31 34 44 11 45 8 40 33 19 27 17 3 4 13 20 39 28 22 49 42 47 15 10 50 26 41
893 285 0 34 40 3 36 21 16 1 27 24 45 18 31 26 28 17 7 35 46 6 22 48 12 19 13 9 37 32 30 11 47 38 8 4 14 10
894 391 3 34 41 38 22 2 42 33 25 35 24 29 23 9 37 46 10 27 18 40 44 8 7 1 13 12 45 14 34 30 5 3 32 15 47 48
895 11 6 1 27
896 307 16 39 6 5 43 35 42 46 19 45 38 1 15 28 25 20 34 33 41 27 3 14 10 13 31 24 37 18 4 23 26 8 32 7 36 48 11 29 50 22 40
897 159 19 49 36 31 23 49 45 7 11 12 3 32 26 14 40 37 39 38 20 33 21 25 28 29 6 16 50 17 22 27 44 15 34 8 1 13 2 48 4 30 24 47 10 19 43 42 9 35 18 41 5
898 408 15 28 2 33 6 11 36 17 26 38 24 31 25 9 44 28 32 47 18 49 5 22 15 23 34 1 39 27 20 37
899 329 18 14 2 28 5 31 50 23 45 7 27 30 37 42 17 34
900 534 6 26 23 42 10 44 2 16 48 31 49 12 43 22 34 6 36 4 26 19 33 35 17 15 27 38 7 24
901 199 14 7 39 21 13 31 38 46 10
902 310 11 30 37 19 49 28 8 22 13 41 9 2 25 10 5 32 36 47 34 31 33 21 48 15 24 43 12 14 11 35 42 7
903 358 16 25 38 33 49 27 20 45 42 43 30 3 39 14 15 48 46 41 40 12 36 35 5 11 8 16 19
904 218 10 20 21 22 9 18 19 15 26 32 44 31 45 16 38 33 34 10 35 7 13 41
905 96 3 24 5 11 24 43 3 37 33 10 28 21 49 1 4 35 50 23 25 42 16 40 13 19 20 27
906 270 2 12 13 38 23 24 39 49 9 10 6 37 44 11
907 478 14 31 40 26 22 7 39 9 21 33 32 19 44 14 1 25 37 24 2 36 48 5 15 27 43 3 30 16 29 28 4 11 23
908 14 13 49 16 42 27 22 30 4 48 41 36 18 34 39 26 8 37 2 15 31 45 50 29 32 47 24 10 46 5 1 49 28 40 21 6 3 14 12 43 13 7 20 35 23 11 44 33 38 25 9 17
909 579 20 8 11 34 2 29 4 17 1 37
910 485 6 3 50 21 4
911 428 14 15 18 35 46 30 9 17 15 45 8 29 14 22 39 28 49
912 246 16 35 22 28 3 23 11 38 37 35 1 45 20 32 15 8 14 18 33 10 49 24 9 39 26 13 34 2 47 48 12 43 6 40 50 42 19
913 28 4 44 25 36 16 6 47 34 23 9 42 40 50 37 4 19 49 35 22 8 13 27 29 11 3 28 1 39 43 33 44 14 2 21 30 24 15 18 26 48 20 5 31 46 45 12
914 414 7 31 32 47 43 26 30 1 39 2 8 18 35 23 9 36 33 34 10 41 42 22 4 3 16 13 29 5 20 25 21 31 38
915 566 14 38 46 31 35 50 16 43 29 12 47 17 49 4 30 15 14 3 44 41 10 20 6 5 36 21 38 8 1 34 19 48 32 22 27 13 26 2 11 23
916 326 1 10 35 20 6 37 36 12 15 49 13 21
917 522 4 50 16 3 40 2 42 45 25 41 28 33 21 44 20 29 27 38 6 4 13 39 49 37 50 43 35 31 19 26 17 22 30 34 11 1 36 14 8 47 9 32 18 5 12 23 48 46 7 10 24 15
918 291 20 44 18 20 12 10 23 11 37 46 34 32 13 6 5 2 39 22 38 15 27 44 33 17 1 3 4 28 25 42 49 26 14 8 19 9 43 35 31 30 7 36 29 21 45 41
919 285 19 16 32 45 10 13 16 48 43 12 36 6 35 39 28 24 11 42
920 224 14 18 17 22 23 14 49 28 40 43 5 50 21 36 13 20 27 29 2 26
921 540 18 37 4 28 33 1 8 21 26 42 38 20 15 19 35 48 13 49 12 44 31 6 11 30 47 36 22 40 43 14 16 9 50 23 34 37 3 27 41
922 179 19 2 18 45
923 306 14 26 44 12 46 2 10 36 22 43 39 30 4 27 3 23 18 19 47 29 45 9 49 13 34 7 8 33
924 568 9 15 9 33 28 36 45 8 37 20 48 42 1 29 32 35 24
925 253 15 43 37 23 50 46 44 22 9 6 14 1 15 17 16 8 12 49 27 21 40 19 33 41 28 48 24 36 38 30 4 43 2 45 11 13 10 32 35 47 29 42 31 3 7
926 68 17 14 24 28 37 12 35 40 3 48 17 7 45 11 20 19
927 337 4 47 44 5 38 46 20 43 21 30 34 18 48 23 25 7 11 2 3 16 36 22 41 45 9 26 12 4 31 35 8 24 33 42 47 10 27 28 6 14 17 13 19 49 37 29 50 39 32
928 141 9 29 28 7 36 49 35 42 24 46 6 33 11 13 15 27 14 2 40 16 39 31 12 5 50 26 32 45 34 17 38
929 171 3 50 6 13 24 14 1 9 30 19 22 39 43 41 28 47 32 46 45 2 11 23 35 10 5 27 25 48 4 18 38 8 12 7 40 16 34 31 42 33 15 36 20 49 44 29 3 21 26 17 37 50
930 454 13 19 23 35 1 3 28 47 36 37 30 12 48 9 4 20 25 7 45 50 22
931 365 19 17 16 42 22 20 1 37 2 13 44 32 18 23 24 27 4 40 29
932 531 1 50 10 35 20 2 14 41 3 1 21 12 50 42 28 8 26 32 4 16 23 18 33 49 31 11 7 39 27 9 17 29 37 25 30 6 45 19 38 22 15 13 34 48 36 40 43 46 47 5 24 44
933 158 7 47 20 23 50 39 15 14 9 12 37 10 30 2 3 31 21 27 49 18 13 22 24 36 28 48 7 6 17 19 45 1 8 29 5 43 41 38 32 47 42 35 46 34 16 25 11 26 44
934 19 10 3 29 1 35
935 143 16 2 40 3
936 501 8 19 24 1 42 16 7 31 22 21 26 23 30 40 9 35 28 2 3 49 48
937 221 19 10 2 49 46 22 17 4 11 15 12 14
938 183 6 45 12 20 27 26 23 1 30 33 5 44 19 11 45 46 37 16 42 38 36 24 15 18 41 48 43 9 2 34 10 21 29 13 31 28 39 50 49 7 40 4 25 35 14 6 22
939 53 20 43 37 36 50 45 22 7 41 12 6 44 2 15 48 21 5 16 49 42 18 43 38 3 28 24 4 23 39 8 10 1 35 47 14 32 27 31 25 9 26 30 40 29 19
940 449 17 50 8 13 17 39 37 36 46 26 25 23 43 2 5 48 3 9 49 6 38 21 4 11 45 14 40 44 41 50 34 24 15 18 35 1 29 10 42 47 30 19 27 33 12 7 16 28 32 22 31 20
941 402 6 23 46 49 25 2 34 13 16 3 47 31 5 37 26 33 38 45 36 48 44 41 29 15 10
942 592 16 36 49 2 4 30 24 11 50 46 41 18 38 1 7 31 43 25 48 32 19 22 42 34 15 44 37 29 3 21 27 12 10 28 8 26 39 6
943 327 3 8 8 26 2 33 32 31 43 15
944 47 19 12 31 40 16 35 14 47 25 39 38 2 23 32
945 509 3 36 34 5 22 4 28 30 24 37 48 21 18 38 14 35 9 27 11 25 49 45 46 16 15 32 17 29 1 42 12 2 13 26 10 33 36 19
946 438 3 48 14 34 40 38 43 46 35 39 47 9 49 42 10 4 13 15 26 30 22 8 6 45 12 7 33 18 1 31 41 37 36 27 23 16 2 32 29 28 50 20 3 25 17 11 21 19 5 48
947 404 19 28 34 9 47 6 23 3 46 24 20 26 18 33 38 28 10 30 49 8 21 1 35 29 48 4 45 41 40 13
948 137 14 26 44 24 26 20 38 46 34 13 14 23 15 12 11 8 4 39 37 21 40 41 36 19 45 48 29 32
949 157 17 2 32 18
950 485 17 47 25 11 3 26 6 46 33 13 38 12 40 30 47 5 44 20 23 42 19 39 48 41 37 18 24 1 17 14 50 15 31 45 49 10 21 2 8 9 7 34 32 22 29 16 43 35 28
951 489 3 42 29 50 42 7 39 6 37 17 18 22 35 44 13 23 10 16 45 32 38 9 8 47 14 49 5 43 27 12 25 36 26 46 4 34 40 28 24 20 30 11 1 19
952 313 0 12 41 7 5 48 4 44 40 6 14 2 26 25
953 363 15 25 17 8 27 44 33 15 41 30 31 6 43 26 48 9 4 16 25 40 45 2 42 34 21 38 29
954 71 6 29 42 37 50 29 34 33 35 24 12 1 8 45 47 2 32 30 44 11 22 16 28 38 15 27 41 43 39 3 14
955 157 7 10 3 4 2 7 44 23 18 10 17 29
956 410 2 49 44 16 6 1 48 33 36 37 28 42 12 41 47 24 39 14 4 17 23 7 20 40 3 43 25 35 46 8 27 38 10 29 15 26 11 34 18 22 30 19 49 32 45 50 13 31 9 2 21
957 35 9 6 11 40 49 37 42 21
958 351 13 29 19 49 34 44 47 23 4 31 30 50 38 36 15 3 20 24 2 32 35 33 8 7 13 18 14 46 39 9 43
959 567 2 30 6 21 5 18 34 43 39 44 7 28 50 25 23 4 20 40 12 27 16 30 26 9 13 8 10 37 36 46 32 38
960 301 2 34 2 32 10 19 42 14 39 30 4 25 43 49 12 36 31 33 41 45 47 37 34 8 5 9 44 1 26 11 22 27 7 3 46 17
961 421 11 35 1 7 45 30 3 11 15 12 43 6 23 13 18 41 48 17 16 14 25 28 44 8 24 27 38 36 32 10 34 40 19 37 46 31 50
962 350 8 20 20 9 50 32 46 22 31 36 12 10 17 3 8 49 35 25 16 34 7 11
963 81 6 25 37 15 44 2 34 30 49 32 13 45 24 48 8 33 14 12 10 26 47 42 16 21 20 9 1
964 179 14 40 12 7 37 8 22 17 44 49 36 23 14 19 35 5 29 28 3 30 10 31 50 42 4 41 15 46 33 21 16 11 20 40 1 9 24 26 25 18 43 38
965 220 15 38 10 8 17 43 5 47 3 13 12 4 1 29 38 18 37 23 14 25 26 15 22 35 34 49 42 40 7 27 30 11 28 50 9 20 41 6 39 2
966 453 17 34 34 40 23 39 17 12 42 28 20 44 24 31 45 36 13 29 2 41 35 32 9 30 7 27 5 11 16 21 4 14 10 8 25 19
967 123 17 11 47 30 17 21 38 29 41 5 31 22 42
968 226 3 47 36 39 22 17 46 50 9 12 7 38 35 24 29 23 32 8 44 6 2 11 18 14 1 37 30 49 25 13 21 31 5 26 33 47 41 48 28 45 15 34 3 40 20 27 19 16 10
969 311 17 13 44 21 25 48 24 9 13 47 6 11 34 32 50
970 536 5 37 41 20 22 11 32 25 29 38 1 4 40 23 9 31 16 27 45 43 17 48 33 18 12 19 15 30 14 8 28 35 24 36 5 10 3 46 47
971 598 18 11 42 21 32 36 46 6 31 26 11 25 17
972 296 18 44 45 36 15 24 3 29 2 32 33 20 44 27 5 6 21 42 17 38 7 28 50 8 19 12 13 18 43 23 14 11 48 37 1 35 41 47 25 9 46 4 26 10 40 39
973 559 8 30 43 12 35 9 20 24 17 30 40 13 18 8 2 48 19 36 16 28 3 15 21 6 1 11 5 31 49 33 41 50
974 242 19 41 5 38 15 10 7 32 43 50 6 45 24 42 39 47 25 49 27 16 33 1 36 35 3 12 28 9 30 21 34 37 11 26 29 40 48 18 41 20 8 13 22
975 312 4 35 20 45 33 4 10 50 31 36 27 41 26 9 6 16 3 35 34 29 23 49 21 40 43 22 37 19 44 17 1 12 25 15 5 2 28
976 497 13 19 29 46 21 36 30 38 28 9 18 15 5 26 1 11 34 3 19 35 16
977 378 14 9 43 41 40 36 8 2 16 12 30
978 132 7 48 24 44 38 19 28 42 22 49 14 20 11 3 2 34 46 31 45 50 37 1 5 12 26 43 47 13 9 39 23 30 4 10 36 16 29 48 7 25 18 41 32 33 35 17 27 40 6 8
979 502 20 26 32 49 21 47 5 18 36 23 37 50 20 2 31 38 19 27 9 39 3 4 35 7 40 14 34 10
980 304 17 26 35 45 15 16 8 31 32 25 1 42 27 20 47 13 18 44 9 17 28 2 6 5 38 7 19 39
981 243 3 43 27 2 49 13 30 12 50 10 9 14 32 47 11 22 40 38 36 19 42 33 28 37 44 3 8 20 48 39 17 31 24 35 34 41 18 25 21 46 23 29 16 43 26
982 370 4 11 20 22 34 42 5 2 21 33 32 43 15
983 475 4 6 9 21 48 7 42 11
984 409 11 4 9 23 30 31
985 69 10 43 42 9 33 49 27 39 48 20 6 23 24 22 13 5 12 38 17 30 45 26 34 44 41 36 31 1 4 40 32 43 28 3 11 10 50 18 2 21 29 37 46 16 35
986 10 0 35 9 50 31 14 36 42 38 27 22 37 46 10 26 4 12 33 20 43 19 15 28 30 8 49 17 48 47 3 44 7 35 18 41 16 29
987 478 12 31 31 22 28 9 29 41 1 4 18 47 20 34 38 42 43 19 6 32 5 48 39 21 2 26 15 50 24 3 17 10 13
988 545 13 8 3 6 28 41 43 33 45 48
989 47 19 37 3 31 10 28 14 16 9 8 45 30 29 48 19 42 6 32 23 38 37 17 26 11 43 18 15 5 36 1 21 34 13 47 27 49 2 40 22
990 495 8 45 3 44 8 20 43 9 15 36 27 21 16 35 50 24 26 25 11 37 29 14 2 49 32 30 7 48 13 10 47 23 40 42 46 1 38 33 18 45 28 5 6 22 41 19 39
991 392 12 31 2 8 50 14 5 45 49 12 7 17 44 29 47 26 6 43 42 39 36 46 22 41 10 35 27 3 33 24 15 25 23
992 99 13 5 26 12 23 41 1
993 108 13 17 7 23 39 14 9 30 42 5 36 10 22 29 15 4 17 24 34
994 154 15 41 10 27 11 16 32 45 50 41 5 31 2 33 30 43 35 29 47 38 24 3 15 13 46 37 26 12 14 19 7 1 40 34 42 17 22 6 39 36 49 4 44
995 409 9 27 40 50 22 2 7 15 18 24 5 12 32 16 43 20 9 49 26 27 14 17 42 13 48 37 10 36 21
996 193 10 18 43 25 35 23 2 30 21 15 9 42 10 45 48 8 16 7 32 19
997 351 13 31 7 16 49 23 2 18 37 48 42 41 19 29 20 22 35 43 1 44 13 6 12 31 34 28 25 21 24 47 27 50 14
50
1 19
2 17
3 11
4 18
5 18
6 18
7 4
8 20
9 9
10 11
11 6
12 2
13 12
14 3
15 2
16 13
17 3
18 20
19 11
20 19
21 3
22 12
23 19
24 11
25 6
26 13
27 16
28 14
29 8
30 4
31 18
32 20
33 19
34 9
35 14
36 11
37 8
38 2
39 15
40 17
41 13
42 16
43 3
44 19
45 17
46 20
47 4
48 3
49 4
50 3
30
1 1 10556
2 1 431
3 18 1043
4 2 929
5 11 395
6 2 1047
7 8 928
8 9 608
9 7 955
10 17 721
11 7 813
12 5 634
13 7 517
14 11 906
15 16 870
16 10 962
17 7 359
18 18 959
19 20 969
20 18 570
21 20 504
22 3 564
23 6 501
24 7 1036
25 10 715
26 17 930
27 18 644
28 7 483
29 19 787
30 7 493
585
1 8
1 9
1 11
1 12
1 14
1 17
1 24
1 29
1 32
1 34
1 37
1 38
1 39
1 41
2 43
2 45
2 46
2 49
2 50
2 51
2 56
2 62
2 63
2 64
2 65
2 67
2 72
2 73
2 74
2 76
2 77
3 79
3 81
3 82
3 83
3 86
3 88
3 90
3 92
3 93
3 94
3 98
3 99
3 100
3 104
3 107
3 108
3 109
3 110
3 111
3 112
4 117
4 118
4 121
4 124
4 125
4 126
4 129
4 131
4 132
4 133
4 134
4 135
4 136
4 138
4 139
4 141
4 142
4 143
4 144
4 145
5 149
5 152
5 153
5 158
5 160
5 161
5 162
5 163
5 164
5 165
5 166
5 169
5 172
5 182
6 185
6 186
6 188
6 189
6 193
6 194
6 195
6 196
6 198
6 200
6 203
6 204
6 205
6 206
6 207
6 208
6 210
6 216
7 219
7 221
7 222
7 223
7 224
7 228
7 229
7 230
7 231
7 233
7 234
7 237
7 240
7 242
7 244
7 245
7 252
10 255
11 256
12 257
14 259
15 260
16 261
18 263
19 264
21 266
22 267
23 268
24 269
28 273
30 275
31 276
32 277
33 278
36 281
37 282
45 290
47 292
50 295
51 296
53 298
54 299
55 300
56 301
59 304
62 307
64 309
65 310
66 311
72 317
73 318
76 321
80 325
81 326
83 328
84 329
90 335
92 337
95 340
96 341
97 342
99 344
100 345
102 347
104 349
106 351
107 352
108 353
109 354
110 355
112 357
113 358
114 359
116 361
119 364
122 367
123 368
124 369
125 370
128 373
129 374
130 375
131 376
136 381
141 386
142 387
144 389
145 390
147 392
148 393
151 396
152 397
153 398
154 399
155 400
156 401
157 402
160 405
161 406
162 407
163 408
164 409
167 412
170 415
171 416
175 420
178 423
186 431
187 432
189 434
190 435
191 436
192 437
195 440
196 441
200 445
201 446
203 448
205 450
208 453
210 455
217 462
219 464
221 466
226 471
227 472
228 473
229 474
232 477
234 479
235 480
236 481
240 485
243 488
245 490
250 495
252 497
253 498
260 505
262 507
264 509
265 510
266 511
272 517
273 518
274 519
276 521
277 522
278 523
279 524
280 525
281 526
282 527
285 530
286 531
291 536
296 541
299 544
303 548
304 549
307 552
311 556
314 559
318 563
319 564
320 565
322 567
327 572
328 573
329 574
330 575
335 580
336 581
337 582
338 583
341 586
351 596
352 597
353 598
356 601
358 603
362 607
365 610
366 611
373 618
379 624
380 625
382 627
384 629
386 631
387 632
388 633
389 634
391 636
393 638
394 639
395 640
396 641
402 647
404 649
405 650
406 651
409 654
410 655
411 656
412 657
421 666
422 667
432 677
442 687
444 689
446 691
450 695
457 702
461 706
462 707
464 709
466 711
468 713
470 715
471 716
472 717
474 719
477 722
479 724
482 727
483 728
484 729
485 730
486 731
487 732
490 735
491 736
494 739
499 744
500 745
501 746
504 749
507 752
508 753
509 754
512 757
514 759
516 761
517 762
522 767
524 769
525 770
527 772
528 773
530 775
531 776
532 777
533 778
534 779
536 781
537 782
538 783
542 787
544 789
545 790
546 791
547 792
548 793
550 795
551 796
555 800
556 801
559 804
560 805
562 807
571 816
573 818
576 821
577 822
578 823
581 826
582 827
587 832
588 833
589 834
591 836
594 839
595 840
597 842
599 844
602 847
603 848
604 849
605 850
606 851
608 853
609 854
611 856
612 857
613 858
614 859
615 860
616 861
618 863
622 867
627 872
629 874
631 876
632 877
635 880
637 882
639 884
641 886
642 887
645 890
646 891
647 892
648 893
649 894
653 898
654 899
655 900
656 901
658 903
665 910
668 913
669 914
671 916
672 917
673 918
680 925
681 926
684 929
685 930
686 931
687 932
688 933
690 935
692 937
698 943
699 944
702 947
703 948
704 949
706 951
708 953
709 954
710 955
711 956
713 958
714 959
717 962
718 963
723 968
724 969
725 970
729 974
733 978
737 982
738 983
740 985
741 986
742 987
745 988
747 988
749 988
750 988
751 988
753 988
754 988
757 988
758 988
760 988
761 988
763 988
764 988
771 988
773 988
774 988
776 988
778 989
780 989
786 989
788 989
789 989
790 989
792 989
793 989
794 989
795 989
797 989
799 989
800 989
801 989
802 989
803 989
806 989
807 989
808 989
809 989
810 989
813 990
815 990
816 990
817 990
818 990
828 990
834 990
836 990
837 990
838 990
839 990
842 990
848 991
849 991
851 991
854 991
858 991
861 991
862 991
865 991
869 991
870 991
871 991
872 991
873 991
874 991
876 991
877 991
878 991
884 992
885 992
886 992
887 992
889 992
890 992
893 992
898 992
899 992
900 992
902 992
904 992
907 992
908 992
909 992
910 992
912 992
915 992
918 993
922 993
925 993
926 993
928 993
929 993
930 993
931 993
932 993
934 993
937 993
940 993
941 993
942 993
948 993
949 993
951 993
953 994
956 994
957 994
959 994
960 994
963 994
966 994
971 994
972 994
973 994
978 994
981 994
983 994
987 994
989 995
990 995
992 995
993 995
994 995
995 996
996 997
649
1 10
1 13
1 15
1 16
1 18
1 19
1 20
1 21
1 22
1 23
1 25
1 26
1 27
1 28
1 30
1 31
1 33
1 35
1 36
1 40
1 42
2 44
2 47
2 48
2 52
2 53
2 54
2 55
2 57
2 58
2 59
2 60
2 61
2 66
2 68
2 69
2 70
2 71
2 75
3 78
3 80
3 84
3 85
3 87
3 89
3 91
3 95
3 96
3 97
3 101
3 102
3 103
3 105
3 106
4 113
4 114
4 115
4 116
4 119
4 120
4 122
4 123
4 127
4 128
4 130
4 137
4 140
4 146
4 147
5 148
5 150
5 151
5 154
5 155
5 156
5 157
5 159
5 167
5 168
5 170
5 171
5 173
5 174
5 175
5 176
5 177
5 178
5 179
5 180
5 181
6 183
6 184
6 187
6 190
6 191
6 192
6 197
6 199
6 201
6 202
6 209
6 211
6 212
6 213
6 214
6 215
6 217
7 218
7 220
7 225
7 226
7 227
7 232
7 235
7 236
7 238
7 239
7 241
7 243
7 246
7 247
7 248
7 249
7 250
7 251
8 253
9 254
13 258
17 262
20 265
25 270
26 271
27 272
29 274
34 279
35 280
38 283
39 284
40 285
41 286
42 287
43 288
44 289
46 291
48 293
49 294
52 297
57 302
58 303
60 305
61 306
63 308
67 312
68 313
69 314
70 315
71 316
74 319
75 320
77 322
78 323
79 324
82 327
85 330
86 331
87 332
88 333
89 334
91 336
93 338
94 339
98 343
101 346
103 348
105 350
111 356
115 360
117 362
118 363
120 365
121 366
126 371
127 372
132 377
133 378
134 379
135 380
137 382
138 383
139 384
140 385
143 388
146 391
149 394
150 395
158 403
159 404
165 410
166 411
168 413
169 414
172 417
173 418
174 419
176 421
177 422
179 424
180 425
181 426
182 427
183 428
184 429
185 430
188 433
193 438
194 439
197 442
198 443
199 444
202 447
204 449
206 451
207 452
209 454
211 456
212 457
213 458
214 459
215 460
216 461
218 463
220 465
222 467
223 468
224 469
225 470
230 475
231 476
233 478
237 482
238 483
239 484
241 486
242 487
244 489
246 491
247 492
248 493
249 494
251 496
254 499
255 500
256 501
257 502
258 503
259 504
261 506
263 508
267 512
268 513
269 514
270 515
271 516
275 520
283 528
284 529
287 532
288 533
289 534
290 535
292 537
293 538
294 539
295 540
297 542
298 543
300 545
301 546
302 547
305 550
306 551
308 553
309 554
310 555
312 557
313 558
315 560
316 561
317 562
321 566
323 568
324 569
325 570
326 571
331 576
332 577
333 578
334 579
339 584
340 585
342 587
343 588
344 589
345 590
346 591
347 592
348 593
349 594
350 595
354 599
355 600
357 602
359 604
360 605
361 606
363 608
364 609
367 612
368 613
369 614
370 615
371 616
372 617
374 619
375 620
376 621
377 622
378 623
381 626
383 628
385 630
390 635
392 637
397 642
398 643
399 644
400 645
401 646
403 648
407 652
408 653
413 658
414 659
415 660
416 661
417 662
418 663
419 664
420 665
423 668
424 669
425 670
426 671
427 672
428 673
429 674
430 675
431 676
433 678
434 679
435 680
436 681
437 682
438 683
439 684
440 685
441 686
443 688
445 690
447 692
448 693
449 694
451 696
452 697
453 698
454 699
455 700
456 701
458 703
459 704
460 705
463 708
465 710
467 712
469 714
473 718
475 720
476 721
478 723
480 725
481 726
488 733
489 734
492 737
493 738
495 740
496 741
497 742
498 743
502 747
503 748
505 750
506 751
510 755
511 756
513 758
515 760
518 763
519 764
520 765
521 766
523 768
526 771
529 774
535 780
539 784
540 785
541 786
543 788
549 794
552 797
553 798
554 799
557 802
558 803
561 806
563 808
564 809
565 810
566 811
567 812
568 813
569 814
570 815
572 817
574 819
575 820
579 824
580 825
583 828
584 829
585 830
586 831
590 835
592 837
593 838
596 841
598 843
600 845
601 846
607 852
610 855
617 862
619 864
620 865
621 866
623 868
624 869
625 870
626 871
628 873
630 875
633 878
634 879
636 881
638 883
640 885
643 888
644 889
650 895
651 896
652 897
657 902
659 904
660 905
661 906
662 907
663 908
664 909
666 911
667 912
670 915
674 919
675 920
676 921
677 922
678 923
679 924
682 927
683 928
689 934
691 936
693 938
694 939
695 940
696 941
697 942
700 945
701 946
705 950
707 952
712 957
715 960
716 961
719 964
720 965
721 966
722 967
726 971
727 972
728 973
730 975
731 976
732 977
734 979
735 980
736 981
739 984
743 988
744 988
746 988
748 988
752 988
755 988
756 988
759 988
762 988
765 988
766 988
767 988
768 988
769 988
770 988
772 988
775 988
777 988
779 989
781 989
782 989
783 989
784 989
785 989
787 989
791 989
796 989
798 989
804 989
805 989
811 989
812 989
814 990
819 990
820 990
821 990
822 990
823 990
824 990
825 990
826 990
827 990
829 990
830 990
831 990
832 990
833 990
835 990
840 990
841 990
843 990
844 990
845 990
846 990
847 990
850 991
852 991
853 991
855 991
856 991
857 991
859 991
860 991
863 991
864 991
866 991
867 991
868 991
875 991
879 991
880 991
881 991
882 991
883 992
888 992
891 992
892 992
894 992
895 992
896 992
897 992
901 992
903 992
905 992
906 992
911 992
913 992
914 992
916 992
917 992
919 993
920 993
921 993
923 993
924 993
927 993
933 993
935 993
936 993
938 993
939 993
943 993
944 993
945 993
946 993
947 993
950 993
952 993
954 994
955 994
958 994
961 994
962 994
964 994
965 994
967 994
968 994
969 994
970 994
974 994
975 994
976 994
977 994
979 994
980 994
982 994
984 994
985 994
986 994
988 995
991 995
