47
1 596 5 20 50 11 49 34 3 21 39 45 44 9 35 20 32 36 5 25 22 16 43 27
2 466 10 18 35 12 50 28 6 14 16 2 15 46 4 30 31 23 32 45 3 38
3 36 17 14 46 17 30 32 40 42 44 8 50 39 19 10 5 26
4 61 12 44 27 3 8 17 40 13 33 49 20 5 4 43 34 24 31 37 42 29 6 1 50 36 38 44 14 35 11 2 21 30 48 15 18 41 45 46 32 25 47 19 16 23 9 22
5 422 15 35 5 20 34 46 39 32 10 4 24 36 42 30 33 41 2 7 49 11 18 50 6 8 28 31 29 1 40 3 25 9 43 16 27 13 12
6 144 13 40 10 21 4 7 32 41 15 50 28 14 23 39 45 19 43 1 40 17 30 18 5 11 2 29 3 46 38 31 8 26 33 27 48 12 49 47 13 35 6 37
7 568 5 26 44 3 23 42 35 29 17 40 4 12 5 36 7 32 25 22 14 28 19 20 21 10 50 46 31 13
8 422 5 17 23 7 41 45 22 19 17 27 8 9 26 49 48 12 21 40 37
9 295 0 27 11 33 46 8 16 25 18 6 13 45 28 14 19 23 40 17 26 44 50 29 24 15 10 43 20 22 41
10 16 12 13 7 37 40 17 3 41 29 11 25 10 21 6 19
11 512 1 50 11 17 9 44 19 42 34 28 24 41 35 15 22 8 31 13 47 38 36 14 43 33 23 6 4 1 12 10 30 27 2 50 49 26 16 29 5 46 7 45 39 18 3 40 21 25 37 32 20 48
12 451 15 17 34 11 14 48 25 36 21 7 2 45 9 16 32 33 39 26 44
13 507 9 22 12 36 47 18 11 28 16 24 2 6 35 30 37 21 39 33 38 45 17 31 19 1
14 327 9 27 7 9 11 25 48 17 26 46 19 23 35 32 20 38 8 22 4 13 5 41 1 28 12 29 47 40 30
15 563 18 41 1 13 21 44 9 4 37 22 2 45 23 5 18 47 15 50 25 30 38 43 16 3 42 40 36 26 10 19 29 14 31 46 35 49 12 6 33 28 27 32 34
16 543 6 11 19 4 13 17 24 50 20 26 41 47 45
17 318 1 48 32 36 44 20 38 24 39 35 26 15 40 31 49 27 1 11 33 12 45 5 21 9 29 4 25 17 48 2 3 43 7 41 37 16 10 34 22 23 50 46 30 42 18 47 28 13 8 14
18 565 14 12 48 20 25 28 47 15 1 27 6 44 23 8
19 385 18 23 5 23 42 47 38 13 19 49 28 35 1 4 48 18 44 40 30 17 34 26 12 22 2
20 381 9 43 46 5 35 20 19 44 38 42 34 28 15 30 3 17 22 32 25 43 9 23 4 47 14 39 36 16 6 10 13 8 21 12 27 49 24 40 18 41 37 33 1 50 26
21 232 12 33 18 25 35 37 5 7 9 34 39 40 17 28 23 21 10 13 8 26 30 2 46 20 47 38 42 15 31 11 32 43 4 19 45
22 387 13 37 27 9 21 31 38 11 41 14 36 50 29 19 26 17 42 2 34 23 44 45 13 3 43 48 35 46 10 33 22 15 18 24 30 32 39 5 25
23 290 1 42 7 16 27 8 12 15 14 10 3 33 43 36 1 20 49 11 42 19 31 34 25 23 13 29 22 39 21 41 38 47 30 28 45 26 48 18 17 44 2 24 46 35
24 537 17 37 45 3 41 18 28 34 37 32 8 7 23 15 40 20 16 22 24 10 30 14 47 38 25 42 9 21 5 12 29 19 13 17 44 50 6 48 27
25 50 13 31 44 23 29 21 37 26 18 38 42 7 22 50 28 17 27 15 33 4 46 2 20 40 45 36 25 1 5 32 34 43 10
26 84 2 9 2 45 29 15 42 34 10 23 37
27 531 14 11 8 40 37 43 12 25 7 2 46 35 4
28 312 5 24 40 34 6 20 24 11 12 26 46 45 49 17 2 43 39 3 28 44 1 38 37 10 13 41
29 554 18 11 6 23 36 25 19 29 44 11 45 12 17
30 97 15 5 24 4 36 6 1
31 388 5 16 20 22 1 14 31 4 47 38 40 16 42 24 8 7 34 46
32 423 9 33 1 31 28 43 37 17 23 7 15 8 16 50 12 30 4 21 40 19 39 18 32 36 35 42 25 6 48 9 10 41 34 47 22
33 282 6 26 33 5 13 32 21 39 43 47 10 2 27 14 45 22 9 16 31 18 20 28 35 17 48 36 41 6
34 415 12 13 15 36 2 4 28 39 43 12 18 23 48 47 41
35 259 17 17 35 45 7 29 26 30 28 11 33 24 1 12 4 19 36 14 5
36 209 10 5 25 18 21 37 42
37 295 14 1 35
38 569 20 36 5 4 50 42 2 36 48 32 33 16 40 38 12 21 20 8 3 26 13 10 41 7 39 31 30 25 23 17 15 45 34 22 43 18 37 44
39 399 10 17 10 19 34 22 24 18 49 37 11 50 21 25 20 26 28 36 3
40 35 15 7 13 6 36 8 19 35 15
41 50 3 3 26 7 29
42 583 1 35 39 16 30 7 29 5 36 24 46 23 3 50 27 28 25 11 10 40 9 42 35 21 8 31 45 19 37 44 17 6 41 14 22 26 49
43 107 20 46 16 12 9 24 26 38 50 33 4 5 47 14 2 29 19 32 10 30 6 39 28 37 17 48 34 49 27 8 25 42 21 22 31 15 1 44 3 40 13 46 41 7 45 36 20 18
44 203 13 15 30 37 9 25 38 13 31 39 15 4 45 1 10 50 26
45 163 19 5 24 10 1 29 8
46 291 19 4 40 28 4 45
47 151 6 48 28 42 45 27 48 11 26 25 32 12 14 34 4 46 23 19 50 36 22 49 41 1 35 5 7 6 29 43 47 13 38 10 31 16 24 40 3 30 21 39 20 37 2 33 17 44 8 18
50
1 11
2 9
3 1
4 20
5 16
6 12
7 11
8 14
9 17
10 3
11 14
12 8
13 9
14 12
15 13
16 1
17 3
18 11
19 11
20 1
21 7
22 15
23 6
24 14
25 7
26 10
27 10
28 8
29 6
30 20
31 19
32 9
33 13
34 15
35 2
36 20
37 8
38 16
39 1
40 17
41 19
42 3
43 14
44 4
45 16
46 2
47 12
48 2
49 1
50 6
30
1 1 503
2 17 20
3 12 17
4 16 25
5 18 21
6 12 31
7 15 28
8 9 38
9 17 27
10 19 22
11 8 18
12 4 50
13 17 42
14 15 19
15 6 23
16 11 27
17 9 29
18 8 33
19 10 46
20 11 30
21 5 31
22 18 50
23 11 44
24 8 48
25 8 41
26 17 32
27 8 49
28 9 18
29 16 39
30 6 41
33
1 3
1 5
1 7
2 8
2 10
2 11
5 15
6 16
7 17
8 18
9 19
10 20
11 21
12 22
13 23
16 26
17 27
23 33
25 35
26 36
28 38
29 39
30 40
31 41
32 42
33 43
35 43
36 43
37 43
38 44
39 44
41 44
44 45
21
1 4
1 6
2 9
2 12
3 13
4 14
14 24
15 25
18 28
19 29
20 30
21 31
22 32
24 34
27 37
34 43
40 44
42 44
43 45
45 46
46 47
