50
1 396 6 14 22 15 33 8 23 31 13 38 21 39 45 32 11 25
2 592 19 46 37 16 39 3 35 45 25 19 11 32 2 14 1 34 10 13 42 24 44 5 27 43 12 47 4 23 29 15 31 30 8 50 36 41 20 21 7 18 40 22 6 26 46 33 49 48
3 48 8 4 48 31 44 7
4 155 20 40 25 43 42 23 19 1 49 13 37 44 3 34 7 47 22 9 32 29 2 38 10 20 5 17 36 46 18 15 31 24 45 21 30 8 11 16 12 41 35 14
5 52 18 42 44 3 2 49 1 8 41 15 31 12 25 10 35 48 38 29 40 28 19 39 18 42 30 9 33 4 6 45 7 37 24 20 13 22 14 16 23 47 50 32 11 21
6 351 10 12 30 49 26 16 29 45 8 7 22 15 27 9
7 30 7 7 35 22 28 13 39 36 7
8 414 0 30 18 9 25 27 1 45 3 38 2 13 40 44 39 24 49 10 17 37 8 14 16 15 20 42 48 28 11 41 6 47
9 428 11 15 7 39 14 31 29 25 30 47 9 13 28 12 43 40 2
10 197 10 7 4 50 2 44 18 36 24
11 284 14 9 15 26 22 14 46 38 28 21 10
12 466 2 50 47 30 31 27 1 23 24 42 18 9 17 5 40 10 45 32 13 35 49 2 29 38 36 28 15 21 25 44 6 4 39 41 22 7 46 19 50 20 3 37 14 26 11 12 8 43 34 33 48 16
13 467 6 14 21 36 33 15 31 40 7 6 13 46 18 41 4 14
14 52 5 11 28 33 49 31 17 12 27 16 5 15 7
15 413 3 27 13 46 23 21 42 35 19 48 6 12 8 37 18 16 22 39 4 2 24 17 45 40 15 36 33 43 14
16 104 6 24 2 48 27 6 40 12 4 18 31 21 35 15 3 50 37 42 25 14 16 20 28 39 32 17
17 51 4 1 22
18 297 0 26 41 46 9 23 17 34 48 2 14 30 50 39 37 42 47 29 36 28 1 26 10 25 24 44 13 20
19 328 2 23 34 37 14 39 28 5 24 42 36 4 21 25 46 29 16 31 2 23 45 12 30 10 7
20 423 3 7 38 13 23 37 31 34 30
21 83 4 37 41 44 7 37 46 3 14 23 5 27 11 21 49 10 50 25 43 33 36 31 22 29 24 39 35 47 4 6 32 13 16 45 30 28 26 8 2
22 151 6 30 30 15 26 33 45 28 32 44 43 7 21 40 19 29 16 8 49 1 10 39 9 5 14 36 23 13 48 20 35 24
23 348 18 16 5 21 16 6 37 34 48 23 32 40 8 35 43 14 50 19
24 60 3 41 12 25 30 39 13 48 26 10 8 29 22 31 24 19 33 16 2 40 7 9 6 34 41 18 49 1 43 4 14 5 47 27 45 36 17 44 38 15 21 3 46
25 115 8 14 47 38 41 22 45 21 31 9 19 33 14 8 4 46
26 296 5 15 15 11 33 5 4 42 14 38 34 47 26 40 23 7 13
27 287 11 25 12 24 19 23 14 15 28 9 47 34 2 39 32 42 1 7 5 27 43 41 6 48 50 18 8
28 450 3 43 38 22 35 45 36 1 21 8 2 9 33 29 3 44 4 16 34 40 13 12 49 25 39 31 6 7 10 32 17 23 26 5 18 11 41 20 15 47 37 28 27 50 46
29 104 8 18 48 13 22 37 49 41 35 33 11 27 21 30 47 32 39 8 23 44
30 270 9 49 24 49 32 40 34 23 19 2 29 15 45 26 4 17 12 43 31 42 33 36 20 5 44 22 47 8 25 1 16 48 10 39 7 27 21 3 9 46 6 28 11 14 50 35 41 38 13 30 37
31 11 0 6 11 5 45 23 16 18
32 190 5 37 12 50 39 20 36 9 27 28 33 22 15 32 44 16 43 21 29 38 37 10 26 5 42 2 18 8 47 41 34 31 4 45 17 48 30 1 6
33 321 15 7 14 25 16 10 23 11 45
34 435 14 14 3 17 11 45 38 15 35 44 49 14 21 16 37 27
35 270 1 36 22 48 12 6 34 31 7 45 30 18 25 17 2 13 35 20 27 26 49 37 41 39 43 8 3 23 4 21 28 44 1 5 32 46 50 15
36 75 8 45 6 26 17 13 11 48 25 8 2 9 50 42 27 49 38 34 31 23 10 19 37 40 15 4 45 33 32 16 21 46 30 5 3 22 44 12 35 41 14 18 47 36 20 39 7
37 280 4 6 43 11 7 3 39 9
38 324 12 10 15 7 26 24 12 14 48 9 38 17
39 31 10 37 32 37 10 21 36 3 27 28 12 30 50 35 38 47 29 5 23 24 42 20 33 44 41 13 18 4 17 11 7 39 1 2 16 25 31 43 22
40 306 16 11 13 12 31 5 22 46 25 20 18 8 14
41 279 7 28 19 26 20 50 47 15 34 37 7 14 31 29 4 11 23 32 16 5 33 48 24 13 9 17 40 27 42 1
42 262 11 23 7 36 25 8 38 4 2 31 44 6 32 49 18 17 5 46 43 26 9 34 45 20 28
43 240 6 1 35
44 438 20 30 17 45 36 43 49 18 7 44 39 27 41 9 26 16 40 47 29 23 48 46 31 11 10 38 32 33 37 4 22 21
45 50 19 11 14 22 50 19 4 12 13 46 25 31 30
46 579 11 36 23 5 8 35 9 21 30 10 27 50 39 48 29 34 17 31 1 24 2 4 15 44 20 12 42 7 41 18 11 13 26 25 38 19 47 40
47 17 0 28 18 37 16 11 2 42 47 40 41 17 36 5 22 7 48 46 45 33 25 13 43 10 14 35 28 30 27 23
48 223 11 1 10
49 402 10 10 25 1 38 4 23 16 6 41 40 27
50 498 13 30 18 24 8 45 31 30 32 2 20 25 15 33 26 35 6 21 38 34 42 13 3 5 16 27 1 46 36 48 23 19
50
1 1
2 12
3 11
4 2
5 13
6 13
7 1
8 13
9 8
10 2
11 12
12 19
13 13
14 12
15 10
16 12
17 15
18 16
19 16
20 17
21 15
22 10
23 6
24 20
25 18
26 8
27 18
28 6
29 12
30 17
31 13
32 1
33 19
34 13
35 15
36 8
37 16
38 18
39 11
40 2
41 5
42 10
43 2
44 14
45 9
46 9
47 18
48 3
49 13
50 2
30
1 1 422
2 7 19
3 12 38
4 18 40
5 14 34
6 10 25
7 2 30
8 20 18
9 8 27
10 7 33
11 10 15
12 7 35
13 16 15
14 10 20
15 6 29
16 20 19
17 20 23
18 20 34
19 3 24
20 1 32
21 5 26
22 9 27
23 11 36
24 14 23
25 2 29
26 16 22
27 13 16
28 8 37
29 2 41
30 4 21
40
1 13
2 14
4 16
5 17
6 18
8 20
9 21
10 22
11 23
12 24
13 25
17 25
18 25
19 25
20 25
21 25
22 25
23 25
24 25
25 28
25 29
25 31
25 32
25 33
25 34
25 35
25 36
25 37
27 39
29 41
31 43
32 44
36 48
37 49
39 50
42 50
45 50
46 50
47 50
49 50
20
3 15
7 19
14 25
15 25
16 25
25 26
25 27
25 30
26 38
28 40
30 42
33 45
34 46
35 47
38 50
40 50
41 50
43 50
44 50
48 50
