1000
1 78 18 42 39 4 25 34 46 8 27 20 5 31 23 43 21 7 15 37 14 10 17 9 40 18 30 42 44 22 50 48 3 6 33 32 47 19 29 2 45 38 49 12 1 35
2 201 14 18 7 45 14 19 5 3 31 13 27 30 44 23 6 20 17 43 8 50
3 47 15 50 7 27 12 20 43 19 28 2 37 50 30 14 1 39 16 17 46 24 44 13 6 32 4 15 5 29 36 25 11 42 41 9 8 10 34 23 26 21 3 33 18 38 48 35 22 49 40 31 47 45
4 386 1 42 18 50 13 15 14 47 23 7 25 48 44 22 46 17 29 6 28 11 45 12 33 35 37 5 20 31 39 3 24 36 26 40 41 8 38 4 1 21 9 49 42 30
5 146 0 1 30
6 195 12 49 21 47 20 23 26 10 13 37 27 19 39 40 24 6 33 42 4 15 5 46 9 16 22 25 35 7 28 1 18 8 36 11 14 41 31 48 43 30 50 29 38 2 12 49 17 3 45 34 44
7 552 14 30 12 43 19 10 40 6 33 28 7 41 25 42 14 23 36 29 21 24 47 37 48 32 31 2 1 45 26 5 16 38
8 550 19 33 46 42 38 33 44 36 49 6 35 40 4 43 18 31 9 12 25 2 24 27 26 48 15 39 10 3 23 50 34 8 11 37 14
9 540 1 34 40 8 34 44 5 30 2 41 16 47 31 21 20 35 22 24 6 17 49 36 9 43 37 18 46 4 14 42 33 39 28 50 19 25
10 323 14 40 24 11 26 6 17 41 20 35 48 43 4 30 49 5 7 50 28 33 9 10 8 12 1 45 21 34 36 3 15 18 27 22 2 29 19 23 32 38 14 44
11 535 6 48 6 1 11 14 2 48 46 18 36 19 21 45 43 15 29 38 10 13 7 16 30 47 50 23 28 20 22 3 42 4 41 34 40 31 17 32 35 37 24 5 27 44 26 9 25 49 12 39
12 114 18 36 34 26 8 5 4 18 33 12 2 27 35 15 11 50 41 16 44 39 32 22 47 48 46 3 9 23 25 38 21 24 19 17 28 20 13 29
13 76 13 40 24 38 2 39 33 3 43 50 42 1 22 47 15 32 13 5 35 20 40 36 8 41 25 7 28 34 12 17 37 19 10 49 27 44 26 29 11 14 4 48
14 99 6 26 33 26 24 46 29 38 31 37 21 48 14 15 47 25 36 19 17 45 23 35 6 50 20 42 5 28
15 17 18 11 37 40 3 23 16 44 4 31 10 18 34
16 297 20 36 16 41 38 35 10 20 14 47 32 30 36 17 27 3 18 23 9 26 39 42 21 45 11 34 31 46 19 22 50 43 6 7 44 24 28 1
17 223 18 22 45 20 6 40 36 13 37 31 19 38 12 5 10 14 9 30 48 2 18 21 29 39
18 588 12 25 42 12 16 48 6 26 50 9 44 31 27 1 2 17 11 49 19 21 29 8 14 7 23 5 32
19 419 5 45 15 41 26 24 37 43 47 19 20 46 44 40 49 3 4 6 8 36 12 1 14 22 35 16 29 17 30 10 31 7 9 27 39 2 5 50 32 34 28 38 23 48 21 18 25
20 316 4 20 18 6 1 48 49 2 10 33 13 41 27 43 44 3 5 34 25 14 8 23
21 376 16 4 15 42 14 19
22 34 20 5 19 21 36 50 14
23 169 15 25 34 10 20 2 31 18 3 6 32 8 25 29 24 12 45 33 37 23 7 28 41 47 36 4 15
24 368 7 49 36 34 23 39 8 42 30 29 25 33 40 7 46 48 12 50 45 49 13 9 43 6 1 31 17 35 20 37 47 5 14 24 41 21 10 32 38 28 11 3 16 4 18 22 2 26 27 19 44
25 199 6 40 30 7 17 25 34 39 45 6 9 37 31 49 22 47 19 36 44 23 15 27 2 35 16 18 38 32 1 43 5 42 40 46 26 14 12 29 21 3 13 24
26 16 15 4 46 17 36 33
27 216 10 14 33 5 8 6 29 17 20 9 50 30 36 24 47 15
28 295 7 45 29 7 45 1 17 24 35 34 44 5 14 47 8 10 12 15 22 26 6 3 50 20 30 21 39 16 48 28 42 4 9 41 38 43 2 27 40 18 32 31 25 13 37 19 36
29 493 6 42 14 41 21 32 11 2 27 13 49 10 17 34 35 40 6 43 24 16 4 12 48 20 28 7 25 33 15 19 50 9 36 39 23 37 31 22 30 44 5 47 38 46
30 381 4 13 2 37 15 26 29 3 25 34 50 20 24 18 14
31 209 9 16 42 13 19 16 36 40 18 10 4 15 38 6 23 8 22 34
32 540 15 40 12 10 13 21 47 35 32 41 42 34 25 48 40 8 43 6 45 44 38 7 15 19 37 30 36 29 9 22 28 14 26 24 23 46 16 18 27 3 50 4
33 143 1 36 15 45 17 39 13 6 37 24 47 46 48 5 49 8 33 2 40 27 31 23 42 3 50 38 19 4 11 1 32 9 10 18 14 16 43 35
34 104 13 25 12 35 45 21 6 19 49 38 9 3 30 8 18 46 15 48 31 29 11 50 22 42 44 47 43
35 416 8 31 39 32 47 7 15 18 19 6 30 35 17 3 38 9 40 43 13 11 28 29 41 42 12 24 10 27 45 31 22 50 46
36 181 13 17 35 2 10 11 13 38 15 25 14 20 44 30 41 42 27 43 31
37 542 12 8 10 41 1 6 24 33 39 7
38 209 9 3 44 38 10
39 68 6 6 30 46 37 7 15 49
40 596 18 28 34 29 20 17 41 26 18 42 14 36 13 38 47 45 48 24 10 19 1 33 11 35 5 31 27 15 46 4
41 160 4 48 32 4 14 21 42 35 40 50 5 13 7 43 44 49 16 48 6 28 2 46 29 17 8 24 9 34 37 45 26 11 18 30 19 47 3 31 10 33 36 22 38 27 23 12 25 20 15 41
42 244 18 40 32 6 25 28 30 4 24 48 43 2 36 15 50 19 27 40 7 1 37 9 18 42 33 10 23 45 41 11 29 5 26 35 12 34 13 47 16 38 44 8
43 493 15 47 22 20 41 29 28 43 18 39 44 13 47 1 36 21 5 8 11 19 24 2 49 31 32 10 34 25 42 9 50 46 26 37 17 6 38 27 35 4 40 7 16 12 15 14 23 3 45
44 196 17 17 19 7 1 31 28 21 17 40 3 20 41 9 43 49 32 27 37
45 355 6 2 3 18
46 314 7 17 21 44 1 27 12 46 20 17 30 45 25 42 36 35 6 2 31
47 132 11 50 37 31 14 9 19 34 4 13 11 35 5 8 36 42 48 2 15 12 7 30 46 43 26 6 28 17 23 50 33 24 49 25 27 21 39 38 3 45 1 47 44 10 18 29 20 16 40 32 41 22
48 132 18 37 22 6 15 31 5 8 20 43 46 29 30 32 36 40 35 21 23 2 11 34 38 16 7 13 37 50 3 1 44 14 24 33 25 26 49 9 18
49 249 7 33 45 44 16 14 6 32 1 25 17 5 19 18 36 13 21 2 31 40 3 33 49 37 8 12 50 30 46 47 23 38 11 43 41
50 72 7 12 15 39 28 42 14 22 50 37 30 3 31 47
51 369 14 26 50 15 2 9 19 48 8 21 41 39 3 16 20 29 31 28 12 47 33 46 32 49 36 30 37 44
52 287 15 23 50 5 20 15 33 41 7 47 16 3 31 6 43 1 28 40 23 24 17 18 30 38 9
53 225 8 41 6 32 9 44 47 11 3 30 20 15 21 5 33 39 45 49 7 26 23 31 17 1 10 18 48 42 4 28 35 37 25 43 40 16 22 46 2 14 36 19 12
54 453 12 23 3 4 41 13 48 19 1 28 50 40 26 36 27 49 6 22 32 34 17 21 14 35 10
55 168 10 19 19 4 46 13 14 32 18 29 49 36 12 26 25 16 44 22 17 23 5
56 81 1 39 29 1 9 7 22 34 19 12 25 39 24 15 18 8 5 50 26 21 40 16 41 14 17 49 44 47 42 43 20 32 38 33 11 2 35 4 27 30 23
57 375 3 47 19 35 10 45 29 42 25 12 18 48 36 32 38 28 34 33 39 7 9 21 43 44 13 40 27 31 2 14 6 11 16 20 24 22 26 3 15 41 23 8 1 4 46 49 47 37 5
58 253 13 21 46 9 5 37 33 27 34 4 22 14 23 50 40 13 15 1 42 49 31 45 36
59 161 15 28 9 16 15 2 41 23 34 6 24 19 28 40 1 42 50 22 20 36 8 29 12 43 39 18 37 27 17 46
60 218 7 4 1 36 27 38
61 532 7 22 25 18 46 43 47 13 35 12 23 27 16 33 20 14 41 6 15 22 37 7 39 31
62 490 20 27 42 50 3 33 44 23 47 48 46 27 8 30 7 37 38 39 41 9 29 49 24 45 17 4 12 34 2
63 451 12 11 29 19 24 7 23 42 6 25 8 9 44
64 149 9 12 21 3 22 48 46 18 28 7 29 19 33 42
65 74 15 38 50 25 42 22 45 10 33 24 31 40 38 15 44 14 46 23 37 30 2 19 27 16 11 17 49 6 47 7 12 26 34 39 21 9 29 35 32 5
66 410 18 8 4 17 24 31 35 43 25 2
67 294 14 2 46 32
68 414 17 14 21 24 17 4 30 46 12 50 39 15 28 43 10 3
69 471 17 2 47 2
70 520 9 14 9 17 23 24 39 7 1 20 34 50 30 25 21 22
71 167 19 4 26 11 44 37
72 48 20 16 21 26 15 17 11 2 24 43 38 3 13 10 31 36 41 37
73 76 10 43 13 6 22 45 42 28 9 26 37 11 27 38 4 14 25 2 32 7 15 46 24 21 34 10 18 8 40 44 19 3 30 5 31 48 39 20 1 49 41 17 35 12 29
74 346 18 5 39 45 12 11 2
75 109 13 37 22 45 18 12 8 14 17 48 31 25 37 2 4 23 27 39 20 5 13 49 3 15 34 26 6 21 50 32 16 46 44 19 43 33 36 29 47
76 216 3 30 31 25 15 9 19 1 38 17 14 10 4 23 36 7 47 27 20 8 22 48 40 6 42 28 13 30 49 50 18 2
77 554 3 3 49 41 14
78 495 3 8 27 47 6 13 3 1 42 37
79 204 5 43 11 14 32 25 39 1 40 5 50 4 48 19 42 10 18 33 2 28 16 37 36 26 31 27 17 47 49 21 34 23 8 45 15 43 9 30 6 44 12 7 38 20 41
80 321 5 29 7 10 43 5 9 18 35 1 3 38 41 27 24 29 47 30 42 40 4 23 34 45 14 22 50 2 11 20 32
81 242 13 1 25
82 74 16 22 38 37 4 17 3 13 21 33 16 11 41 29 20 43 1 32 27 36 24 8 6 31
83 25 1 3 43 25 36
84 555 20 23 35 15 44 43 46 1 10 50 5 9 38 11 13 7 25 19 21 36 48 18 49 26 23
85 329 19 15 16 26 2 34 47 19 20 13 4 27 28 44 31 5 30
86 254 19 9 48 41 29 20 8 1 22 42 6
87 391 13 23 6 34 36 46 32 26 33 17 37 3 4 9 30 31 15 45 24 38 21 8 49 40 39
88 202 6 4 7 25 19 5
89 258 8 24 44 37 43 19 16 46 8 50 39 1 30 11 13 47 10 22 17 18 20 9 4 36 38 31
90 134 4 43 8 14 17 13 5 11 31 27 41 50 15 29 49 1 2 19 3 48 6 43 40 46 45 32 47 37 28 26 21 36 22 10 20 24 4 34 33 42 38 18 23 16 25
91 33 13 32 15 47 30 2 17 10 22 46 29 38 28 7 1 20 12 50 44 40 49 36 32 33 24 14 48 45 21 8 41 23 18 37
92 16 15 19 34 7 29 15 14 18 11 48 4 45 6 46 50 42 16 41 20 35 23
93 436 6 1 42
94 31 7 19 3 41 28 37 18 17 27 43 15 5 11 31 25 35 36 26 2 20 23
95 192 0 39 1 45 29 46 43 10 16 39 28 15 22 37 32 3 18 47 38 31 13 19 34 14 44 24 17 20 21 42 4 23 9 12 48 27 6 50 33 5 41
96 311 4 41 33 48 25 36 18 1 35 7 20 39 44 6 12 23 47 50 31 38 45 40 5 26 14 41 17 10 32 2 19 42 30 37 49 15 22 3 21 11 9 16 8
97 106 8 15 26 5 28 49 39 14 44 42 15 32 50 27 10 41 48
98 545 13 25 14 3 18 34 20 24 35 17 40 15 5 32 42 11 45 36 47 30 21 39 12 41 9 31 33
99 151 2 34 23 28 11 37 18 22 44 14 7 24 20 41 49 2 1 35 34 3 17 50 36 42 5 45 15 25 27 43 26 6 31 13 16 48
100 357 15 38 46 40 31 45 11 1 30 18 44 14 7 12 10 38 6 39 9 32 37 3 27 16 29 4 17 5 47 2 43 28 35 33 24 25 36 21 26 20
101 188 20 44 41 24 36 3 23 4 49 35 9 16 13 34 8 37 20 39 26 42 21 30 7 28 27 12 47 31 43 5 14 10 50 48 22 17 33 45 15 11 2 25 29 46 38 44
102 335 17 48 12 23 6 45 43 44 48 26 14 25 35 1 31 17 9 34 15 20 42 18 37 38 39 11 46 33 21 36 8 32 10 22 41 7 13 19 47 50 24 40 5 27 49 2 30 29 28 4
103 205 10 22 5 10 19 22 7 38 8 16 39 24 43 2 50 49 47 40 6 1 9 17 36 42
104 406 16 10 31 42 19 16 22 12 37 13 29 14
105 320 5 47 16 36 13 3 12 21 2 15 24 7 45 50 9 22 29 31 32 14 47 49 6 5 35 28 40 4 33 27 18 38 26 10 30 25 17 39 41 8 43 44 23 42 34 19 46 37 1
106 252 4 30 22 40 3 1 15 33 35 12 5 37 25 11 16 46 4 50 9 48 30 24 29 13 34 42 32 10 17 21 38 19
107 197 11 19 27 25 26 29 47 7 36 10 33 6 15 44 41 3 50 49 5 12 8
108 452 12 3 22 26 43
109 91 19 36 38 9 27 22 35 39 29 18 6 34 12 48 42 43 21 5 30 14 36 4 8 32 45 41 49 26 46 47 25 1 17 20 44 31 28 33
110 539 4 37 38 5 43 33 46 37 25 9 18 10 15 28 26 47 19 20 24 32 44 1 13 2 12 42 23 27 49 35 40 48 14 34 4 45 36 11 6
111 413 7 50 31 21 3 45 18 48 29 19 22 46 7 35 4 13 14 23 24 15 16 25 34 8 37 36 32 9 30 5 27 11 44 17 28 20 50 49 1 39 2 6 38 26 10 43 40 42 41 47 12 33
112 491 1 18 29 18 1 31 44 23 4 50 43 19 27 20 16 3 25 39 48 14
113 285 15 29 19 46 16 44 21 7 50 3 29 11 4 34 18 15 36 25 14 37 6 9 47 42 40 32 38 33 35 13 1
114 170 10 37 6 17 23 43 33 42 26 14 32 9 30 31 37 50 44 41 4 36 13 47 39 5 45 46 19 38 22 48 27 16 29 2 20 25 12 28 24
115 242 3 23 48 11 24 16 50 29 6 42 25 38 8 21 3 28 41 20 17 22 7 14 13 10 19
116 121 16 30 35 41 4 28 33 37 20 31 19 50 3 1 24 11 10 21 17 8 13 36 9 49 22 14 38 45 15 47 5 2
117 502 11 42 14 48 24 46 7 25 41 3 49 6 36 22 9 1 42 43 44 28 18 13 29 47 33 19 5 20 11 15 2 30 34 32 10 23 12 26 17 16 45 39 38 8
118 554 4 31 12 16 29 40 1 50 21 7 34 42 10 18 35 44 26 14 32 43 36 2 27 23 37 33 4 28 5 22 11 9 25
119 263 9 6 11 45 24 48 49 22
120 36 20 35 42 6 45 39 3 46 1 8 29 2 9 32 40 50 28 14 26 4 17 49 47 20 24 44 22 34 35 19 27 23 5 7 43 11 18
121 584 15 1 6
122 77 13 22 47 20 6 22 18 29 27 1 40 46 49 16 42 36 4 7 44 33 15 37 32 8
123 389 3 47 27 42 45 8 1 12 19 31 34 44 32 14 39 26 46 20 21 50 28 6 7 25 48 43 49 22 38 5 36 16 9 15 37 18 11 33 10 47 13 2 3 29 23 4 17 35 41
124 220 10 2 12 45
125 437 20 13 3 9 5 40 15 39 46 31 33 18 4 25 48
126 425 16 41 40 4 19 36 5 38 44 21 42 37 18 16 49 32 35 7 39 43 6 8 50 23 41 20 34 26 11 9 29 47 13 28 10 2 24 3 17 14 25 30 45
127 444 1 23 50 4 36 23 47 17 24 5 38 21 12 22 27 39 25 32 30 42 8 19 46 34 33
128 503 2 23 47 11 1 4 12 10 14 7 36 39 6 42 48 25 44 17 24 15 28 26 46 27 9
129 460 15 14 15 27 38 41 48 8 6 33 5 12 9 18 36 39
130 241 11 45 26 24 48 13 31 27 3 14 25 19 47 41 35 29 16 5 4 50 12 30 36 34 28 46 6 8 38 33 9 15 7 2 23 22 43 49 44 11 32 17 1 42 21 20 39
131 439 10 47 33 32 7 2 5 46 40 16 14 47 9 15 49 28 21 31 1 24 34 11 3 26 48 39 12 10 38 41 42 45 23 50 19 30 20 36 17 6 37 25 22 44 8 29 4 35 18
132 560 19 43 11 15 36 17 22 32 16 50 43 33 37 25 49 31 3 19 12 24 39 26 34 2 46 29 4 18 40 42 35 21 6 41 30 48 5 20 8 23 13 38 28 14 44
133 478 9 29 10 26 4 47 30 33 45 7 35 40 9 37 27 42 38 18 21 31 46 5 44 14 12 3 19 25 41 48 23
134 178 6 8 13 29 1 3 22 41 47 37
135 448 12 34 27 7 14 29 35 26 23 6 24 46 45 44 43 32 25 31 18 40 16 2 3 30 21 36 13 39 41 15 49 10 19 33 42 17
136 32 15 23 49 11 45 3 2 29 32 6 18 26 48 35 25 14 30 17 47 27 15 40 7 50 38
137 18 17 38 22 42 23 26 37 5 21 20 47 41 18 27 43 50 6 9 2 3 32 10 33 11 1 39 36 13 30 17 19 15 4 35 38 45 31 14 46 49
138 453 14 31 14 21 29 28 8 13 35 5 46 34 1 36 33 25 38 6 16 47 17 18 26 43 7 4 9 30 3 27 15 40 42
139 152 3 42 47 49 2 24 15 39 32 33 50 10 16 12 5 27 18 45 23 43 19 46 1 11 20 14 17 40 42 28 35 31 38 41 34 6 36 8 3 4 21 9 48 37
140 272 9 48 13 49 20 24 50 2 43 10 25 42 19 3 22 30 32 40 18 44 47 4 5 34 36 29 37 7 28 26 31 38 15 46 27 21 45 8 14 1 17 35 48 33 9 41 12 11 16 39
141 22 12 6 36 42 45 2 15 48
142 13 17 40 18 26 19 30 14 2 31 34 42 22 6 47 11 12 46 4 29 49 35 8 16 44 1 23 43 15 10 48 33 24 25 20 28 9 27 36 37 45 39 3
143 471 9 3 36 47 26
144 250 7 17 38 14 43 40 34 29 11 49 19 35 15 13 27 7 36 41 45
145 119 16 28 3 45 38 31 46 50 11 49 2 17 9 5 30 41 20 14 13 33 37 7 19 10 44 40 22 25 27 39
146 458 14 4 25 27 50 17
147 53 5 27 6 47 24 28 3 21 42 50 1 8 11 46 16 44 37 19 39 36 41 30 10 49 27 23 7 12 35
148 167 9 34 25 32 11 35 30 45 19 46 47 24 42 29 1 7 22 9 28 37 21 8 15 4 33 5 34 17 44 48 12 31 26 50 40 10
149 343 8 9 19 37 41 30 14 8 34 29 38
150 506 17 30 38 33 34 18 4 11 46 29 23 39 31 43 12 13 25 50 14 41 1 10 3 48 6 27 7 2 17 49 44 21
151 179 8 34 19 13 49 5 15 12 10 1 45 22 38 40 48 44 2 21 29 3 31 42 32 28 18 16 26 41 20 37 50 17 33 25 34 14
152 291 7 3 16 43 8
153 114 16 19 28 24 48 20 49 23 45 21 14 35 25 37 13 33 17 7 11 26 9
154 76 1 48 42 48 3 19 36 17 18 15 20 27 35 12 23 11 8 9 29 49 39 32 38 2 28 44 22 26 14 16 37 1 5 21 30 46 43 47 45 13 34 50 6 41 4 25 24 10 31 33
155 583 15 13 16 43 49 29 32 5 22 18 2 44 20 9 31
156 444 14 9 38 30 20 47 16 37 3 4 15
157 304 7 26 35 40 32 3 17 10 19 42 44 24 12 7 31 43 41 36 21 37 16 13 11 26 2 6 46 33
158 52 16 21 14 22 44 4 16 12 11 33 2 42 43 31 48 9 20 45 47 27 41 50 26
159 210 11 45 3 13 27 11 39 10 31 42 25 40 20 19 28 48 37 23 4 29 33 34 16 44 2 9 36 22 5 45 8 26 50 43 18 38 24 30 12 49 32 41 21 7 46 35 6
160 501 3 17 45 8 35 49 37 23 43 30 10 50 16 47 9 29 18 39 1
161 197 18 40 27 2 19 15 38 36 41 48 1 10 29 6 34 31 32 49 9 8 16 13 44 42 24 21 50 18 7 20 26 28 11 39 30 46 23 3 35 47 37 12
162 555 0 9 14 3 9 5 45 37 10 44 33
163 317 20 44 16 13 18 34 44 36 14 20 50 43 26 8 39 41 5 25 21 48 40 22 17 45 29 31 33 30 47 37 3 38 12 6 7 46 2 4 19 24 42 10 11 35 49 32
164 188 8 42 14 23 16 46 18 9 36 26 41 47 31 45 19 2 27 6 7 13 50 11 3 28 42 1 17 33 20 38 30 4 49 37 43 15 24 34 12 22 35 44 21 39
165 64 7 1 4
166 66 15 17 26 8 24 38 31 49 14 36 11 41 39 4 23 40 18 37 29
167 466 17 50 23 20 12 37 4 10 43 5 14 34 8 30 38 26 17 40 25 31 47 27 35 28 19 22 41 24 29 9 49 48 2 11 21 13 33 15 6 50 44 36 32 18 42 39 45 7 1 46 3 16
168 22 12 43 12 24 17 21 46 32 1 2 6 41 22 45 4 10 18 39 8 43 42 26 5 33 37 13 23 29 16 9 19 48 25 50 27 36 44 30 34 15 49 28 38 40 11
169 538 15 8 32 12 43 38 25 46 15 18
170 468 19 21 26 7 6 23 37 27 29 24 2 33 43 48 20 1 25 47 44 16 12 15 32
171 503 11 31 32 5 48 23 21 18 40 26 39 22 45 37 42 29 49 15 28 16 46 30 14 4 10 25 47 27 36 20 35 31 44
172 242 7 15 47 6 23 8 35 41 32 37 10 4 15 21 19 43 25
173 162 6 4 47 41 34 9
174 66 18 44 20 8 14 50 7 25 5 26 30 38 40 10 12 27 44 39 49 29 16 46 1 22 21 19 18 35 31 15 23 43 32 45 47 42 28 13 3 11 2 4 36 34 33 24
175 487 3 38 24 38 16 36 40 20 31 21 7 9 2 5 8 28 32 39 47 10 1 17 43 48 30 22 29 18 35 44 41 3 11 33 50 46 15 26 37 23
176 343 15 16 43 42 6 19 47 33 10 40 9 14 4 22 29 5 13 37
177 399 2 46 22 6 1 35 8 21 47 5 49 10 25 40 9 17 13 44 15 41 23 38 27 20 26 11 36 29 16 30 14 46 42 19 31 33 32 48 43 3 34 12 18 28 24 39 4 50
178 489 12 38 37 11 8 33 4 48 28 34 19 25 9 26 3 41 27 45 40 13 30 23 14 22 36 39 17 42 46 49 18 7 44 47 32 5 6 15 2 43
179 597 11 28 49 3 46 15 48 40 38 22 37 12 6 47 45 33 26 41 16 36 24 25 2 35 7 29 30 42 4 17
180 259 6 17 17 15 9 28 20 41 32 2 19 27 42 36 25 1 6 22 16
181 376 20 7 28 36 18 25 11 19 48
182 507 10 6 8 12 22 7 15 28
183 598 19 42 43 22 4 50 21 40 7 19 6 20 31 39 29 3 24 47 16 8 32 2 5 27 13 11 44 28 10 35 49 23 36 37 45 17 1 15 18 42 46 12 9 41
184 57 6 50 30 19 1 33 26 50 47 23 21 39 43 15 44 11 40 5 35 8 3 9 48 22 29 42 31 36 28 45 2 17 18 46 20 32 10 6 24 49 37 4 27 16 7 12 41 25 34 14 38 13
185 318 5 40 19 40 28 4 3 47 22 26 15 27 38 29 12 41 46 1 39 42 44 50 36 25 17 5 31 32 11 37 48 6 23 34 45 16 9 20 30 33 2 14
186 600 13 19 42 12 16 34 28 14 19 11 10 23 49 17 22 32 1 31 39 29 48
187 219 3 3 22 33 20
188 184 0 49 30 2 26 49 19 50 27 43 31 35 48 37 33 32 15 16 9 45 11 41 23 4 46 39 1 17 12 29 28 47 3 20 5 21 42 18 25 8 13 34 36 6 44 7 38 40 10 24 22
189 283 20 48 32 15 44 24 20 40 39 41 7 35 12 26 2 46 9 11 21 48 13 14 6 16 4 33 18 31 1 8 30 45 17 38 3 22 19 5 34 37 43 47 36 25 10 27 28 29 49 23
190 395 15 12 47 29 40 9 8 18 28 39 38 12 50 11
191 172 16 47 20 5 7 4 8 42 49 47 23 48 43 35 2 31 22 1 36 10 39 45 12 41 25 29 19 26 11 40 32 50 9 24 17 37 14 27 6 15 13 16 3 44 33 46 21 18 28
192 61 3 25 31 7 43 11 14 30 19 32 21 18 29 33 9 42 3 24 50 25 26 48 40 27 15 16 12
193 258 5 42 45 32 46 31 26 39 4 1 13 9 24 29 20 11 2 25 40 17 18 43 22 19 7 34 27 30 50 42 28 10 48 23 47 41 16 37 33 21 3 38 49 8
194 44 7 48 32 20 35 10 21 1 14 41 13 45 4 3 15 47 39 29 40 5 12 30 37 11 33 16 23 24 8 43 49 31 36 6 46 19 48 9 44 42 27 34 18 38 17 26 22 50 7 25
195 359 14 41 4 22 32 15 43 7 41 35 10 16 1 17 46 39 34 27 11 42 40 45 33 48 24 25 36 21 37 49 18 31 3 5 30 19 44 6 13 29 2 20 12
196 250 8 42 10 30 13 6 27 8 1 18 26 41 33 32 40 3 24 17 29 7 31 19 2 12 38 37 9 15 44 39 25 48 49 42 45 21 23 11 16 43 36 14 28 5
197 227 9 16 24 18 31 1 22 36 32 12 23 28 49 42 38 11 30 3
198 259 17 32 35 29 40 9 19 20 5 24 41 27 30 38 47 18 28 49 13 23 8 2 21 39 46 15 11 16 48 32 43 42 12 4
199 320 16 44 18 8 5 15 24 46 3 36 45 17 47 14 2 31 35 48 16 34 40 49 6 1 23 26 25 13 4 42 12 37 9 11 43 10 38 32 50 27 22 7 20 29 39 19
200 203 15 33 49 40 11 15 2 29 5 23 35 18 4 6 46 44 42 34 37 7 30 50 32 24 27 43 21 16 31 1 22 12 20 3 33
201 145 9 4 46 14 5 36
202 289 7 22 36 44 10 9 23 16 48 4 49 41 34 45 21 26 22 30 29 2 31 28 50 8
203 75 14 46 29 46 34 21 10 18 3 45 1 26 19 22 5 30 2 11 13 23 9 7 49 42 50 48 24 8 14 43 6 32 36 38 17 41 44 39 25 40 47 31 33 4 27 37 35 20
204 96 12 22 48 36 39 43 32 2 1 38 3 34 42 41 10 8 25 50 40 16 28 47 18 4
205 165 15 47 17 14 5 45 41 1 39 40 12 35 37 48 11 2 22 33 23 13 10 19 16 6 49 7 15 43 29 32 27 21 3 30 46 47 20 8 44 36 25 28 9 18 34 42 26 31 4
206 257 11 48 47 29 24 26 14 2 8 41 12 34 11 13 9 39 28 46 32 38 19 37 16 35 33 15 6 4 44 20 27 21 5 36 7 45 48 43 1 42 40 25 30 22 50 31 3 23 17 49
207 114 19 1 40
208 29 10 13 3 34 10 48 38 44 30 47 20 16 11 26 4
209 281 0 11 36 5 19 7 12 2 40 6 27 33 14
210 417 16 45 15 5 25 11 36 1 46 17 41 37 24 42 33 27 20 29 26 2 43 45 28 50 12 34 8 49 19 21 14 48 9 35 39 32 3 40 23 47 22 4 38 31 13 30 18
211 322 18 44 14 18 20 8 30 15 13 39 33 50 25 28 4 31 11 3 9 43 16 38 23 26 2 19 37 48 7 17 24 34 6 1 47 21 36 32 35 45 27 41 40 46 44 12
212 53 6 43 32 50 33 9 26 6 27 42 29 15 40 30 44 12 36 34 10 28 14 23 25 1 3 45 21 7 41 16 20 48 31 4 24 13 8 43 49 17 5 18 38 35 2
213 546 11 19 18 22 10 6 29 20 38 47 44 31 49 45 8 15 11 16 36 30 19
214 290 9 50 3 9 39 8 34 40 4 6 36 1 33 26 45 38 43 32 19 37 49 41 23 35 21 30 11 5 12 42 2 14 28 16 22 47 13 17 46 24 18 20 10 15 29 27 7 50 31 48 25 44
215 574 10 23 50 4 38 32 12 36 21 33 39 46 43 22 35 48 27 1 6 9 42 40 18 16 5
216 511 4 9 13 17 49 23 42 48 9 20 6
217 42 13 48 48 1 11 28 34 25 21 13 17 41 30 5 39 40 15 22 38 47 43 46 27 33 44 9 23 36 6 26 10 4 31 20 3 37 42 14 45 2 49 24 32 19 8 18 12 7 35 29
218 289 7 12 35 18 31 42 47 5 15 32 11 3 17 13
219 14 17 8 2 32 22 12 8 13 43 37
220 27 18 22 21 41 23 43 20 8 24 42 2 28 15 1 18 7 44 6 46 22 27 39 49 50
221 222 4 46 39 18 46 43 44 9 19 33 2 31 38 12 45 40 30 29 1 10 49 5 24 14 34 7 32 16 20 13 26 28 21 42 8 48 3 47 35 17 15 11 50 23 4 27 6 36
222 302 12 34 47 19 23 14 21 38 20 28 50 31 39 13 10 27 46 17 6 9 18 34 22 36 37 11 15 30 8 4 3 24 12 1 45 49
223 300 1 14 36 27 32 23 9 40 20 26 45 18 33 38 1 10
224 190 17 7 39 48 38 19 31 17 14
225 170 7 4 32 3 7 19
226 115 6 10 43 45 36 15 13 28 6 26 3 49
227 468 8 9 18 50 2 49 36 24 13 27 28
228 293 0 41 23 49 37 13 48 33 25 45 34 44 5 39 40 32 15 29 9 47 7 30 10 18 38 12 20 3 41 19 22 43 31 4 21 36 27 46 14 1 2 42 28
229 579 17 29 25 13 16 49 17 14 18 9 15 4 3 26 6 39 1 50 32 8 28 22 21 38 24 45 35 12 48 36 44
230 291 4 49 37 46 36 34 21 19 26 30 25 14 41 47 33 31 15 38 5 27 48 7 45 35 9 11 6 42 24 10 32 4 49 2 28 44 22 29 3 12 40 18 39 23 16 1 13 20 50 17 43
231 176 4 2 45 11
232 103 7 9 19 42 7 5 44 37 28 23 47
233 64 10 40 21 20 14 11 50 25 48 7 43 29 17 18 13 1 45 5 36 33 22 32 39 40 38 10 9 31 27 28 42 46 23 16 35 44 2 47 37 30 8 6
234 250 11 14 34 37 14 6 13 1 47 21 45 26 22 16 12 18
235 548 4 32 20 50 26 36 37 42 2 11 33 6 32 14 34 1 5 48 25 38 19 31 17 41 29 28 7 27 49 3 30 13 47 45
236 505 5 29 27 41 36 47 45 14 13 43 7 15 25 35 34 49 48 10 39 21 24 42 37 20 2 40 8 1 18 6 11
237 137 4 34 33 38 21 1 29 19 26 45 32 18 12 7 6 31 50 44 5 9 15 22 39 23 30 17 28 11 35 2 40 4 24 41 37 42
238 105 16 48 28 40 1 36 4 23 46 19 42 18 43 26 35 44 41 34 21 25 24 47 50 32 7 33 37 6 11 49 17 48 14 45 12 15 31 20 9 22 13 2 16 3 29 27 30 8 39 38
239 430 12 12 34 38 22 11 48 26 13 30 9 42 3 44
240 358 5 10 3 11 16 34 23 8 26 31 33 9
241 208 15 22 11 30 27 15 45 48 31 20 16 41 33 7 24 8 1 14 40 12 17 21 25 3
242 23 19 31 14 31 41 37 22 45 12 46 6 38 9 28 27 18 10 50 13 35 4 30 49 29 24 2 43 42 15 5 47 34 19
243 379 0 3 17 36 16
244 62 19 25 46 43 2 4 17 31 33 9 28 13 6 38 21 15 1 42 25 35 7 37 23 49 48 22 30
245 546 4 43 18 43 35 15 12 45 27 3 9 14 7 6 13 40 30 21 4 32 46 23 17 11 2 33 1 36 34 48 38 8 42 26 50 37 25 24 39 29 49 20 16 22 41
246 348 14 48 10 16 45 8 6 27 25 2 3 34 41 49 26 20 15 44 11 9 38 36 13 37 7 35 43 21 33 1 50 12 14 4 23 5 22 39 32 28 30 19 48 18 46 17 31 42 40 47
247 151 13 8 13 17 33 38 6 50 34 24
248 458 16 8 22 9 21 12 2 3 41 39
249 241 20 17 46 28 19 25 9 10 41 29 32 45 42 50 11 43 27 22 47
250 295 8 17 37 9 33 21 3 49 28 36 48 43 1 7 10 4 32 26 44
251 347 19 31 48 1 10 26 2 7 33 13 3 42 11 38 19 34 31 15 8 20 45 40 43 17 29 49 21 22 24 41 18 27 36
252 329 19 25 41 49 45 23 10 15 44 2 6 13 36 38 4 18 30 39 43 50 47 12 7 32 27 1 26
253 503 16 16 50 47 15 4 37 21 13 11 29 32 10 2 48 30 12 27
254 382 10 25 35 41 39 17 9 49 29 3 36 43 4 11 32 6 13 15 24 14 31 46 38 21 5 47 22
255 425 7 21 17 34 25 5 20 45 3 31 1 27 47 19 26 32 38 42 13 44 7 2 24
256 163 19 21 14 27 26 7 18 32 38 4 34 22 11 41 31 13 35 1 45 24 19 3 39
257 259 8 43 28 25 31 24 49 35 15 43 17 1 13 8 10 21 38 12 37 6 32 19 48 36 9 42 29 34 16 41 33 3 27 44 4 30 11 50 23 14 40 2 45 39 26
258 20 0 44 44 1 29 4 18 13 40 33 30 10 43 8 47 11 27 25 15 23 3 31 41 37 46 48 38 35 14 28 9 7 45 22 49 5 6 17 2 50 20 39 42 12 16 32
259 394 14 37 38 4 35 5 33 50 29 31 41 34 21 15 19 2 27 13 16 44 26 11 7 17 8 43 20 24 45 48 18 23 22 39 28 49 12 46 32
260 230 17 48 34 43 21 5 47 40 10 45 49 6 33 15 4 11 12 35 14 30 31 27 36 29 20 22 18 25 23 26 44 28 8 32 39 1 9 41 7 48 38 17 3 42 46 2 16 50 13 24
261 201 9 24 22 15 5 38 20 37 24 23 26 2 46 25 1 34 3 48 12 28 13 10 49 11 35 41
262 316 15 27 22 24 19 12 20 49 2 45 42 39 5 6 17 47 34 40 14 38 18 21 48 37 28 41 36 1 43
263 285 4 19 42 43 21 22 23 31 5 38 4 26 8 41 13 16 19 32 30 3 44
264 465 6 29 12 45 46 23 3 28 48 7 35 43 15 6 13 27 2 33 47 30 11 44 34 24 18 20 9 17 5 10 26
265 117 7 16 22 13 29 25 47 38 35 28 36 7 3 33 17 42 40 16
266 177 20 32 19 4 23 49 28 34 24 26 15 43 13 25 30 36 44 1 7 47 40 37 12 31 18 14 35 39 17 11 9 5 45 22
267 499 13 2 50 44
268 28 5 42 26 1 29 6 23 41 9 50 13 25 40 22 4 2 21 5 32 31 16 39 19 33 12 34 28 45 35 3 20 11 14 18 43 27 47 42 30 38 37 46 10 15
269 74 6 18 41 47 35 46 16 2 49 23 8 21 31 39 38 15 30 20 4 45
270 34 6 31 28 16 43 27 24 3 4 44 36 42 32 47 13 31 9 30 15 40 37 14 6 26 23 50 35 10 11 34 1 29 17
271 331 12 41 1 41 18 47 19 43 31 44 42 6 11 8 33 38 23 50 34 12 5 49 39 25 17 22 3 10 48 30 4 29 13 37 2 7 32 20 35 24 21 26 14
272 226 9 24 22 6 49 28 39 20 23 44 47 40 30 36 24 5 32 50 38 15 31 29 37 18 48 12
273 362 13 24 11 46 23 42 10 28 43 26 25 6 21 49 44 15 39 5 12 14 24 41 17 33 16 8
274 568 10 11 38 27 12 26 11 7 45 50 40 15 5
275 237 20 26 10 23 42 27 37 5 3 20 30 7 29 12 33 24 41 13 43 47 6 35 28 32 18 2 39 34
276 292 2 11 34 29 30 46 23 33 19 3 9 37 11
277 257 15 38 37 16 1 19 36 33 27 32 23 40 39 13 49 44 30 7 15 17 48 50 31 43 22 9 18 21 8 2 20 25 10 3 42 29 34 11 45 28
278 11 4 9 27 12 33 32 43 23 9 21 41
279 487 6 1 30
280 303 8 27 17 8 24 25 45 34 3 10 7 38 27 19 21 16 49 43 29 30 14 41 39 5 6 11 36 31 42
281 375 12 10 46 2 18 21 9 45 30 48 31 32
282 275 18 33 3 50 14 39 38 25 43 17 34 35 20 45 5 36 40 26 31 29 30 28 1 15 41 24 32 12 47 42 2 49 11 10 4
283 323 11 34 25 2 17 22 14 40 26 41 27 23 16 32 29 8 18 48 28 4 30 45 6 33 37 43 39 20 44 34 15 11 38 9 47 31
284 454 6 6 43 44 21 4 39 15
285 511 4 36 46 4 3 48 12 22 20 41 38 25 23 17 35 1 19 42 5 10 32 13 7 36 43 30 11 26 24 49 34 45 50 33 37 9 28 27
286 16 0 11 18 43 31 13 16 42 44 37 33 35 39
287 289 18 11 47 34 12 19 14 30 42 40 21 31 36
288 578 20 24 36 16 10 3 42 15 4 5 30 44 41 33 19 46 21 2 35 25 40 27 39 20 9 11
289 182 4 30 21 26 36 47 38 50 32 8 41 1 12 33 40 42 15 16 10 35 49 28 29 37 2 14 19 6 20 24 3 17
290 187 4 27 6 29 10 4 5 9 31 2 24 15 41 30 35 3 22 43 14 17 48 38 7 19 27 49 20 33 8
291 71 5 32 34 44 30 8 22 49 43 48 15 31 33 6 5 42 24 4 14 2 26 36 47 27 16 20 41 35 37 32 9 45 39 25
292 137 6 30 9 21 28 50 7 10 34 27 22 17 39 18 24 2 49 45 20 29 38 15 46 23 30 6 4 8 1 32 12 13
293 223 14 8 46 35 24 4 6 27 44 1
294 387 0 31 20 40 28 27 37 13 41 46 26 36 43 11 10 44 16 39 32 47 45 38 8 33 42 12 14 34 35 19 25 50 5
295 83 5 20 46 3 39 22 47 27 23 26 12 35 13 4 41 38 1 31 45 5 10 33
296 573 4 46 32 30 13 35 26 45 15 40 5 23 12 10 2 34 3 38 29 6 1 16 27 41 11 36 17 19 33 49 9 4 50 20 21 44 39 14 42 8 43 24 48 28 18 47 46 22
297 404 14 10 32 35 10 19 25 20 30 45 38 5
298 346 3 34 49 28 9 19 24 42 48 7 45 27 40 46 29 25 36 22 47 23 16 6 20 2 13 12 30 26 14 50 21 3 33 1 38 4
299 162 5 1 3
300 319 11 28 12 16 6 31 47 10 33 32 48 4 41 20 50 38 23 34 40 36 18 30 14 2 39 44 9 5 19 8
301 545 1 32 5 44 21 31 23 30 11 49 24 18 4 17 45 27 16 42 48 20 9 39 46 10 22 40 50 6 19 12 38 13 25 3
302 21 4 11 44 45 40 47 48 6 41 10 23 25 7
303 94 6 50 43 28 47 46 38 24 36 50 9 23 40 34 13 44 26 3 35 48 1 2 32 5 45 42 37 33 41 31 4 8 27 14 7 49 6 18 29 39 22 16 12 10 15 20 19 25 30 17 21 11
304 125 13 37 31 47 38 15 40 19 10 6 28 16 22 29 17 14 8 2 32 12 48 18 21 23 9 45 24 46 30 13 27 1 35 20 50 33 26 41 5
305 87 5 2 50 26
306 545 3 4 39 34 20 28
307 395 11 13 32 13 12 28 27 2 11 36 26 45 1 8 4
308 117 2 19 42 44 24 43 15 19 35 36 41 20 23 49 39 2 8 4 9 33 31
309 507 10 42 22 33 26 42 18 34 25 19 27 47 14 31 1 38 10 29 9 50 13 30 24 15 44 48 39 23 12 40 17 32 2 5 28 8 35 11 7 21 4 6 41 49
310 377 2 45 24 25 8 49 48 32 13 9 40 47 27 18 35 1 23 34 6 44 20 42 10 22 36 43 39 45 30 29 46 15 17 19 28 11 4 21 26 31 12 33 7 50 2 16 37
311 188 10 10 39 6 46 10 32 15 17 50 18 16
312 124 4 48 32 38 45 34 42 39 7 16 26 33 13 4 41 30 23 12 20 1 9 47 6 22 17 2 10 14 49 35 11 43 31 50 37 5 18 44 24 8 48 27 40 25 28 29 3 19 21 15
313 160 11 12 1 19 11 23 42 32 8 4 44 28 13 2
314 93 0 12 34 9 25 28 45 16 7 39 22 36 38 42
315 195 13 39 49 50 11 33 29 36 17 2 28 6 26 37 41 12 10 44 39 42 4 46 27 18 40 1 34 20 16 7 8 23 13 15 47 3 43 5 19 48 32
316 578 5 14 21 28 48 38 31 40 5 43 24 1 46 33 32 44
317 419 5 48 43 17 50 14 47 49 20 9 4 21 38 10 12 37 8 27 23 31 40 39 26 19 25 16 29 3 6 33 41 18 1 32 2 11 44 35 30 42 15 5 22 36 46 34 7 48 45 13
318 63 18 40 12 44 41 30 17 23 34 35 6 26 14 29 49 11 22 33 19 15 36 5 13 7 32 43 10 28 38 1 9 25 42 31 37 40 20 2 48 21 3 27
319 253 13 6 19 50 12 47 20 41
320 568 0 32 26 3 20 9 2 10 32 23 50 8 31 28 19 42 6 4 16 13 41 47 7 46 11 33 15 36 21 1 22 27 29 30
321 240 17 39 6 27 9 18 47 43 10 37 49 35 3 8 41 5 1 25 15 17 34 26 7 38 23 22 19 45 11 4 36 33 13 20 30 29 32 42 21 2 39
322 179 11 37 23 17 34 15 14 30 1 13 6 11 42 31 28 26 47 19 2 38 25 18 4 24 33 48 5 32 35 50 37 27 43 7 9 29 12 39 16
323 265 0 43 50 19 41 4 14 11 47 28 5 44 17 45 21 30 3 49 29 24 13 25 27 32 36 6 7 18 15 8 9 26 31 40 43 33 16 35 37 10 1 39 46 12 38
324 588 2 10 5 36 39 3 4 34 38 31 45 20
325 86 7 1 19
326 580 12 49 25 14 6 44 46 21 42 16 32 17 39 33 11 36 45 13 19 30 31 12 23 24 9 15 7 41 18 10 48 4 40 20 29 28 26 35 27 43 47 3 38 1 5 8 37 50 49 22 2
327 98 19 39 4 27 22 2 11 24 20 33 50 45 49 9 39 14 44 10 43 37 31 36 29 1 17 18 32 28 15 23 48 40 3 6 5 47 16 30 46 19 25
328 26 20 25 1 3 41 15 30 43 50 27 28 40 22 10 45 9 20 49 29 25 7 12 46 31 2 11 13
329 380 20 41 3 14 27 15 37 43 6 24 32 10 31 48 7 33 40 11 39 36 44 4 29 28 45 41 34 47 22 13 42 5 26 20 9 30 17 25 35 1 18 19 50
330 495 13 6 49 16 1 13 36 5
331 323 17 21 49 33 19 15 5 26 13 36 27 34 47 1 32 28 50 4 43 3 46 11 31
332 380 19 18 23 12 9 41 7 36 31 42 21 26 14 18 37 34 11 24 29 20
333 471 13 27 49 21 41 31 5 20 1 27 8 18 30 46 11 33 42 24 50 35 15 9 7 25 22 17 37 13 19
334 300 13 37 48 25 9 19 7 11 16 30 22 2 49 50 5 45 12 39 21 36 29 3 24 32 17 43 34 33 4 46 41 6 47 10 20 1 38 37 13
335 42 9 30 36 27 46 39 30 18 41 7 44 9 22 3 34 11 45 19 20 42 2 1 15 4 21 6 43 48 8 13 5 50
336 223 0 9 22 36 3 40 49 31 4 39 6
337 564 8 13 5 47 42 25 22 48 34 1 32 37 36 38 43
338 122 15 24 10 37 2 43 8 3 7 41 48 20 30 38 46 9 24 40 28 27 49 31 6 14 39 5
339 147 20 34 42 20 19 35 34 43 16 27 26 13 37 5 45 49 30 2 38 31 39 15 41 44 47 48 46 14 32 50 3 36 24 23 8 22
340 583 10 34 44 48 34 31 26 24 5 42 23 21 19 3 15 32 39 35 8 46 27 28 2 47 13 25 45 49 17 22 1 9 38 29 4 36
341 578 14 37 30 5 11 44 50 21 31 19 36 45 14 41 10 27 37 39 12 40 28 18 24 49 34 42 15 13 29 26 33 1 47 16 4 46 7 22 2
342 299 20 43 27 25 39 50 14 13 9 22 26 11 38 32 35 42 45 3 1 20 43 36 10 41 49 28 31 46 40 6 48 8 5 7 16 2 29 12 33 34 44 23 18 37 15
343 313 5 15 25 34 21 26 6 10 24 17 13 8 16 9 49 23 22
344 99 13 39 19 18 4 26 20 6 9 5 11 41 47 40 35 38 32 25 27 13 50 8 36 2 16 43 33 3 42 15 30 31 46 17 34 48 37 12 39 45 44
345 325 10 25 47 13 15 43 39 41 16 38 27 49 3 30 12 44 7 5 9 32 40 26 4 35 34 2 46
346 260 10 31 12 24 48 23 16 3 18 39 36 28 8 33 41 47 25 2 19 9 46 21 50 38 4 26 6 13 40 34 31 17 49
347 477 18 41 33 29 36 37 44 38 30 8 13 10 5 11 15 18 24 39 28 6 43 22 2 23 48 45 26 34 40 12 16 41 35 27 4 47 1 19 32 50 31 21 46
348 351 6 9 41 47 4 7 43 12 5 1 19
349 221 7 33 46 42 12 15 26 41 6 21 8 3 37 31 29 36 17 28 10 9 13 25 48 45 16 33 24 2 43 22 11 44 40 23 39
350 335 15 23 37 43 2 9 8 11 33 12 20 1 7 13 23 25 15 41 28 35 14 4 18 34 38
351 312 6 43 45 3 4 37 47 49 17 5 42 18 35 34 21 19 32 12 44 33 8 31 14 46 16 7 11 6 10 1 29 15 24 25 9 48 40 13 30 28 2 36 26 39 50
352 561 0 27 31 8 10 34 32 29 24 3 25 36 26 21 39 41 48 23 44 13 47 50 5 11 12 15 37 42 38
353 172 18 18 33 24 42 17 36 34 41 5 18 26 31 25 1 22 29 23 49 10
354 462 13 28 3 2 30 39 49 48 44 1 31 29 22 34 7 17 32 45 5 14 9 16 18 36 6 38 27 33 47 19
355 54 11 49 32 5 30 16 26 10 39 37 31 49 12 18 35 8 41 4 21 28 24 25 47 19 46 1 45 29 22 14 38 7 33 20 6 3 27 11 13 43 40 9 2 15 36 17 34 42 44 48 50
356 467 20 33 6 33 15 36 41 17 4 21 8 25 13 49 23 46 18 2 43 38 16 40 10 37 30 11 29 34 31 19 24 39 14 20 35
357 415 0 41 13 21 48 33 41 2 39 37 7 4 16 44 9 6 1 49 19 30 46 40 14 31 47 18 27 22 24 28 35 26 36 42 23 8 38 11 20 10 50 17 29
358 61 1 13 5 26 25 19 32 45 37 9 6 24 30 29 49
359 344 4 23 37 7 45 18 14 31 21 8 35 50 38 9 17 6 48 43 20 4 46 27 41 26 3
360 596 1 12 49 4 25 36 23 40 32 42 21 29 18 34
361 259 6 41 19 29 42 34 28 8 22 11 50 27 31 4 16 30 18 49 15 14 24 40 9 7 3 44 1 10 45 41 20 37 47 38 25 17 48 6 36 5 46 26 35
362 292 0 37 20 44 9 21 41 8 22 48 23 39 11 24 34 35 3 45 47 37 25 6 12 17 32 13 33 42 19 31 36 2 28 10 16 1 15 38 18
363 108 10 17 22 48 16 25 24 41 9 21 7 31 20 26 11 42 39 37 4
364 468 14 11 35 21 46 38 23 13 41 6 48 1 20
365 357 15 49 48 50 2 21 5 13 28 35 20 14 29 7 11 34 22 24 10 47 23 4 41 26 3 45 6 18 30 40 8 39 16 17 36 1 49 19 25 27 38 44 32 33 37 15 42 31 43 9 12
366 55 15 31 44 19 11 33 22 35 4 2 20 32 16 31 29 17 30 49 25 15 37 47 12 39 6 50 5 36 7 10 24 28 1
367 76 20 8 37 43 44 33 28 39 41 46
368 222 15 10 10 7 39 43 18 12 17 45 19 16
369 255 17 28 25 9 50 2 44 43 27 49 12 32 39 8 4 47 29 11 31 40 34 48 3 38 21 17 18 16 33 36
370 133 8 12 12 16 46 26 17 39 10 2 8 33 14 44
371 76 5 6 42 17 9 27 26 7
372 428 10 34 39 41 25 38 14 7 9 18 43 19 28 40 11 12 20 30 21 16 26 34 47 36 49 2 22 33 42 4 15 10 44 29 8 46
373 355 6 38 42 30 40 14 45 24 22 8 37 25 39 2 10 29 5 41 48 44 26 13 43 35 36 1 4 9 34 46 27 50 17 6 21 23 49 28 47 16
374 327 17 22 1 9 4 50 11 44 32 46 12 34 49 26 31 21 6 16 36 17 48 2 24 29
375 73 1 10 2 3 41 49 14 38 19 11 21 10
376 21 2 45 33 45 14 28 37 41 44 36 11 1 38 17 26 20 47 46 12 39 42 30 15 5 16 50 13 8 2 7 21 3 35 31 40 49 19 25 10 9 43 27 29 34 24 6 23
377 564 11 24 20 9 36 6 23 21 22 39 11 13 24 15 32 16 41 34 46 50 5 40 25 38 37 42
378 143 9 2 10 11
379 595 6 26 35 20 47 43 26 12 14 2 3 38 25 5 10 49 37 41 6 15 17 27 36 30 19 21 33 31
380 354 11 30 12 35 49 13 21 40 41 6 24 10 17 16 47 18 28 37 26 22 8 11 14 34 30 2 36 44 25 4 38 23
381 259 10 19 28 1 11 18 17 5 22 45 3 26 6 50 9 21 4 13 27 25 19
382 160 6 42 1 8 38 33 48 17 18 37 47 22 35 45 13 21 10 27 50 36 5 46 4 9 24 15 16 44 26 3 34 28 43 40 19 39 29 14 42 32 41 2 23 11
383 56 15 14 4 34 38 31 19 40 50 30 49 22 26 35 8 13
384 449 6 50 33 41 5 49 11 12 1 20 3 48 38 45 14 23 31 19 8 18 32 27 22 15 43 36 25 28 13 9 7 46 17 35 30 4 42 50 44 16 40 26 47 39 2 6 37 10 34 29 21 24
385 519 7 30 35 19 47 24 20 25 18 48 41 42 31 46 12 33 7 16 50 1 4 38 14 17 23 27 21 37 8 29 5 30
386 266 12 41 18 3 21 30 5 6 14 29 2 42 50 24 1 48 19 13 7 17 28 38 43 20 33 41 25 40 47 34 39 36 49 8 4 44 16 27 37 15 12 10 31
387 131 7 43 29 49 37 44 14 42 2 1 35 38 50 4 9 46 30 25 7 15 13 5 32 24 6 8 11 12 19 34 28 17 20 43 31 47 26 16 23 21 36 27 45 10 40
388 483 4 27 50 45 24 34 35 33 22 18 11 3 41 21 10 46 40 49 30 32 14 28 13 4 31 1 7 12 43
389 54 17 40 11 18 22 35 47 36 16 21 42 15 8 43 4 3 14 44 31 33 40 6 5 23 19 48 38 12 27 32 24 30 20 7 26 50 34 41 2 10 37 49
390 570 20 7 12 50 43 6 23 26 37
391 117 7 17 46 23 25 18 11 19 35 16 41 47 30 13 43 24 28 7 33
392 465 2 39 7 34 29 47 3 42 21 25 45 6 5 46 33 18 23 8 10 2 35 50 4 17 49 11 43 9 38 19 14 1 28 13 48 26 39 22 40 32 30
393 469 18 8 31 46 6 27 37 23 4 16
394 277 16 39 1 45 34 4 39 41 48 38 3 16 14 11 24 25 23 10 30 7 29 27 15 13 46 22 2 40 20 8 33 36 43 49 31 12 44 9 47 26 37
395 76 0 12 13 10 48 1 41 42 37 24 23 28 17 38
396 185 2 12 25 31 17 30 6 39 33 34 42 49 26 13
397 448 11 47 50 9 5 39 8 37 3 27 36 19 30 11 41 15 22 43 14 13 24 16 38 7 18 6 49 4 35 42 29 47 28 1 20 44 45 23 21 33 32 25 2 48 34 40 31 17 46
398 150 19 33 3 8 20 15 14 10 16 23 25 7 44 1 47 19 37 28 40 32 48 5 39 34 6 38 36 13 21 4 31 22 50 49 30
399 488 19 24 17 46 37 27 19 2 29 4 26 13 5 32 38 10 14 12 24 45 28 21 16 11 34 33
400 528 10 32 34 13 46 47 38 42 32 16 4 20 21 45 7 50 18 27 9 48 22 15 26 49 28 19 23 24 12 33 11 14 3 6
401 339 12 13 41 35 45 24 38 46 19 29 6 36 31 33 14
402 469 5 39 49 9 7 12 30 22 21 15 31 1 8 20 17 11 40 19 27 42 13 6 33 36 41 25 32 46 35 5 34 4 29 28 45 48 37 39 38 14 43
403 48 7 27 27 2 15 33 16 34 21 42 10 28 32 18 43 50 17 29 41 20 36 26 8 22 46 25 35 39 49
404 418 6 8 47 34 28 13 43 42 31 29
405 558 19 42 15 43 47 38 14 28 30 33 48 25 18 42 17 44 27 29 8 37 39 31 41 34 2 10 13 1 21 5 22 23 20 19 50 24 12 26 40 9 45 4 46 6
406 423 17 33 42 3 12 20 5 38 24 2 18 22 31 28 47 34 25 36 8 14 35 7 15 17 23 40 43 29 1 32 4 39 6 11 44
407 572 20 30 47 9 25 11 13 31 16 46 32 15 38 14 7 22 39 19 41 49 23 29 21 6 27 37 10 1 8 20 28 3
408 330 9 15 21 35 1 30 41 23 16 4 44 2 27 14 26 25 42
409 26 12 43 6 33 49 18 47 40 45 48 14 19 17 10 35 4 42 12 20 5 22 13 41 24 29 7 32 9 50 30 11 21 38 1 15 43 36 44 28 3 34 39 27 16 31
410 153 6 18 35 25 17 33 41 24 5 18 50 45 39 48 32 42 23 22 43 11
411 559 16 2 49 34
412 250 6 29 23 5 44 41 39 25 45 48 35 47 31 9 17 18 19 20 4 16 1 50 3 24 10 22 26 42 28 40 8
413 153 18 1 39
414 342 10 11 7 29 36 39 43 26 12 28 27 5 24
415 435 3 33 42 1 10 9 22 41 3 37 43 19 49 48 6 23 33 13 30 39 18 2 8 34 36 4 14 26 45 32 31 25 47 29 21
416 138 0 8 23 31 37 16 27 26 10 20
417 543 10 5 28 48 46 26 44
418 266 1 15 9 42 26 25 15 43 32 2 22 16 24 31 37 8 29
419 487 7 17 19 33 1 34 42 21 27 32 47 7 25 28 45 44 2 41 14
420 360 1 5 32 50 40 12 2
421 12 4 10 36 34 31 42 50 7 33 45 13 26
422 451 6 37 10 27 4 28 23 26 13 35 49 16 7 6 3 5 22 11 48 24 12 33 32 42 29 9 44 15 17 50 25 20 30 36 34 46 37 40 14
423 327 7 2 28 35
424 385 7 34 38 3 13 16 27 39 2 15 8 31 4 43 46 14 5 40 37 45 17 10 41 6 1 50 33 21 28 9 34 20 44 30 25 26
425 532 1 36 37 22 15 17 9 29 44 47 5 21 34 20 12 6 33 2 48 18 46 8 41 24 13 19 10 27 36 3 26 49 43 42 14 35 50 39
426 481 1 47 45 10 13 15 41 36 34 17 42 38 12 14 29 9 5 8 28 21 33 16 25 19 49 48 26 4 23 50 31 11 2 6 43 37 27 3 22 39 47 32 1 30 46 18 44 40 7
427 410 17 16 7 6 27 42 35 36 30 5 50 8 38 10 40 45 28 26
428 154 0 24 21 45 4 29 34 35 6 19 33 13 40 26 9 49 7 17 18 39 44 46 23 50 25 10
429 120 7 11 4 5 9 22 16 23 6 27 13 49 31
430 109 11 23 19 42 38 4 23 45 49 9 32 48 44 20 30 37 50 22 46 39 8 14 10 2 11
431 428 6 33 27 45 50 41 22 19 47 9 25 17 10 23 4 15 11 42 20 37 43 31 13 33 44 30 2 36 39 6 21 46 32 26 38
432 344 0 17 5 1 6 35 18 12 7 17 48 45 37 36 29 14 20 25 10
433 555 2 4 11 50 1 40
434 405 15 19 11 38 14 9 46 37 22 18 8 32 6 7 17 35 36 3 25 13 40
435 169 16 40 39 32 19 36 7 50 38 28 26 4 25 13 18 14 5 22 43 31 41 1 44 20 46 10 49 40 30 47 3 35 48 27 2 11 21 6 17 12 23 9
436 177 11 32 46 7 16 21 41 10 32 19 4 15 5 35 30 33 11 48 25 28 27 17 6 2 1 42 3 45 12 9 8 20 40 39
437 158 8 30 28 43 18 35 25 41 15 40 46 31 37 10 16 27 49 12 14 4 21 9 42 33 34 36 24 5 30 45 29 48
438 207 9 19 50 41 8 35 44 46 19 34 1 21 40 14 32 4 10 12 36 23 37
439 126 3 4 27 30 10 2
440 537 13 33 29 18 48 32 11 5 4 20 50 8 15 27 9 45 28 6 25 16 23 2 3 35 44 14 46 7 34 47 24 1 21 30 43
441 364 1 17 24 47 31 7 41 37 35 3 6 45 23 9 18 15 1 13 5
442 15 13 15 18 4 29 32 40 49 21 8 12 15 35 22 16 24 42
443 579 14 10 19 45 49 44 27 4 40 2 14 24
444 433 8 15 44 3 7 15 13 8 10 1 40 48 5 26 34 31 25
445 421 3 4 12 27 10 17
446 167 0 39 26 25 37 6 47 44 42 31 35 34 14 10 46 7 29 48 36 49 27 17 21 33 23 41 11 32 12 8 15 13 2 3 30 9 38 16 24 39 18
447 321 16 40 6 37 47 48 21 30 49 5 50 16 19 44 23 1 41 24 25 35 33 40 3 36 42 4 9 32 39 43 45 20 26 28 34 8 17 27 18 31 22 10
448 126 15 24 44 12 24 1 34 8 23 39 9 3 10 20 36 13 6 46 37 40 5 25 32 2 45 41
449 595 17 33 40 3 36 30 22 12 27 8 7 49 24 9 14 42 48 47 32 16 6 50 10 46 17 41 43 15 38 29 18 28 34 35 33
450 28 11 48 9 28 6 36 22 7 2 25 40 32 49 30 29 23 15 8 42 18 33 43 35 20 14 34 3 1 19 26 39 50 47 37 5 45 4 11 16 24 31 41 46 21 12 13 10 44 48 38
451 453 6 2 43 9
452 548 16 21 49 35 48 4 16 36 46 20 14 1 12 25 22 15 24 31 43 50 41 42 21
453 499 9 41 41 23 10 34 17 50 7 14 46 24 9 49 30 4 31 27 44 25 32 21 28 19 15 38 47 20 3 45 2 42 6 33 48 1 8 43 18 13 36 5 22
454 543 14 31 4 29 26 15 40 39 1 43 18 22 16 33 42 49 5 2 24 8 30 45 37 27 19 32 11 41 23 13 25 36 21
455 338 13 21 15 44 2 36 19 25 39 30 9 16 47 3 6 13 10 28 5 18 49 37 48
456 221 9 21 35 34 7 12 46 17 4 50 13 43 40 48 44 30 16 5 25 26 21 18 45
457 375 15 23 14 9 46 24 47 34 48 22 6 8 36 21 5 49 37 18 27 39 32 38 33 2 44
458 239 13 14 3 30 48 31 21 36 11 28 18 45 38 19 46 43
459 254 11 50 48 42 33 9 38 20 49 13 34 5 19 45 47 17 27 15 1 21 10 14 7 3 32 25 4 26 31 16 2 43 39 29 18 22 8 50 36 6 11 40 12 30 35 37 44 24 41 46 23 28
460 377 2 46 26 46 30 20 39 9 12 34 42 10 49 41 1 11 7 24 17 28 13 22 31 44 38 16 45 40 23 21 27 29 35 43 2 36 32 19 8 48 18 25 3 37 47 50 4 6
461 148 13 31 34 1 6 40 35 14 4 28 37 13 39 26 36 17 23 22 45 10 7 48 18 44 29 5 41 43 11 31 12 50 15
462 105 6 40 31 29 42 40 10 30 5 49 22 38 34 43 17 26 47 6 1 41 20 8 25 16 15 32 18 3 28 50 19 4 46 33 27 9 21 36 35 14 45 11
463 337 6 36 1 12 40 15 34 37 3 4 19 11 31 47 36 39 41 13 44 5 27 50 8 48 22 18 29 38 10 16 42 33 24 46 21 28 7 43
464 400 20 27 18 44 41 31 47 24 6 8 5 20 1 45 48 12 49 21 43 2 7 22 36 33 30 15 25 13 42
465 69 1 3 1 3 48
466 298 6 19 20 17 13 12 10 42 39 46 16 21 36 23 49 48 33 15 2 35 25
467 133 4 50 7 24 17 6 38 35 21 28 15 45 19 42 4 32 49 12 29 44 26 5 22 14 30 46 36 48 40 34 50 33 25 43 37 1 18 8 13 3 20 27 10 11 16 23 31 39 9 47 2 41
468 12 2 14 30 2 17 12 25 8 28 43 46 14 36 48 41 11
469 316 5 37 12 24 45 4 25 13 15 50 42 43 23 8 18 30 49 33 37 2 38 47 44 3 10 35 48 41 16 27 17 22 40 28 32 21 46 6 29
470 260 18 40 12 37 42 38 9 11 36 20 50 43 18 4 28 48 35 14 27 19 34 7 17 32 30 39 22 31 44 10 40 23 41 26 47 8 13 1 16 46 2 49
471 406 7 2 25 8
472 299 10 30 37 41 8 45 42 22 48 17 44 24 16 9 40 20 4 49 30 23 39 27 19 21 5 26 15 36 33 35 7 28
473 98 5 31 9 10 32 44 14 16 18 36 46 49 26 37 22 33 1 31 45 13 11 23 20 15 43 41 6 50 19 28 12 27 47
474 52 4 3 41 38 48
475 74 18 40 32 7 13 40 33 49 42 26 29 3 45 38 22 24 20 43 9 18 34 41 50 14 44 46 27 10 11 15 47 23 5 19 31 8 4 21 30 35 48 6
476 520 12 37 24 39 31 29 1 19 12 22 10 47 8 44 11 37 6 28 3 43 15 17 34 50 36 48 4 23 35 30 26 38 18 32 49 45 5 41 21
477 444 15 50 47 8 38 25 10 30 45 36 31 16 39 19 26 23 24 34 40 6 20 9 2 46 27 28 17 21 35 37 3 33 48 50 13 29 5 15 4 41 12 32 42 1 44 14 22 11 7 43 49 18
478 397 14 49 24 33 7 39 16 17 47 8 45 28 38 49 19 14 3 41 21 25 6 20 36 46 44 4 48 23 26 30 31 5 42 9 27 11 12 15 35 2 43 1 34 32 50 37 10 29 22 13 18
479 495 9 44 26 1 45 18 48 44 32 38 19 12 25 33 46 35 29 50 31 36 10 34 27 23 37 40 4 20 16 49 17 39 2 41 47 28 6 43 42 13 30 15 7 5 3 22
480 70 11 30 32 39 15 29 3 46 22 5 23 36 40 20 50 27 41 43 33 6 18 16 14 19 44 49 7 26 47 21 10 4
481 584 15 41 20 23 38 7 6 34 29 36 46 35 11 43 8 27 42 25 31 9 37 47 48 14 1 15 40 17 26 2 50 39 41 45 22 21 44 3 30 16 5 10 33
482 237 17 45 13 1 38 9 45 36 6 46 34 35 42 3 31 22 24 7 26 29 14 44 41 28 10 25 23 17 48 20 43 33 49 2 19 8 18 11 5 4 39 50 47 32 21 12 37
483 69 3 32 50 1 15 33 32 37 40 9 47 27 38 31 20 28 13 45 8 11 3 39 21 25 36 35 41 2 46 29 26 24 14 18
484 577 15 43 30 48 17 43 18 38 26 44 5 28 22 12 45 42 24 11 4 15 36 34 29 27 25 41 23 7 31 50 1 8 9 10 19 35 14 20 37 39 6 16 47 3 2
485 440 7 21 25 12 42 49 36 34 3 41 4 45 35 10 29 38 23 31 50 44 24 39 37
486 146 12 46 26 42 3 19 50 48 15 2 4 16 43 39 10 23 25 11 28 41 5 12 22 8 6 21 17 45 32 9 49 30 46 29 31 24 18 14 36 35 37 7 34 44 13 20 38 1
487 285 5 29 35 8 1 48 31 3 29 37 45 6 11 5 16 24 17 28 44 50 10 27 7 4 32 2 26 36 15 18 41
488 114 7 4 44 19 31 33
489 422 20 36 41 33 37 40 10 3 48 21 44 19 35 39 12 27 1 9 13 32 24 17 45 4 46 25 5 2 29 22 38 20 11 15 34 23 49 30
490 343 19 39 38 29 24 3 15 50 9 49 26 4 13 21 40 45 1 37 27 19 20 22 2 39 44 30 32 47 23 16 31 12 35 46 25 11 7 33 6 17 5
491 339 5 7 37 13 45 35 5 15 11
492 597 11 12 48 1 20 8 31 30 45 33 17 5 42 36
493 423 19 10 38 24 12 23 16 13 43 3 50 1
494 264 19 40 34 47 12 22 32 10 25 36 31 49 39 43 28 4 7 23 29 37 38 16 33 24 3 13 14 19 1 2 18 50 15 45 35 46 11 26 6 30 20 40
495 201 11 20 35 48 47 23 46 5 2 36 28 25 50 33 4 26 16 18 41 37 14 7
496 210 10 9 44 30 41 11 39 27 3 31 6
497 222 11 40 8 25 49 3 1 42 16 45 34 48 28 13 47 20 29 27 11 2 33 40 43 18 15 10 22 12 39 24 5 14 17 4 46 31 26 41 21 23 44 7
498 524 0 38 32 45 35 16 10 46 1 29 2 48 18 14 9 50 22 47 31 33 17 37 26 40 38 24 27 19 20 49 23 7 11 13 12 30 39 4 43 44
499 593 10 40 18 44 19 43 22 14 30 16 25 9 32 39 11 7 33 24 15 2 37 35 38 10 20 1 28 17 4 48 29 12 36 34 5 23 13 45 41 27 50 49
500 98 6 17 31 36 12 5 29 28 7 41 49 33 8 27 42 15 45 40 39
501 493 3 50 39 24 41 23 38 31 1 48 15 32 17 12 8 33 29 14 26 3 6 11 18 27 13 47 30 49 42 7 22 34 40 9 19 10 44 36 43 4 20 46 16 37 5 45 2 50 35 25 28 21
502 363 17 9 16 28 43 14 27 47 23 46 9
503 214 10 18 26 43 12 33 34 35 5 15 40 42 21 23 16 9 25 8 38 14
504 198 6 11 40 44 15 46 37 16 20 6 24 39 3
505 329 6 18 50 40 46 27 19 17 39 8 31 49 44 14 22 3 41 26 4 37
506 97 10 30 33 10 37 13 16 17 21 48 9 38 43 25 2 39 35 14 45 34 28 7 49 4 15 1 23 27 47 30 5 6
507 492 13 50 40 18 3 32 26 33 17 31 47 5 1 16 35 28 4 29 21 2 44 8 11 36 14 39 13 27 50 42 34 48 22 38 30 15 6 25 45 24 12 23 9 19 46 7 10 37 43 49 41 20
508 570 1 31 24 13 22 44 38 28 32 33 50 3 8 17 6 20 9 19 18 7 12 39 41 1 46 27 47 5 14 37 49 2 36
509 297 20 48 21 23 41 29 49 26 17 19 37 25 20 42 9 46 12 1 47 13 10 11 39 38 7 5 14 24 50 15 2 32 4 48 18 43 6 36 44 30 34 28 22 35 3 27 31 8 16 33
510 350 2 21 45 11 26 10 28 47 16 48 32 7 46 15 49 36 17 3 6 30 2 41 12
511 76 8 4 48 17 21 36
512 474 17 40 7 22 12 16 1 49 42 44 31 25 21 45 48 30 34 9 2 27 43 28 14 18 33 38 32 35 19 24 10 8 37 26 40 36 39 4 6 11 50 15
513 370 12 32 24 6 5 16 27 13 21 35 40 10 17 49 44 26 34 15 22 11 18 7 30 41 43 29 39 31 48 45 12 50 1 19
514 13 19 25 30 12 31 22 28 13 5 38 25 32 19 7 18 36 49 3 50 2 48 4 21 44 39 46 16
515 370 8 3 10 37 14
516 183 15 16 38 23 26 24 37 45 33 19 5 15 1 14 20 17 41 6
517 28 6 44 42 35 32 38 30 4 26 29 33 39 23 46 1 14 17 10 20 40 6 5 19 7 21 24 41 31 37 43 9 3 45 13 27 22 44 36 47 48 28 2 8 49 16 18
518 166 2 24 15 7 20 24 2 37 18 17 23 10 3 13 44 27 1 31 12 19 29 28 49 22 11 25
519 195 4 44 29 6 7 39 36 11 33 2 28 22 46 49 20 4 1 50 13 18 40 16 31 45 8 30 24 21 43 3 42 48 32 5 19 15 25 34 38 26 14 23 35 47 44 17
520 323 12 35 42 29 13 41 10 39 26 16 18 8 2 17 47 21 24 49 25 48 35 14 11 19 38 44 30 36 23 32 7 4 34 15 9 37 45
521 24 17 9 37 14 26 20 25 13 9 33 49
522 572 20 45 2 11 49 50 30 24 16 8 31 38 45 34 22 12 21 27 46 44 48 25 1 36 43 13 37 26 35 19 10 39 32 18 7 28 5 6 23 4 9 14 29 3 20 33 41
523 308 11 45 19 40 35 22 41 47 5 14 33 13 1 21 8 29 42 2 23 24 17 28 39 46 20 27 48 15 26 10 36 9 50 3 38 43 44 32 7 4 37 25 30 34 45 6 16
524 538 17 37 5 46 2 15 26 50 35 13 36 38 41 31 17 34 16 44 29 45 21 42 25 32 47 22 8 30 18 6 39 12 19 28 27 4 40 1 10
525 246 17 40 16 30 2 26 44 22 41 36 12 34 6 49 23 14 48 29 11 45 5 37 21 4 31 8 33 3 27 1 17 18 38 50 7 28 32 19 15 42 43 20
526 252 20 20 33 35 7 4 34 48 38 13 27 41 24 47 9 50 46 28 16 36 32 1
527 507 8 13 43 30 16 34 39 37 14 35 9 21 38 8 19
528 364 0 47 15 27 40 8 41 28 23 11 35 31 9 25 13 50 33 10 29 18 32 16 37 44 19 36 48 20 26 24 14 4 17 7 39 12 38 5 2 22 47 34 43 21 45 1 46 3 30
529 370 3 11 39 27 6 32 22 4 38 40 34 16 3
530 530 3 39 21 4 36 32 41 40 27 44 48 14 38 39 33 13 15 6 23 11 20 22 16 8 12 5 50 26 37 30 19 18 1 31 29 17 7 42 9 10 49
531 477 4 27 42 46 35 23 20 9 13 3 11 4 21 33 1 26 31 6 27 47 18 28 8 16 25 49 24 39 5
532 541 16 27 19 24 20 12 43 6 9 26 21 3 41 48 49 23 32 40 29 4 31 13 37 34 30 16 44 36 18
533 482 17 3 4 50 26
534 364 13 19 42 33 23 12 47 16 9 22 6 39 17 2 1 35 15 26 44 21 11
535 351 16 9 28 4 41 8 46 32 5 6 25
536 181 10 37 49 22 35 47 5 10 50 7 27 18 39 21 38 3 33 44 23 45 41 8 37 36 42 2 16 9 11 32 29 4 19 46 26 17 14 43 30
537 451 5 37 37 47 20 16 30 33 27 44 5 50 10 7 9 8 41 21 28 34 39 22 4 48 19 35 26 13 14 40 25 2 3 11 1 46 31 24 36
538 197 13 17 36 30 37 13 18 49 39 41 12 15 22 47 3 45 8 28 16
539 71 10 12 44 16 29 31 2 20 19 14 35 33 48 27
540 570 3 25 9 34 18 45 3 32 11 43 48 49 31 16 17 6 14 23 12 19 41 39 25 27 13 22 47
541 452 10 4 42 43 26 19
542 429 14 21 23 14 2 4 19 8 24 12 10 29 18 46 30 34 44 36 41 15 17 40 9
543 108 6 46 1 33 40 42 28 17 31 50 30 47 3 13 46 49 11 9 21 23 26 29 37 5 34 45 39 25 10 43 7 8 12 4 44 18 6 20 35 19 41 32 14 38 2 24 16 15
544 47 18 4 31 12 1 38
545 514 20 33 24 3 28 18 9 2 22 5 31 46 50 34 19 33 1 39 42 37 41 25 7 36 10 26 35 15 13 30 48 23 40 32 38
546 74 18 14 24 22 26 4 5 46 10 45 21 35 47 16 50 12
547 321 15 49 15 4 14 23 9 35 31 28 25 48 30 16 11 22 40 1 20 44 50 2 24 21 26 17 12 10 47 3 34 29 5 42 33 8 49 36 39 13 6 27 46 37 19 18 7 32 41 43 45
548 529 6 17 40 31 42 46 25 22 9 27 44 2 37 15 17 50 36 32 35
549 555 9 47 26 6 20 29 33 39 24 36 11 23 40 4 7 30 13 28 14 34 47 41 22 25 44 18 38 46 31 10 16 35 15 49 32 9 17 5 12 1 45 2 3 43 8 37 27 19 21
550 361 2 9 15 7 14 40 6 48 34 17 19
551 321 14 15 7 46 5 4 41 38 39 45 22 18 28 35 33 47 23
552 23 10 21 4 5 2 11 21 28 31 1 6 23 24 50 37 44 10 30 17 35 8 34 45
553 95 6 14 9 16 22 1 13 15 23 12 7 6 43 34 3 17
554 295 13 31 30 22 7 23 1 26 2 44 33 34 19 20 35 32 17 11 12 50 45 5 16 28 10 40 47 21 38 48 4 25 42
555 326 8 47 44 33 29 5 34 30 16 45 36 50 27 10 31 15 28 4 19 23 11 20 48 9 1 32 12 24 37 8 40 26 7 43 13 17 35 21 41 25 6 39 49 46 22 47 2 42 14
556 325 6 29 3 26 46 8 40 6 44 9 33 32 14 49 5 29 7 1 30 43 50 45 11 48 28 21 27 16 19 2 18
557 142 17 11 28 27 17 7 29 9 20 26 42 25 50
558 558 20 36 28 13 25 27 1 40 42 33 24 38 30 3 46 10 34 35 2 23 21 9 7 16 32 22 5 4 31 18 36 17 37 48 20 44 41 19
559 421 4 24 43 4 14 49 32 15 20 25 26 34 22 48 1 38 8 16 27 39 3 6 30 35 10 5
560 599 19 48 2 13 35 3 42 6 1 30 40 36 32 12 27 41 33 4 9 20 21 14 37 38 10 34 17 26 44 15 43 8 31 19 50 49 5 47 39 28 16 24 18 11 46 29 7 23 22 48
561 183 8 32 14 3 36 9 42 39 6 33 30 37 46 7 28 17 38 43 23 16 47 13 5 50 41 44 15 27 40 31 18 20 21 8
562 328 3 25 20 22 29 18 5 15 32 2 4 1 43 19 48 11 38 10 14 13 8 25 6 50 28 37 16
563 59 5 20 1 12 16 5 32 44 9 26 4 7 11 24 42 41 29 10 21 40 15 46
564 526 0 21 12 20 11 39 16 19 44 8 13 27 4 29 10 33 43 32 34 5 6 23 35
565 111 19 38 1 8 30 37 11 33 13 7 45 42 23 43 22 28 18 49 9 35 36 12 44 24 31 38 4 6 15 32 46 26 39 47 27 19 21 17 14 29
566 300 15 24 18 25 44 12 39 45 11 40 35 32 23 4 19 10 31 42 17 48 7 28 9 47 43 3
567 563 7 44 11 38 6 25 18 46 43 44 4 26 31 14 5 1 34 36 2 42 37 41 35 29 20 45 32 12 27 40 23 49 28 3 8 17 22 39 30 33 24 7 10 15 47 13
568 191 13 14 19 1 23 7 4 26 45 42 31 16 24 41 13 14
569 282 13 8 6 43 37 22 7 10 26 29
570 141 13 29 14 46 33 12 38 40 23 19 22 37 15 45 20 34 24 48 47 8 10 49 28 44 26 30 4 18 25 35 11
571 389 7 1 41
572 168 20 14 14 48 49 42 25 19 30 33 47 23 46 50 37 6
573 94 14 32 13 47 3 10 50 18 28 36 16 7 21 4 48 25 46 6 9 37 40 23 42 34 12 11 43 38 30 29 41 39 44 45
574 31 6 43 20 40 44 47 22 48 49 5 23 39 16 46 21 8 33 19 18 43 13 37 6 24 25 15 34 30 41 14 50 1 42 26 45 38 12 10 31 27 29 28 36 7 35
575 141 15 14 27 26 31 39 43 45 6 29 33 40 32 28 2 20
576 517 15 12 5 47 10 19 1 41 31 33 46 40 6 42
577 105 16 43 9 38 50 15 34 14 35 44 26 25 21 28 48 49 18 13 46 27 37 16 47 8 31 33 30 20 11 36 17 23 32 19 24 29 2 3 40 5 7 43 22 1 39
578 92 1 17 18 3 48 23 26 41 8 36 31 42 27 10 32 21 6 25 17
579 45 20 8 18 33 48 26 34 50 31 46
580 197 13 41 49 19 10 50 26 33 38 18 15 43 42 25 40 16 46 41 8 39 5 20 7 45 24 48 29 35 3 32 28 36 2 11 37 9 34 4 6 47 13 12 22
581 231 18 38 50 6 32 38 35 20 30 8 29 7 9 39 15 23 49 48 36 26 47 13 2 37 40 21 18 22 12 28 10 3 27 31 33 34 1 41 42 11
582 376 9 23 32 13 7 5 6 11 12 37 39 9 41 42 50 40 4 15 1 27 21 10 25 18 19
583 147 9 48 13 21 47 27 43 18 30 26 44 24 12 45 20 5 3 17 1 6 16 38 33 22 32 36 41 23 11 37 10 39 31 8 40 34 46 2 48 25 49 7 15 35 4 9 50 42 29 19
584 79 7 3 6 26 24
585 294 2 36 7 41 20 17 28 8 44 37 31 23 2 9 26 42 5 32 18 14 34 50 13 19 27 16 25 3 33 36 15 35 1 29 4 22 43 6
586 319 15 8 34 38 29 35 27 17 5 33
587 11 4 8 20 42 33 6 2 12 44 3
588 220 14 13 1 47 30 15 37 19 28 22 50 33 12 5 9
589 370 1 48 42 24 34 28 43 33 47 16 27 14 15 38 17 36 46 41 12 49 37 11 6 30 21 29 8 31 23 13 25 50 5 18 10 1 20 35 19 39 40 9 7 4 26 45 2 22 3 44
590 334 4 45 35 27 50 17 31 30 20 9 45 12 7 43 48 15 23 26 24 21 40 37 39 10 8 36 47 16 49 25 22 42 44 19 11 34 29 32 6 13 41 4 33 38 28 1 46
591 216 2 7 26 34 1 39 25 37 24
592 77 10 21 5 46 12 34 4 13 9 32 49 35 44 29 16 48 43 20 37 50 3 33 11
593 532 4 36 4 20 23 31 10 34 43 11 5 49 42 47 12 26 13 6 46 22 48 16 27 9 38 45 41 35 30 18 8 37 14 40 19 25 28 29
594 473 13 24 37 49 2 38 45 18 31 27 3 7 28 14 13 17 41 36 39 33 25 8 1 23 9 43
595 551 7 42 15 26 30 40 39 29 28 21 43 37 46 19 50 8 17 12 9 2 1 32 5 24 33 16 34 6 31 41 23 36 45 49 3 10 14 18 20 48 4 11 42 25
596 286 6 5 41 30 10 6 33
597 14 13 49 37 45 42 1 38 12 5 6 15 35 3 2 40 41 8 34 16 24 46 44 43 19 14 18 47 29 31 28 48 17 26 7 32 49 20 11 33 22 9 10 30 50 21 36 4 39 27 23 25
598 462 0 24 41 3 25 31 36 16 33 1 2 32 8 27 50 35 40 24 43 38 5 20 18 6 11 21
599 515 11 15 32 38 44 49 42 25 4 40 47 1 18 43 8 6 23
600 216 1 5 39 11 5 30 42
601 365 5 45 34 18 50 39 24 3 6 31 17 46 4 2 12 35 33 8 28 44 38 41 37 25 21 19 23 40 13 49 26 7 47 45 30 29 27 5 43 14 32 48 15 42 11 9 20
602 65 8 8 36 40 44 30 20 48 47 4
603 225 8 8 11 5 36 3 40 17 42 15
604 537 17 7 36 49 27 46 32 21 44
605 352 20 14 12 39 6 45 26 17 20 38 23 19 27 1 50 42
606 238 5 43 13 30 47 18 36 37 26 38 4 14 19 31 33 39 42 27 6 35 3 2 10 21 28 34 8 48 41 7 15 49 1 17 12 16 20 44 23 45 50 22 9 24 11
607 598 8 20 11 31 32 22 17 36 43 28 19 47 48 8 6 49 3 16 42 12 41 10
608 44 10 37 16 9 15 8 32 5 12 39 14 10 44 1 30 11 42 31 36 4 46 26 50 25 29 19 7 45 38 21 41 48 17 3 33 24 35 22 6
609 493 20 13 16 18 50 22 33 2 30 44 46 26 24 14 41
610 393 16 22 20 5 32 7 45 39 2 26 38 9 1 8 14 10 40 19 18 11 42 3 49 24
611 365 19 25 48 26 43 10 23 37 28 47 41 50 3 33 21 12 14 27 44 38 19 16 9 34 25 2 6
612 174 20 28 50 48 49 34 20 32 19 30 16 21 4 39 6 45 1 27 31 12 14 40 25 5 15 22 2 38 41 17
613 575 3 35 50 21 15 17 5 12 4 11 7 34 26 1 44 22 35 38 28 16 30 46 9 41 43 2 47 14 24 8 20 25 10 37 32 40 6
614 105 14 14 29 34 45 39 19 41 32 36 17 50 35 37 49 4
615 495 3 5 9 45 4 21 44
616 249 0 14 44 29 16 12 8 39 47 30 13 11 34 14 6 18
617 174 13 41 21 9 6 39 2 5 31 45 37 10 11 20 4 36 35 46 17 29 33 19 25 49 41 23 38 26 14 3 16 50 12 1 40 32 48 42 28 13 24 27 43
618 213 8 42 35 5 36 13 28 14 17 6 16 2 11 18 23 24 12 45 34 9 37 29 39 26 48 50 43 41 15 42 22 32 21 47 33 30 8 19 1 38 49 3 40 4
619 509 13 8 21 3 25 47 16 12 26 15
620 44 10 13 18 40 13 46 20 19 38 39 45 23 5 22 47
621 163 20 49 23 27 36 12 33 41 14 43 6 2 34 15 49 11 13 25 22 28 45 39 10 9 37 17 30 48 4 19 31 47 20 16 42 44 46 3 7 5 35 21 1 32 24 26 8 38 18 29 50
622 195 9 31 13 24 9 45 43 31 6 3 17 36 7 23 2 39 5 22 1 11 18 8 16 49 28 42 26 37 10 34 25 38 40
623 497 10 5 31 39 44 41 7
624 551 16 21 9 24 49 31 8 1 39 29 40 32 4 2 30 10 21 13 37 7 14 26 15
625 40 17 47 42 13 5 16 21 22 26 47 30 17 29 8 1 4 28 3 20 44 23 15 12 38 37 27 50 31 14 36 41 33 18 25 40 39 19 45 35 32 49 6 43 2 24 7 11 34 9
626 349 19 20 4 39 24 23 18 13 2 48 15 5 1 43 10 41 31 34 14 46 40 26
627 14 7 35 21 3 16 38 49 11 30 39 22 19 2 7 8 33 42 23 40 44 27 12 15 34 10 5 14 20 9 13 31 24 36 50 6 1 18
628 134 18 34 31 15 10 42 44 5 30 3 34 13 29 40 38 21 14 7 17 4 2 50 28 46 24 33 36 8 12 26 23 48 41 45 37 25
629 243 4 27 20 13 40 47 5 43 31 21 41 28 9 37 14 1 38 19 46 39 44 45 26 42 27 33 17 23 29
630 211 8 36 7 25 10 23 45 41 4 13 32 31 48 42 14 34 15 39 33 3 30 6 43 1 16 38 35 40 26 21 5 20 17 36 28 19 9 12
631 543 2 36 36 9 21 42 12 8 7 4 46 33 32 13 38 26 39 30 34 31 15 48 24 40 35 49 16 14 3 1 5 19 28 50 17 27 6 37
632 17 15 41 9 29 45 36 27 18 46 20 39 12 34 7 5 26 30 1 47 11 24 4 35 42 32 31 48 13 16 43 40 21 49 33 28 2 19 50 25 17 6 10 38
633 18 18 28 32 31 43 13 40 46 28 47 41 48 15 25 38 8 37 22 35 34 18 23 14 30 45 33 24 26 9 44
634 447 7 17 14 18 39 31 6 20 41 16 42 32 48 30 12 24 46 4 22
635 366 16 17 24 10 28 2 18 45 46 7 38 44 35 11 21 32 17 29 15
636 116 12 37 4 39 49 19 34 25 36 18 37 2 24 48 41 7 31 5 44 46 13 47 15 14 21 12 28 33 20 29 10 35 40 16 42 6 22 38 3
637 255 18 44 50 45 16 44 33 7 10 14 20 4 25 31 42 11 35 24 36 5 3 13 34 49 22 32 17 39 40 6 8 43 21 46 2 12 47 15 9 48 27 38 26 23 28 19
638 461 11 47 23 10 40 21 4 25 11 38 9 15 22 34 37 50 28 48 16 33 31 42 2 18 17 45 19 35 3 13 46 7 26 30 47 39 44 5 24 27 29 32 43 14 8 12 49 6 41
639 401 19 3 44 29 49
640 87 7 19 26 6 23 30 16 1 40 25 11 27 50 45 4 33 17 13 18 14 10
641 212 6 12 28 2 13 22 44 40 27 50 42 1 41 18
642 215 8 9 17 43 26 33 22 45 7 48 9
643 191 18 34 3 5 19 18 44 10 37 9 23 31 36 25 28 16 22 42 7 8 6 50 13 17 20 33 14 24 46 45 48 41 35 43 15 11
644 391 19 19 14 43 20 39 7 48 3 16 23 37 24 33 38 42 28 11 31 6 46
645 581 20 25 27 34 2 40 32 31 14 13 6 25 28 23 36 33 16 37 46 44 48 35 7 39 20 4 30
646 422 0 10 35 24 12 47 1 23 20 46 9 29
647 421 12 29 13 12 5 26 15 20 47 39 7 8 6 9 25 38 17 48 45 18 50 42 4 43 29 14 22 33 37 10 28
648 567 19 6 14 31 6 26 9 46
649 203 2 15 20 26 4 19 9 39 5 13 10 15 50 22 43 30 7
650 101 18 1 31
651 252 18 41 27 7 21 4 6 14 26 36 12 11 46 13 19 33 1 29 47 49 41 8 20 50 2 30 32 43 42 18 10 35 22 17 44 9 3 34 38 28 31 48 23
652 288 20 27 36 27 12 6 20 38 45 44 22 18 21 15 34 17 10 9 23 43 28 19 39 7 8 31 35 16 11
653 392 3 44 2 20 37 50 29 39 43 21 40 7 18 6 16 12 32 35 30 27 8 44 47 24 17 42 25 48 46 49 23 15 26 19 1 4 36 45 9 28 13 33 38 34 41 11
654 318 19 18 11 10 26 28 9 24 31 48 1 20 16 22 32 35 30 3 49 41
655 362 8 4 22 45 11 49
656 222 11 11 10 21 4 41 22 26 45 12 38 7 14
657 318 15 20 17 41 3 50 2 7 44 5 14 43 6 36 46 49 4 38 28 29 13 24
658 109 5 3 12 19 36
659 472 17 39 4 31 39 7 2 46 5 14 11 47 25 30 28 16 22 33 38 43 6 1 26 17 19 9 40 15 24 49 42 21 13 32 18 45 50 36 23 12 34
660 302 7 43 44 32 7 1 21 15 2 41 13 38 17 24 34 28 25 50 27 31 26 39 40 48 16 8 10 3 47 45 4 14 22 30 37 19 29 23 49 11 36 6 46 33 9
661 492 13 47 37 19 38 36 26 49 16 1 33 32 39 4 5 50 2 13 40 23 11 46 15 8 42 20 22 18 41 21 28 10 31 34 30 48 14 43 29 47 45 6 9 7 17 25 24 12 3
662 78 17 33 3 5 50 17 12 18 28 10 27 8 32 13 49 24 4 47 37 46 40 7 23 6 21 43 16 25 29 14 38 36 20 44 19
663 105 18 11 40 29 25 4 31 9 27 44 8 6 5
664 274 9 34 21 17 5 27 26 31 20 32 18 12 35 42 46 14 36 33 10 7 13 44 43 2 15 23 4 25 1 3 45 41 47 30 49 40
665 210 0 18 29 32 24 42 40 6 49 45 20 19 7 43 9 30 2 21 12 35
666 139 6 15 25 29 46 10 15 34 1 42 18 35 41 49 12 28 9
667 130 16 25 7 9 40 36 1 49 12 18 50 14 47 37 27 46 35 25 45 4 29 30 13 6 43 19 26
668 31 0 2 45 41
669 452 15 24 49 23 6 42 40 9 14 44 18 24 26 22 20 17 16 8 50 29 41 12 34 47 13 46
670 430 10 9 42 28 20 5 31 2 9 35 29
671 321 6 40 41 48 10 25 44 46 2 11 26 4 42 47 34 40 18 50 7 20 23 30 9 37 28 39 45 29 31 8 49 5 15 12 16 17 21 43 24 6 22 19
672 316 17 28 15 6 3 23 5 7 49 8 33 46 30 16 13 12 42 39 10 43 37 11 20 21 28 19 27 45 17 24
673 147 17 21 9 32 14 39 50 48 4 2 18 12 7 20 23 30 38 10 29 25 35 41 33
674 368 3 12 49 3 27 4 41 22 35 13 39 7 11 40
675 489 16 24 24 22 1 6 9 16 17 3 11 46 21 44 8 48 14 32 23 25 7 49 18 28 37 31
676 71 5 43 49 20 32 40 39 13 45 30 16 46 28 2 6 3 37 4 5 27 47 8 41 35 33 26 29 36 11 44 23 12 17 38 15 50 48 9 22 25 19 34 10 7 21
677 165 20 7 3 41 20 33 12 27 48
678 114 19 29 35 28 26 30 49 17 1 29 42 33 8 20 23 18 50 38 15 48 27 47 21 14 5 12 43 24 36 2 41
679 600 12 45 24 41 14 18 48 13 47 25 34 22 7 33 10 6 37 49 16 4 23 28 46 44 50 26 27 11 31 36 2 42 40 35 45 20 12 38 43 32 19 8 17 15 5 30 9
680 279 14 17 10 21 5 26 16 48 38 41 30 24 47 7 1 14 34 20 44
681 420 12 49 15 35 30 12 14 5 6 21 33 27 24 11 41 31 39 23 47 38 3 45 7 32 50 36 2 43 34 25 42 9 28 17 48 44 16 49 37 22 13 40 18 1 20 19 29 26 46 4 10
682 53 2 11 14 5 32 20 19 8 39 6 33 7 44
683 286 0 34 26 1 28 38 43 6 46 39 17 27 41 16 5 34 22 19 47 42 24 31 18 12 49 2 21 50 36 48 29 13 11 40 23 35
684 162 9 13 21 13 4 45 47 25 17 3 49 30 43 5 34
685 55 4 3 18 35 39
686 237 19 49 5 34 50 6 25 29 18 44 20 26 12 8 22 24 17 30 13 14 10 19 1 4 16 45 31 3 35 49 23 39 11 38 32 27 15 33 48 28 40 41 21 37 9 36 7 46 42 43 2
687 375 20 5 2 1 13 17 44
688 582 10 18 32 2 39 26 49 6 7 43 34 23 31 22 17 20 24 3 25 12
689 217 2 19 46 1 3 18 41 19 8 49 34 12 23 30 50 10 20 27 25 16 39
690 362 10 46 6 20 2 17 46 1 25 26 9 45 42 10 23 34 27 7 28 15 5 19 50 4 47 3 41 49 38 33 13 14 32 11 21 24 35 40 48 16 18 29 12 31 30 37 43 22
691 59 8 15 21 24 12 36 18 7 16 33 3 8 1 31 46 23 42
692 53 0 5 45 11 3 40 23
693 27 1 27 1 19 5 39 35 36 7 38 37 44 10 43 12 6 9 31 29 26 16 28 23 41 47 32 17 25 21
694 535 8 8 4 28 1 43 16 45 34 12
695 44 8 8 50 25 45 12 48 5 35 43
696 196 7 48 8 11 23 32 20 2 15 31 24 6 42 37 44 41 18 21 38 39 22 35 19 10 29 5 48 47 34 30 28 13 3 43 49 1 40 14 50 36 4 7 17 9 25 26 46 27 16 33
697 156 1 11 7 50 13 47 36 42 28 44 40 16 12
698 154 4 35 6 12 32 30 44 47 14 31 18 25 41 2 48 3 50 22 13 40 4 1 19 8 34 45 10 15 23 38 16 33 37 39 42 28 29
699 222 9 8 16 30 22 24 39 6 27 41
700 296 2 4 16 32 10 43
701 102 1 18 16 23 5 11 40 4 44 43 28 50 17 3 46 34 14 25 37 20
702 55 16 7 28 38 32 34 47 6 1
703 328 17 49 35 30 37 39 22 1 40 50 16 18 48 19 46 44 6 31 9 42 49 4 11 36 2 5 38 32 27 14 21 3 20 23 34 10 43 7 15 17 24 45 41 25 33 29 28 8 47 13 12
704 597 5 33 46 12 3 44 13 16 40 38 17 9 49 8 33 6 25 15 30 14 29 37 10 39 11 34 26 21 41 36 22 5 20 24 2
705 488 4 1 35
706 492 15 18 24 6 17 13 2 22 15 11 9 32 36 18 12 8 46 23 21 5
707 290 14 3 47 27 50
708 324 20 20 17 27 24 19 48 32 21 30 36 40 1 8 33 42 41 14 3 11 47 43
709 438 9 31 10 35 7 20 14 46 36 44 16 30 26 2 37 12 38 50 23 6 33 49 40 13 47 28 1 3 19 15 18 9 25
710 247 8 35 47 13 11 37 48 1 31 28 15 39 27 43 36 3 17 30 42 24 5 38 19 8 33 2 12 44 49 23 34 40 50 18 14 20 22
711 580 5 50 23 30 35 6 31 47 10 20 44 9 41 3 34 25 29 40 37 17 11 5 43 12 33 24 32 50 1 46 18 27 7 36 15 21 22 45 13 26 19 8 4 42 14 48 2 38 39 16 28 49
712 169 13 21 34 40 29 2 28 10 43 8 39 42 14 24 22 5 17 33 12 45 49 26 46
713 526 14 47 47 24 46 18 23 3 15 2 37 44 5 30 11 25 32 27 6 43 29 39 49 16 8 45 4 35 28 41 9 7 14 42 40 10 50 20 17 21 26 22 19 38 48 31 33 1 36
714 573 2 7 16 27 29 22 9 37 4
715 137 19 49 28 5 21 22 49 16 37 33 13 34 6 40 18 1 45 50 4 10 11 20 7 3 8 29 32 9 44 36 30 12 23 24 42 35 15 38 31 17 46 2 47 19 26 27 48 39 43 25 41
716 309 4 48 47 32 5 18 36 27 42 11 15 45 33 48 29 31 6 43 12 17 44 24 50 35 8 22 20 14 30 46 41 9 49 7 34 40 19 1 26 28 4 37 3 23 38 25 13 21 2 39
717 288 1 17 21 23 46 27 12 40 35 18 50 32 37 11 29 22 7 10 25
718 30 1 46 7 25 35 26 49 38 31 12 17 43 1 2 46 29 39 16 23 34 4 11 41 9 33 28 8 40 5 36 32 13 27 47 21 10 14 44 6 3 45 30 20 50 37 48 22 24
719 358 20 11 49 7 32 15 3 50 24 39 46 1 26
720 134 10 1 41
721 235 15 33 28 24 10 26 43 37 3 22 45 5 9 47 25 27 31 15 2 13 41 46 49 4 39 6 32 33 21 8 42 19 30 44 11
722 490 10 23 3 36 26 33 30 13 35 22 9 42 10 18 14 1 7 46 34 11 37 41 29 45 28
723 491 6 45 13 19 47 46 40 30 18 29 1 9 35 3 44 11 48 5 20 39 45 7 16 50 38 27 22 43 2 6 21 37 28 31 26 10 49 34 4 42 12 41 24 8 33 15 32
724 232 13 1 39
725 131 20 27 34 13 19 42 7 39 47 32 4 41 12 38 31 28 5 1 16 48 22 46 23 29 25 36 45 9 24
726 71 18 14 23 3 42 37 29 16 40 4 28 12 11 43 48 10
727 211 12 19 22 39 26 45 38 11 2 32 19 43 15 37 40 12 4 24 42 34 36
728 71 16 40 5 47 30 22 43 17 44 11 16 12 3 41 37 23 36 24 21 14 49 15 50 13 32 34 42 18 4 19 7 28 10 39 38 8 6 35 25 1 27 20
729 289 15 5 18 36 20 42 4
730 307 11 47 41 36 50 12 17 21 42 8 35 29 19 10 22 3 13 4 2 18 48 39 20 16 28 23 40 33 25 27 37 15 46 31 47 7 34 26 32 5 30 14 1 38 49 9 45 11 43
731 558 6 4 46 1 40 42
732 399 8 50 23 36 13 37 39 22 29 18 26 17 5 3 12 41 33 31 20 28 47 27 19 7 1 10 42 2 46 9 50 4 43 14 44 48 24 35 30 34 40 45 11 6 38 15 8 16 49 32 25 21
733 560 1 45 48 8 13 16 38 33 14 43 6 17 29 35 18 1 34 32 40 5 37 47 44 11 23 31 15 2 27 19 12 36 20 10 7 22 28 4 21 49 3 41 9 26 24 39 25
734 351 10 31 33 24 16 13 1 42 4 25 6 7 11 41 8 44 2 49 19 36 28 15 30 17 9 32 3 5 38 21 26 18 12
735 46 14 38 15 47 23 16 40 20 1 24 33 27 30 8 35 5 10 39 31 32 49 42 29 17 36 50 41 7 37 48 21 12 34 25 45 38 19 22 11 9
736 437 8 15 1 33 2 44 12 26 29 35 47 25 9 22 24 4 13
737 277 12 3 15 48 37
738 319 2 39 18 19 50 43 30 7 32 11 12 5 26 33 40 13 20 28 36 49 15 48 41 34 3 39 8 38 21 16 35 6 42 10 2 1 37 47 4 46 17
739 599 13 8 10 5 34 32 6 27 19 14
740 581 1 26 33 31 45 41 25 30 43 6 1 9 5 50 44 28 20 12 15 10 40 35 27 8 24 16 2 19
741 410 4 31 17 6 2 32 48 7 3 14 38 27 37 35 33 25 1 47 50 12 28 21 15 13 24 30 46 22 5 26 16 40 41
742 370 0 16 40 43 17 13 33 36 6 5 44 7 22 14 20 27 35 30
743 55 20 11 41 13 2 22 8 30 6 35 44 27 49
744 296 13 31 11 13 28 6 21 23 43 39 9 50 25 5 45 20 17 38 36 49 26 44 30 33 7 32 19 41 10 3 40 4 31
745 183 1 12 26 46 9 27 21 18 34 17 32 43 22 40
746 70 6 23 18 34 44 5 39 9 43 4 37 38 3 32 48 33 30 21 49 26 46 45 23 12 47
747 63 16 26 21 10 9 33 2 39 46 42 43 1 5 11 41 22 3 49 15 28 24 45 50 47 31 12 35 7
748 10 1 34 7 15 11 1 8 5 9 36 39 24 26 21 12 44 43 19 37 18 47 40 20 46 42 3 48 41 17 13 35 14 34 30 6 4
749 596 4 12 48 4 41 17 35 30 37 25 38 20 39 40
750 590 2 42 37 34 44 24 3 28 9 30 16 38 15 4 18 7 27 33 46 42 32 14 6 25 40 20 12 17 31 22 35 11 2 48 29 23 49 50 13 8 1 43 19 5
751 226 18 19 3 29 23 11 42 13 24 26 36 43 39 37 48 5 21 2 20 35 27
752 242 10 43 43 6 41 48 12 30 25 50 40 47 4 18 31 33 1 45 2 16 22 15 35 46 39 42 19 14 27 8 20 49 11 3 32 24 17 13 37 9 10 5 36 38 26
753 196 17 42 45 40 17 14 28 22 15 16 29 13 4 34 50 18 39 21 1 30 48 37 47 38 35 3 33 20 7 32 36 44 25 27 46 41 9 31 2 42 5 10 23 6
754 454 10 29 23 4 27 48 38 49 19 40 26 36 35 34 47 24 17 10 21 2 22 30 25 3 18 11 5 42 29 39 33
755 103 6 36 27 1 31 39 2 42 23 43 47 40 44 6 11 29 26 24 28 8 33 3 5 35 18 22 14 13 36 49 21 38 41 19 15 32 37 4
756 544 6 46 25 27 44 11 5 2 21 34 35 48 31 8 13 14 7 42 47 16 3 23 10 15 17 38 19 20 6 9 1 29 37 26 32 43 45 4 46 40 33 50 18 49 24 30 41 22
757 272 2 23 28 33 32 14 5 6 40 24 47 45 29 18 8 41 46 38 34 35 16 21 37 26 15
758 281 15 5 4 25 23 41 39
759 147 1 32 26 8 13 46 12 17 39 40 19 5 3 47 21 48 25 29 45 32 9 6 35 50 27 1 14 24 20 22 23 28 37 16
760 214 20 14 29 2 21 16 31 3 36 12 33 19 47 17 50 25
761 381 3 24 24 15 11 2 34 12 6 50 10 26 31 17 47 25 45 32 46 37 36 27 22 9 23 48
762 49 19 4 13 14 9 18
763 195 9 16 4 6 47 31 25 2 48 29 33 9 12 24 3 28 14 46
764 269 20 47 43 49 3 37 20 50 17 23 8 21 26 29 38 22 1 33 12 31 5 28 11 44 19 18 46 14 6 7 27 39 41 2 15 48 35 45 9 4 10 40 25 36 42 34 24 32 30
765 41 16 27 23 48 36 46 11 17 12 18 33 24 3 40 4 25 2 47 29 1 45 32 8 42 41 14 35 34 10
766 301 20 39 7 15 8 9 25 10 39 18 45 50 47 23 20 13 36 27 4 34 48 37 17 1 38 12 33 43 6 14 29 16 26 2 22 30 3 46 11 32 5
767 405 2 47 35 19 17 13 49 5 22 37 36 20 34 27 48 42 47 41 45 25 24 31 16 2 7 40 8 15 26 9 30 33 10 28 4 32 29 39 21 3 11 46 12 44 6 1 43 14 38
768 510 13 39 13 24 37 2 30 49 43 46 11 39 48 3 29 10 40 12 8 14 23 27 34 15 35 31 44 19 1 50 45 17 32 28 26 7 4 5 25 42 41
769 429 9 31 37 11 3 7 40 10 30 44 49 1 41 17 8 42 12 6 50 31 22 45 28 14 36 35 21 32 25 16 13 48 46
770 348 15 13 28 48 13 18 45 1 26 5 27 2 50 33 35
771 462 13 37 31 13 39 21 32 18 40 20 12 33 42 4 16 35 15 29 27 3 14 47 24 23 7 10 49 37 30 43 5 44 25 45 19 26 48 9 38
772 292 14 39 11 41 32 43 27 26 20 6 2 9 39 37 15 45 22 1 36 50 16 47 38 19 23 42 29 8 49 17 34 28 40 24 30 21 31 18 3 7 25
773 192 14 14 1 15 20 23 34 44 13 2 50 5 40 7 33 36
774 268 13 43 46 29 10 38 22 49 1 32 3 37 34 45 5 6 13 20 50 8 14 15 12 48 41 24 44 9 28 4 42 23 16 31 30 36 19 26 33 7 43 47 25 27 21
775 205 0 12 29 24 5 49 25 40 1 47 33 21 11 45
776 561 0 33 36 46 41 45 11 34 28 18 22 3 19 14 5 42 6 29 27 26 20 38 9 33 30 31 48 12 24 35 17 16 21 15 47
777 124 19 26 9 39 8 3 35 1 14 13 27 7 6 12 42 11 34 40 38 20 29 49 25 43 16 21 23 32
778 539 1 32 42 50 41 44 20 40 8 21 15 37 6 28 3 48 14 27 49 46 31 29 36 32 16 34 47 33 35 39 4 7 2 43
779 176 17 18 50 18 20 29 32 17 41 21 19 23 38 10 25 13 11 5 39 31
780 66 4 4 19 44 47 20
781 216 0 39 33 11 13 28 2 39 16 45 35 40 20 50 34 23 32 30 17 25 9 27 21 43 10 31 8 42 18 48 12 26 1 19 24 46 22 6 14 37 47
782 131 5 16 34 22 43 11 49 42 1 36 37 8 6 21 14 38 13 39
783 429 7 28 48 23 35 25 12 41 8 45 46 21 14 40 34 32 5 19 4 3 39 29 28 24 1 16 37 47 20 50
784 561 18 44 10 29 8 39 49 41 22 35 15 17 20 31 9 14 37 45 4 19 1 38 32 13 25 28 12 34 44 7 36 33 48 16 30 21 5 42 11 3 23 27 26 50 43 40
785 589 0 36 48 24 31 38 45 16 50 9 40 15 7 32 28 19 3 10 34 37 4 46 33 6 2 26 17 49 27 18 21 44 13 42 47 30 36 14
786 565 12 8 27 10 15 50 24 26 19 3
787 354 7 38 6 39 22 10 35 27 30 38 42 31 24 29 4 3 5 14 46 26 25 11 28 16 19 2 47 41 45 7 49 13 40 23 44 37 9 36 21 50
788 560 8 24 2 22 45 50 40 25 10 11 29 18 30 20 9 34 36 47 26 1 39 28 41 21 38 46
789 265 9 14 43 29 48 30 16 28 27 15 20 40 2 49 9 38
790 394 6 48 12 23 5 17 22 33 45 49 38 35 26 6 37 27 20 16 43 42 10 46 39 47 44 36 1 34 31 13 30 19 7 40 21 32 28 8 29 25 18 4 41 15 3 9 2 50 48 24
791 253 5 20 5 7 29 33 10 20 35 47 17 31 15 49 36 42 34 25 39 26 18 32
792 196 14 48 21 17 11 29 48 39 41 28 5 2 23 22 43 4 10 36 15 47 37 6 30 8 27 12 34 50 1 31 44 16 3 26 24 45 20 7 35 32 19 38 25 18 42 9 14 13 46 40
793 69 7 46 13 18 34 42 4 27 44 17 16 1 28 5 26 8 23 30 43 46 37 31 38 47 49 6 14 35 41 32 39 40 10 22 21 3 19 9 11 25 20 24 48 15 12 29 2 45
794 243 12 6 7 50 47 43 3 46
795 397 16 1 15
796 25 10 15 34 8 45 47 44 27 20 50 15 46 48 24 25 11 16
797 368 0 16 37 13 46 12 47 18 27 19 10 30 35 50 22 43 32 20
798 272 10 40 11 48 4 20 19 36 45 15 24 46 8 30 26 44 27 42 32 34 12 47 40 50 37 49 43 5 22 38 21 6 33 13 9 28 3 23 1 14 17 18
799 477 13 22 1 17 7 29 20 38 19 25 27 46 12 48 21 23 14 24 43 45 10 15 33 5
800 390 0 34 24 21 31 3 15 12 28 45 25 22 38 17 35 5 23 50 26 8 42 11 2 41 32 37 44 49 43 34 16 46 4 47 9 1
801 285 6 11 37 11 18 28 45 23 9 47 35 29 24
802 164 12 34 49 30 2 34 39 12 1 21 13 29 18 6 26 19 45 31 17 15 7 16 23 10 3 8 35 50 5 36 4 28 11 38 37 20
803 423 11 10 2 9 29 6 32 33 17 48 15 39
804 473 11 28 49 37 25 32 11 29 1 28 41 26 42 33 15 22 6 30 3 27 7 4 12 20 16 18 17 50 36 44
805 220 16 36 32 47 37 20 8 26 35 16 18 41 31 45 12 36 34 9 22 21 13 17 11 50 42 40 10 29 23 2 43 3 25 33 7 46 28 5
806 199 17 3 50 8 36
807 269 10 11 13 32 31 44 18 28 19 22 20 33 39
808 538 14 37 9 19 37 13 31 46 1 29 47 39 6 44 23 45 32 12 27 49 14 7 18 16 8 21 10 24 43 50 36 5 26 34 48 20 3 22 15
809 148 6 1 8
810 345 11 18 49 31 7 28 4 44 11 8 34 2 18 10 25 22 37 46 23 20
811 564 6 33 45 40 39 17 48 26 32 42 20 36 7 11 6 5 15 49 9 33 16 30 14 46 24 2 27 13 10 12 19 44 35 38 25
812 292 11 30 19 47 31 9 6 50 46 15 10 14 12 49 13 26 8 1 16 2 45 38 39 29 43 27 28 22 42 4 44 20
813 78 11 46 13 27 39 7 48 21 40 18 9 35 4 19 30 44 10 37 14 50 1 16 12 46 29 2 41 38 11 34 22 28 43 42 31 26 17 5 25 47 8 45 24 20 3 33 32 15
814 142 4 37 49 32 6 9 22 40 15 4 3 27 46 44 10 21 29 39 5 12 1 7 41 35 30 45 14 28 17 20 31 23 42 33 43 38 16 25 50
815 448 2 47 20 48 33 9 50 5 42 35 39 11 28 22 40 6 49 27 15 38 4 31 14 16 46 34 32 41 25 21 29 7 8 45 19 12 36 43 44 24 30 1 26 3 37 2 18 10 23
816 305 0 28 22 36 1 49 33 7 41 9 50 13 23 29 25 2 14 32 10 12 11 16 18 45 38 20 19 17 30 15
817 414 14 40 15 8 22 16 37 41 4 47 49 2 6 28 32 7 43 14 24 1 38 27 23 21 9 35 29 33 36 31 3 26 48 12 10 44 13 39 40 5 25 19
818 152 18 2 29 33
819 205 7 14 41 23 26 37 19 10 1 29 31 14 40 45 11 27
820 143 11 31 46 13 24 37 21 27 20 33 47 39 11 2 15 49 29 38 32 23 31 9 3 25 4 8 45 48 19 22 36 41 5
821 111 17 22 42 49 8 18 17 24 25 13 6 48 26 2 28 23 12 47 37 31 29 27 32 43
822 355 1 17 27 48 36 11 38 47 44 13 15 41 20 37 31 43 34 7 25
823 142 12 29 21 6 30 27 14 11 20 40 19 15 24 2 13 17 3 9 18 10 32 5 33 12 38 16 23 31 35 46 39
824 381 0 48 18 9 19 3 12 10 14 50 13 30 49 21 2 37 1 32 27 15 17 44 45 31 38 46 4 6 33 42 36 7 16 48 25 5 35 24 28 43 47 41 22 29 11 8 20 26 40 34
825 306 0 33 34 42 47 5 36 16 44 12 45 29 46 40 35 19 10 28 4 48 41 31 11 13 43 25 23 24 15 49 8 18 26 21 17
826 525 11 32 21 41 1 19 47 30 18 34 44 3 10 24 38 28 45 2 27 13 39 17 48 35 25 22 15 14 42 36 46 7 32 33
827 229 7 3 33 35 42
828 391 6 5 33 3 37 16 31
829 290 19 26 24 32 50 25 19 44 35 28 1 6 9 14 37 3 17 38 48 20 2 36 13 26 27 29 39 40
830 232 0 36 36 18 45 23 40 11 12 27 19 46 50 1 15 22 6 37 49 30 14 33 4 29 34 28 25 38 21 47 2 9 35 17 41 8 16 10
831 357 14 6 43 49 26 8 22 50
832 447 18 24 38 13 6 50 36 3 2 10 5 19 49 47 31 4 27 45 21 14 26 11 8 41 35 44
833 276 2 48 40 43 4 21 9 2 24 36 29 37 48 28 39 19 33 38 14 11 6 34 22 50 13 26 32 20 17 12 27 8 25 49 46 31 5 18 10 30 3 7 15 35 23 45 1 42 47 44
834 452 18 28 38 45 8 12 33 14 32 21 19 20 43 18 1 23 11 34 13 26 41 3 29 2 10 46 49 9 37 44
835 588 13 9 22 38 28 37 46 1 6 50 40
836 491 20 15 7 1 16 49 14 36 10 4 39 46 50 25 28 27 21
837 598 17 24 24 15 33 37 48 43 35 18 12 49 26 28 13 23 34 4 2 32 44 29 25 3 8 1
838 218 10 28 16 32 1 12 36 2 24 17 5 3 22 11 19 39 7 45 27 13 21 4 38 49 48 25 29 41 43 6
839 50 7 40 7 27 25 2 46 49 17 21 6 30 18 8 43 45 5 11 37 26 20 4 39 50 15 9 22 47 10 32 41 19 23 33 24 12 28 31 38 44 3 40
840 437 6 37 6 18 38 9 5 29 44 26 31 39 35 27 22 34 10 36 21 14 50 11 43 32 24 49 12 46 3 40 41 47 20 4 7 15 13 8 33
841 547 11 32 24 47 16 3 37 22 12 40 21 32 9 23 30 10 6 13 15 50 7 20 45 46 14 26 19 28 18 1 25 41 34 17
842 143 10 8 34 24 50 2 32 35 36 9
843 267 11 45 46 27 34 2 47 33 14 6 13 22 32 36 21 11 25 31 16 17 28 42 43 48 49 5 39 44 7 20 10 35 8 41 3 30 9 38 19 50 1 26 23 12 45 4 18
844 566 14 18 4 33 32 30 18 6 10 50 24 46 2 35 12 5 3 22 11 44
845 174 7 29 50 43 8 9 32 29 5 33 34 25 26 6 31 41 42 48 1 24 20 39 15 12 7 23 11 27 19 44 28
846 511 13 35 37 7 23 24 14 12 1 5 29 43 39 45 40 38 42 18 20 36 27 6 10 26 48 50 9 33 15 49 21 3 35 46 4 2 22
847 427 14 14 6 31 27 1 22 8 49 39 50 9 36 47 45 21
848 145 0 26 10 32 18 21 23 24 9 5 19 15 35 47 45 25 41 2 26 8 11 31 40 28 3 30 37 1
849 541 17 2 13 12
850 142 11 33 39 25 47 46 45 17 4 15 32 36 19 50 7 35 42 20 9 28 1 44 49 43 31 18 13 11 5 12 3 16 21 33 27
851 403 4 9 42 27 15 7 43 18 33 16 8
852 287 0 20 19 20 15 10 50 29 12 16 44 24 28 48 14 42 1 6 43 11 7 22
853 562 15 44 13 8 46 5 44 45 47 12 28 14 49 35 9 32 20 23 25 33 43 22 4 3 1 7 40 50 6 42 27 41 30 39 37 38 10 2 26 48 34 21 19 15 11 36
854 259 11 39 27 48 5 12 20 11 7 6 45 21 13 34 18 26 2 32 43 28 1 44 42 4 40 39 3 10 47 23 30 38 49 25 19 9 15 46 24 36 41
855 569 16 10 24 12 18 2 10 3 22 13 1 47
856 312 7 3 50 14 12
857 242 12 33 12 20 33 39 24 1 2 9 46 40 16 36 48 18 28 45 47 15 32 23 35 42 8 7 10 37 13 14 19 34 11 30 3
858 353 3 17 35 3 48 46 21 43 8 6 9 45 41 5 47 28 17 31 50
859 223 6 7 7 6 2 28 21 16 22
860 180 8 48 48 2 39 13 43 21 50 42 5 23 12 25 10 47 27 31 4 7 45 22 24 26 30 15 1 14 38 19 33 41 6 29 8 28 16 40 9 3 32 18 49 35 34 20 37 36 17 46
861 572 19 27 36 11 8 44 13 22 25 40 35 29 3 6 18 19 21 50 33 24 1 4 17 23 43 48 47 2 49
862 284 1 26 19 22 21 1 46 42 3 12 37 39 28 18 26 20 50 40 17 25 35 41 49 6 2 36 45 43
863 19 6 42 24 28 13 49 33 36 16 17 9 27 50 34 1 25 31 19 8 29 47 41 44 14 6 18 22 21 37 32 3 5 7 15 26 2 30 35 11 23 4 20 48 12
864 372 2 42 45 35 9 41 6 17 46 33 13 21 3 7 28 32 8 42 12 29 10 39 27 22 11 26 34 36 30 14 1 44 43 15 18 24 49 47 5 37 23 48 4 25
865 337 1 42 45 27 4 40 38 48 5 50 21 46 43 9 28 25 41 36 1 24 31 10 16 15 19 6 33 30 42 13 29 34 20 17 35 3 26 7 44 47 2 23 49 14
866 390 18 19 35 27 14 4 24 47 12 36 2 44 21 43 11 22 34 39 40 38 46
867 325 19 44 3 40 25 11 7 29 4 20 30 47 27 33 50 6 46 45 1 41 9 12 44 34 21 49 22 35 24 39 28 13 23 18 2 43 37 19 14 26 16 5 32 38 10 48
868 496 2 23 36 34 4 6 33 35 3 24 50 31 29 42 39 21 43 11 30 41 10 7 14 28 22
869 28 20 44 48 24 34 1 9 20 21 5 49 31 16 8 11 32 17 15 41 28 37 13 7 30 14 46 19 4 10 18 27 39 42 6 43 45 35 50 26 25 2 29 36 47 44 38
870 284 10 8 36 33 27 45 13 2 8 12
871 317 11 17 50 46 36 11 19 27 49 8 45 32 17 12 40 39 25 21 22
872 586 11 43 3 2 14 11 41 34 27 22 46 39 30 16 40 8 21 42 10 12 45 17 7 33 5 1 26 20 47 35 13 9 18 50 6 37 25 4 36 38 44 31 29 23 43
873 472 1 49 14 28 42 34 27 45 12 20 1 23 16 43 9 39 6 8 32 40 31 50 7 30 49 21 35 18 11 37 3 36 46 29 38 24 13 44 10 47 2 26 15 4 5 19 17 41 33 25 48
874 10 14 15 13 1 29 22 12 11 34 10 33 24 6 43 48 37 49
875 348 2 18 20 29 39 42 46 40 19 11 47 10 16 3 5 9 38 28 27 18
876 569 7 48 23 25 36 5 28 10 38 44 17 2 16 4 12 40 47 3 27 1 21 19 49 32 43 8 46 13 33 30 35 50 26 11 15 31 22 20 37 45 39 29 9 42 24 14 41 18 48 6
877 123 1 44 31 9 2 44 38 4 7 23 47 11 30 6 5 39 28 8 25 16 49 45 50 18 13 22 41 48 12 19 33 10 35 24 46 37 40 36 43 21 14 1 3 26 29 27
878 270 5 32 20 9 47 29 44 42 23 31 13 24 22 35 8 34 7 36 18 21 37 11 28 30 17 1 33 4 39 40 19 16 12 27
879 426 6 5 50 27 9 46 1
880 531 19 24 42 48 25 13 16 10 22 19 32 20 30 37 9 12 11 35 5 23 4 34 28 41 39 3
881 112 13 25 2 17 7 8 36 38 48 9 23 29 45 47 14 39 42 31 4 1 19 40 12 41 37 6 11
882 140 8 22 31 32 36 11 16 8 42 48 43 40 7 41 2 35 23 13 22 38 15 28 44 25
883 513 7 43 29 23 1 13 40 4 2 43 6 14 25 20 16 5 37 49 35 28 3 15 21 46 38 9 19 10 31 17 39 47 12 18 42 45 11 26 30 7 41 48 33 32 36
884 176 19 9 23 45 1 26 50 32 7 25 37
885 344 14 3 17 38 21
886 483 15 33 46 24 38 32 37 34 18 4 41 10 40 47 44 43 8 7 30 5 17 39 29 31 33 26 45 50 19 23 25 42 36 28 3
887 567 16 32 27 8 24 40 33 28 34 42 32 30 5 21 6 7 12 3 37 22 14 38 2 26 18 1 19 48 20 10 35 16 9 50
888 160 11 31 41 19 42 40 37 18 49 44 13 22 25 9 4 28 2 12 5 20 27 21 30 23 16 46 32 43 3 47 31 34 17
889 414 0 44 47 49 15 46 45 36 25 7 35 20 34 17 1 26 13 4 50 16 8 11 31 3 23 48 10 22 28 29 2 18 14 24 30 42 44 6 38 9 21 12 33 43 32 27
890 551 1 42 9 22 32 36 23 34 43 44 11 5 1 29 17 6 33 8 15 47 39 42 25 50 16 38 13 12 37 31 20 14 3 27 30 10 2 49 18 41 35 45 24 26
891 78 15 32 27 14 16 29 42 24 4 17 3 1 38 5 37 7 6 25 33 48 45 39 30 40 8 12 28 18 15 34 32 49 13 11
892 257 6 34 14 21 15 32 37 11 22 36 35 5 33 27 17 7 41 44 10 3 48 40 49 18 31 9 46 12 20 47 28 13 16 42 29 8
893 558 13 2 22 16
894 567 14 6 13 45 16 8 3 26
895 470 19 49 28 27 7 32 2 1 37 49 40 9 24 50 30 11 14 39 16 19 3 47 10 6 34 4 23 18 45 17 20 5 41 31 42 8 38 21 35 22 29 48 25 12 36 33 43 26 46 44 13
896 598 19 4 46 47 44 16
897 592 5 32 8 16 26 6 10 3 41 45 37 22 24 27 33 48 42 13 43 28 11 20 40 39 35 2 49 21 32 18 5 23 12 30
898 150 10 7 32 43 11 39 14 41 9
899 271 10 28 42 44 40 38 47 10 30 41 14 15 49 25 9 5 20 35 37 46 17 8 43 2 45 21 16 32 28 48
900 331 14 12 12 45 17 26 39 42 37 1 5 11 20 23
901 172 7 31 24 4 40 42 28 10 34 18 8 17 46 48 49 36 5 3 29 13 11 2 45 33 38 7 32 22 44 43 6 14 31
902 131 9 25 22 3 17 41 18 35 20 2 5 44 31 33 4 36 16 45 11 15 1 24 43 46 26 47 25
903 342 19 3 23 18 2
904 62 14 18 42 27 8 34 20 16 39 29 47 23 30 28 37 22 50 24 18 48
905 495 10 26 11 35 25 34 24 9 47 39 43 14 4 33 19 7 49 45 41 32 1 15 22 37 36 31 40 8
906 39 14 9 24 50 30 29 16 23 42 25 5
907 575 5 26 36 9 30 8 44 23 21 47 33 25 22 13 24 18 39 32 43 49 2 40 35 12 37 26 34 29
908 43 19 42 41 40 49 36 39 29 16 20 12 11 46 47 32 31 9 26 24 42 30 8 10 15 18 33 38 27 23 5 6 44 45 2 50 21 17 34 48 4 25 19 1 3
909 326 8 49 3 33 43 34 5 15 9 39 37 6 19 4 10 12 27 46 28 8 48 26 21 49 40 38 41 50 42 7 44 36 45 11 35 32 20 14 23 17 16 24 1 2 22 47 29 31 25 30 18
910 553 13 6 47 12 29 40 9 31
911 92 14 43 36 35 28 2 47 4 31 21 37 24 46 29 14 18 33 1 23 43 15 38 42 49 8 9 3 44 45 6 50 11 26 27 16 30 17 20 39 7 5 22 41 48 19
912 596 16 28 13 32 27 43 30 17 47 21 8 24 9 5 3 15 29 7 31 19 18 33 28 40 23 36 16 46 49 2
913 340 19 46 8 30 36 22 6 4 50 29 48 37 18 5 42 43 15 39 34 11 35 44 20 32 40 7 2 46 21 3 12 45 10 26 33 25 19 14 27 1 13 28 41 9 49 24 47 31
914 408 12 9 18 1 6 26 31 25 5 40 23
915 543 5 47 48 41 4 7 8 31 30 35 29 13 3 25 15 44 26 50 47 2 49 38 16 45 9 43 12 24 18 19 28 46 5 1 37 39 33 14 21 11 32 42 34 17 22 10 23 27 6
916 294 1 3 40 42 32
917 250 12 32 29 10 42 26 43 28 12 47 50 34 39 8 14 24 2 15 7 32 44 36 31 48 41 20 18 16 35 21 46 30 1 37
918 156 13 34 7 23 41 33 49 20 45 11 9 15 21 16 42 5 4 31 43 32 27 10 35 37 30 50 18 46 36 14 34 1 48 40 22 28
919 71 16 39 20 5 15 26 13 10 38 24 8 39 34 1 23 2 12 50 47 44 11 14 22 27 45 25 17 29 43 28 48 32 3 18 9 6 31 40 7 33 37
920 176 0 25 14 42 31 6 45 12 41 17 32 15 35 7 48 5 34 10 18 44 24 26 50 36 1 27 11
921 193 15 32 16 5 49 27 32 33 25 4 14 35 15 31 29 23 50 30 26 21 13 11 8 3 43 42 10 24 44 38 1 28 46 22
922 416 6 16 18 22 31 35 5 3 39 8 6 1 42 23 13 7 28 37
923 52 17 23 20 13 18 5 28 6 25 2 8 4 17 16 30 41 48 50 43 46 15 33 3 38 47
924 113 8 24 18 46 40 47 33 27 44 15 35 22 10 49 26 3 36 25 9 28 38 42 31 32 7 50
925 78 20 7 13 30 45 15 41 38 32
926 596 8 50 48 20 2 27 10 32 47 7 35 45 41 46 34 18 43 19 33 24 6 38 25 5 23 50 39 29 17 12 9 28 1 14 42 26 49 40 16 44 15 22 11 13 3 8 21 4 36 37 31 30
927 512 19 33 7 40 25 49 8 4 5 24 15 21 35 23 44 10 39 1 14 18 31 46 2 34 16 29 33 43 3 36 45 26 32 48 12
928 352 2 18 17 28 44 43 14 21 11 3 32 13 12 33 49 6 45 18 35 34
929 448 1 41 27 37 14 4 22 24 36 38 48 42 49 19 17 45 50 1 35 34 23 26 5 20 2 43 33 29 16 40 8 15 39 18 31 28 6 11 44 30 46 25 13
930 180 18 47 38 34 14 3 35 6 41 22 33 48 26 36 40 30 27 7 21 32 9 44 24 8 42 49 39 29 12 31 16 37 25 23 46 20 18 4 2 43 47 17 19 11 50 1 45 13 5
931 355 14 11 10 2 25 44 45 1 5 20 4 42 46
932 18 18 37 25 31 3 9 10 35 40 42 4 49 36 28 7 15 47 18 6 19 33 44 27 14 26 11 37 17 50 23 22 41 48 45 39 21 2 13 5
933 352 12 33 3 26 44 19 28 16 34 4 47 27 39 45 11 30 31 15 17 23 5 36 14 38 50 22 37 35 42 25 48 12 29 24 46
934 367 14 36 36 12 45 26 22 16 49 40 37 3 29 13 47 24 11 4 18 21 46 19 10 33 14 44 17 6 38 30 8 35 31 5 27 32 15 43
935 550 15 43 2 46 29 39 35 12 33 26 8 18 48 32 16 9 43 38 21 4 44 1 14 7 36 41 25 28 13 6 23 37 42 10 5 15 3 47 49 17 45 40 19 11 30
936 268 15 45 25 38 18 30 3 34 40 2 6 22 13 26 43 19 8 44 48 16 10 14 9 11 49 47 20 17 32 27 45 50 21 42 28 1 7 23 12 4 31 5 46 39 35 37 33
937 443 0 33 39 25 21 40 47 38 48 13 11 2 4 9 36 7 50 42 1 10 12 16 6 31 15 46 17 41 18 29 44 5 34 35 19
938 173 19 34 15 7 8 25 30 41 37 33 6 35 10 23 50 3 32 9 21 12 20 39 36 40 1 45 38 27 24 22 48 16 2 28 43 18
939 542 0 2 33 30
940 206 18 8 50 11 25 3 24 31 32 29
941 560 11 44 19 16 10 5 46 36 4 39 41 9 11 34 32 43 7 27 31 2 28 50 20 8 42 30 14 17 21 44 12 38 29 25 24 33 13 15 35 40 26 3 49 47 45 18
942 318 6 10 23 7 24 43 16 12 50 6 33 3
943 560 13 38 29 5 43 30 48 20 28 7 16 33 32 47 23 11 4 31 44 13 10 34 2 27 40 14 18 49 3 42 35 17 36 1 26 6 39 50 19 41
944 172 14 10 2 29 8 34 37 21 10 19 42 13
945 583 6 8 38 37 46 34 48 32 24 4
946 362 14 49 39 30 16 8 17 49 45 43 41 21 13 15 22 3 27 1 36 34 37 10 23 25 5 9 7 18 12 50 47 19 2 24 48 28 32 14 42 20 29 26 11 4 35 33 44 38 46 40 6
947 171 0 37 2 18 12 32 11 40 31 33 15 4 35 1 23 14 7 37 42 22 26 8 39 9 13 46 10 27 16 47 19 6 28 21 41 44 3 48 49
948 193 0 46 27 5 18 12 22 15 4 45 1 41 21 28 9 38 33 43 14 50 23 17 25 42 29 39 8 34 26 47 16 31 32 6 11 44 37 10 36 7 3 35 24 2 48 13 46 20
949 264 12 15 2 17 33 13 23 26 25 9 35 21 42 39 14 8 31
950 512 6 6 41 28 16 5 11 35
951 237 19 3 1 9 19
952 387 14 37 41 35 2 10 46 23 28 30 7 44 9 37 33 50 16 25 27 43 47 13 42 40 3 29 22 45 48 34 1 15 17 5 11 6 36 8 38
953 543 6 3 43 50 45
954 45 3 9 25 41 23 4 13 3 18 11 19
955 77 13 28 5 40 11 33 38 22 17 1 30 10 39 44 36 45 9 16 6 49 35 3 18 24 21 7 34 27 43 37
956 362 14 34 11 28 8 13 23 18 30 45 14 20 37 33 2 35 6 29 26 5 48 3 21 1 16 19 27 39 43 49 25 10 50 17 40 24
957 370 6 22 17 19 25 14 38 12 16 29 31 18 45 46 23 33 37 1 43 8 22 21 39 34
958 161 4 5 20 8 2 13 27
959 448 19 36 17 28 16 40 14 43 19 45 31 24 9 25 44 35 48 20 36 13 4 34 2 7 37 41 23 3 39 11 10 26 47 6 49 29 32 30
960 367 4 3 18 8 46
961 231 7 49 5 19 9 16 18 37 6 7 21 36 46 49 17 45 47 30 22 24 39 32 41 43 35 27 4 23 50 12 26 40 11 2 33 14 1 13 25 44 3 31 29 8 15 48 28 42 34 10 20
962 108 20 6 12 33 20 44 19 42
963 147 7 6 30 23 44 29 47 35
964 382 14 2 16 34
965 204 10 44 3 13 18 29 42 32 23 24 14 5 9 37 43 26 38 10 36 6 19 17 12 27 50 11 4 30 7 40 49 46 34 1 31 16 39 41 21 15 44 45 47 22 2 25
966 595 2 44 3 27 42 21 5 44 22 18 20 12 24 35 32 46 48 49 16 43 23 45 15 41 13 47 29 37 14 8 1 19 30 2 28 50 34 38 9 33 6 26 7 4 31 40
967 270 13 28 28 39 32 12 46 31 17 23 10 4 34 47 11 8 13 30 16 41 38 43 24 18 20 15 33 2 21 27
968 337 16 16 31 25 16 39 35 24 26 32 7 50 1 5 14 6 19 30
969 114 13 43 2 29 48 4 50 36 27 1 19 43 26 8 6 42 25 20 24 33 28 18 44 22 16 14 30 12 46 3 17 11 9 47 38 5 23 31 39 32 34 45 10 35 15
970 158 15 45 14 45 10 24 3 49 30 2 38 42 36 27 28 41 13 50 31 29 35 33 34 37 7 6 18 23 32 16 22 25 40 46 11 1 8 12 17 9 26 19 15 20 43 48 39
971 90 13 16 43 3 31 46 11 32 28 33 44 37 30 50 6 15 40 9
972 436 12 3 7 17 4
973 24 10 36 25 18 9 29 38 40 21 32 6 8 16 31 28 50 1 27 36 5 7 22 15 3 10 46 47 37 13 24 34 30 19 49 14 39 26 41
974 456 4 10 39 15 34 36 12 48 29 32 33 8
975 497 11 44 2 36 20 49 12 1 37 16 13 41 44 3 27 25 23 24 15 48 46 19 7 50 9 4 21 11 18 35 10 5 45 38 43 22 26 31 14 30 8 42 6 29 34 33
976 273 18 36 20 46 22 18 7 39 14 15 37 28 10 6 17 24 27 26 34 25 30 40 45 13 47 38 2 43 35 41 32 36 44 11 49 16 29 5
977 508 17 39 16 47 28 30 44 17 26 9 11 6 41 10 4 5 18 46 12 8 3 50 36 39 43 48 23 27 1 32 7 15 37 29 35 38 24 14 45 19 13
978 71 19 12 15 17 31 3 8 50 1 10 33 40 45 12
979 437 10 7 18 31 28 50 46 48 33
980 144 17 24 13 41 26 28 47 30 45 21 40 12 25 50 48 19 46 15 35 4 11 33 24 49 18 31
981 440 18 30 2 9 11 49 3 45 1 13 16 27 26 20 19 47 37 8 12 22 24 6 40 32 17 7 38 23 43 18 44 28
982 162 16 32 10 20 13 16 12 38 34 14 21 46 2 22 1 23 45 28 39 47 37 36 32 4 49 31 7 5 25 40 17 50 48 15
983 69 19 18 34 18 42 33 47 23 48 7 17 28 24 14 3 44 11 27 8 32
984 182 0 33 38 37 3 14 47 25 50 22 49 34 39 18 16 23 44 8 6 2 41 15 31 42 7 48 12 4 30 46 1 27 40 29 19
985 35 10 24 36 13 41 28 48 21 20 7 38 44 17 50 31 26 46 24 6 12 2 5 22 9 11 32
986 187 15 38 26 1 6 17 8 35 29 19 39 24 9 5 32 12 13 49 40 37 43 7 28 27 44 2 23 46 47 18 16 14 25 50 15 31 30 34 21 3
987 569 9 34 9 7 27 25 23 33 11 6 17 1 31 41 10 3 43 38 26 4 30 20 34 32 49 47 8 50 21 40 2 46 48 5 35 13
988 157 0 31 30 48 29 8 4 16 22 10 21 18 3 32 11 38 19 5 23 35 25 44 50 6 47 40 46 27 9 31 24 28 39
989 72 12 28 18 34 6 46 9 50 19 3 25 12 15 49 1 5 44 28 2 16 24 23 26 11 20 10 39 4 42 31
990 27 16 44 40 2 48 47 14 18 23 8 33 28 5 1 38 36 39 11 30 34 16 31 46 42 32 6 24 26 27 17 41 45 29 25 10 43 3 37 9 15 12 44 19 20 7 21
991 210 13 28 41 13 33 37 43 36 8 31 34 17 46 10 49 27 40 12 1 42 16 14 22 7 3 11 26 44 2 6
992 453 15 46 28 22 38 4 47 14 26 31 50 45 49 27 29 16 10 44 7 20 48 12 36 24 17 1 2 9 41 35 30 25 8 23 37 40 13 42 43 6 32 39 21 19 15 18 5 11
993 22 18 32 15 4 8 14 49 41 36 39 19 31 27 37 45 3 10 16 12 34 1 46 24 2 32 47 30 18 23 28 20 6 7 11
994 580 12 19 44 49 35 21 28 4 41 20 34 3 30 22 25 24 36 32 7 5 14
995 20 6 21 34 28 7 38 29 33 8 25 4 36 42 44 22 14 31 27 12 16 3 45 39
996 362 18 19 41 40 32 34 45 13 28 39 6 18 27 7 30 16 9 10 33 37 36
997 240 13 44 20 48 24 34 1 6 16 10 21 32 31 7 46 26 25 33 50 9 11 27 12 45 37 49 42 38 44 30 8 35 36 4 18 2 43 15 3 13 39 28 47 29 17 19
998 93 2 27 38 8 15 37 25 2 12 41 10 44 14 42 13 45 33 48 1 11 4 24 21 5 9 20 30 46 26
999 351 2 6 1 13 12 43 37 32
1000 450 0 22 33 45 47 34 6 4 7 43 15 46 44 13 5 49 20 2 10 40 22 1 32 14
50
1 1
2 20
3 4
4 18
5 11
6 2
7 15
8 8
9 15
10 19
11 13
12 18
13 5
14 9
15 9
16 17
17 13
18 13
19 19
20 9
21 9
22 18
23 12
24 6
25 15
26 12
27 12
28 13
29 15
30 6
31 13
32 8
33 5
34 2
35 9
36 20
37 12
38 13
39 7
40 14
41 6
42 3
43 17
44 6
45 13
46 2
47 16
48 18
49 18
50 17
30
1 1 10258
2 17 507
3 19 664
4 4 872
5 6 736
6 19 886
7 4 491
8 17 363
9 12 825
10 1 693
11 17 678
12 14 598
13 12 682
14 13 360
15 14 827
16 20 695
17 4 730
18 5 742
19 18 878
20 7 740
21 13 824
22 19 493
23 20 561
24 10 611
25 13 817
26 17 950
27 16 426
28 12 519
29 14 600
30 18 717
444
2 231
8 237
10 239
12 241
13 242
18 247
24 253
25 254
30 259
32 261
35 264
36 265
39 268
40 269
43 272
44 273
45 274
48 277
49 278
52 281
54 283
58 287
59 288
61 290
62 291
64 293
65 294
68 297
72 301
73 302
77 306
78 307
81 310
82 311
94 323
96 325
101 330
102 331
109 338
111 340
113 342
115 344
116 345
120 349
121 350
122 351
125 354
130 359
132 361
141 370
142 371
143 372
144 373
150 379
155 384
157 386
162 391
165 394
167 396
170 399
172 401
179 408
183 412
189 418
192 421
197 426
199 428
203 432
204 433
211 440
212 441
214 443
218 447
224 453
225 454
226 455
227 456
231 459
232 459
234 459
235 459
243 459
245 459
251 459
252 459
253 459
254 459
255 459
258 459
263 459
264 459
268 459
273 460
274 460
278 460
281 460
286 460
287 460
289 460
290 460
292 460
294 460
296 460
301 460
304 460
306 460
307 460
308 460
309 461
310 461
315 461
318 461
321 461
322 461
323 461
324 461
329 461
334 461
342 461
343 461
348 462
349 462
350 462
353 462
354 462
355 462
358 462
360 462
363 463
367 463
371 463
375 463
378 464
379 464
381 464
383 464
387 464
389 464
395 465
396 465
397 465
402 466
403 466
411 466
413 467
414 467
415 467
416 467
421 467
423 468
424 468
427 468
437 469
442 470
443 470
447 470
451 471
452 471
453 471
454 471
455 471
456 471
458 472
459 481
459 484
459 485
459 489
459 490
459 492
459 494
459 496
459 508
459 510
459 511
459 513
459 514
459 515
459 516
460 519
460 521
460 524
460 525
460 528
460 532
460 533
460 538
460 539
460 541
460 542
460 543
460 544
460 545
460 547
460 551
460 554
461 558
461 559
461 562
461 564
461 566
461 567
461 569
461 572
461 575
461 576
461 581
461 583
461 584
461 586
461 588
461 590
461 591
462 595
462 596
462 599
462 603
462 604
462 609
463 612
463 614
463 617
463 622
463 624
464 631
464 633
464 634
464 636
464 637
465 643
465 646
465 647
465 648
465 649
465 650
466 653
466 654
466 655
466 660
466 661
467 663
467 668
467 670
467 671
468 674
468 676
469 682
469 684
469 686
469 687
469 689
470 690
470 691
470 697
471 702
471 705
472 707
472 710
474 720
474 722
475 724
475 726
478 729
484 735
485 736
488 739
491 742
493 744
496 747
501 752
503 754
509 760
511 762
512 763
518 769
522 773
523 774
525 776
528 779
532 783
534 785
539 790
542 793
543 794
546 797
549 800
550 801
552 803
553 804
555 806
569 820
570 821
576 827
577 828
578 829
579 830
581 832
583 834
584 835
585 836
586 837
587 838
588 839
589 840
591 842
593 844
595 846
597 848
599 850
601 852
608 859
611 862
612 863
613 864
616 867
617 868
618 869
621 872
622 873
624 875
629 880
632 883
635 886
636 887
637 888
638 889
639 890
640 891
645 896
649 900
650 901
652 903
655 906
662 913
666 917
668 919
669 920
671 922
672 923
673 924
675 926
679 930
680 931
681 932
682 933
684 935
685 936
690 941
691 942
692 943
694 945
697 948
699 950
701 952
704 955
713 964
716 967
717 968
719 970
721 972
727 978
728 979
729 980
732 981
734 981
735 981
737 981
743 981
744 981
751 981
752 981
753 981
755 981
756 981
759 981
763 981
766 981
768 981
773 982
782 982
789 982
790 982
791 982
793 982
794 982
803 982
805 982
810 983
811 983
812 983
818 983
823 983
826 983
829 983
830 983
833 983
835 983
838 983
839 983
842 983
843 983
848 984
849 984
851 984
852 984
853 984
854 984
857 984
858 984
862 984
866 985
871 985
874 985
879 986
883 986
896 987
899 987
900 987
903 988
906 988
908 988
909 988
910 988
911 988
918 989
921 989
922 989
923 990
926 990
930 990
931 990
934 991
936 991
938 991
941 992
942 992
947 992
951 993
957 993
959 994
967 995
971 996
975 997
976 997
978 998
789
1 230
3 232
4 233
5 234
6 235
7 236
9 238
11 240
14 243
15 244
16 245
17 246
19 248
20 249
21 250
22 251
23 252
26 255
27 256
28 257
29 258
31 260
33 262
34 263
37 266
38 267
41 270
42 271
46 275
47 276
50 279
51 280
53 282
55 284
56 285
57 286
60 289
63 292
66 295
67 296
69 298
70 299
71 300
74 303
75 304
76 305
79 308
80 309
83 312
84 313
85 314
86 315
87 316
88 317
89 318
90 319
91 320
92 321
93 322
95 324
97 326
98 327
99 328
100 329
103 332
104 333
105 334
106 335
107 336
108 337
110 339
112 341
114 343
117 346
118 347
119 348
123 352
124 353
126 355
127 356
128 357
129 358
131 360
133 362
134 363
135 364
136 365
137 366
138 367
139 368
140 369
145 374
146 375
147 376
148 377
149 378
151 380
152 381
153 382
154 383
156 385
158 387
159 388
160 389
161 390
163 392
164 393
166 395
168 397
169 398
171 400
173 402
174 403
175 404
176 405
177 406
178 407
180 409
181 410
182 411
184 413
185 414
186 415
187 416
188 417
190 419
191 420
193 422
194 423
195 424
196 425
198 427
200 429
201 430
202 431
205 434
206 435
207 436
208 437
209 438
210 439
213 442
215 444
216 445
217 446
219 448
220 449
221 450
222 451
223 452
228 457
229 458
230 459
233 459
236 459
237 459
238 459
239 459
240 459
241 459
242 459
244 459
246 459
247 459
248 459
249 459
250 459
256 459
257 459
259 459
260 459
261 459
262 459
265 459
266 459
267 459
269 459
270 460
271 460
272 460
275 460
276 460
277 460
279 460
280 460
282 460
283 460
284 460
285 460
288 460
291 460
293 460
295 460
297 460
298 460
299 460
300 460
302 460
303 460
305 460
311 461
312 461
313 461
314 461
316 461
317 461
319 461
320 461
325 461
326 461
327 461
328 461
330 461
331 461
332 461
333 461
335 461
336 461
337 461
338 461
339 461
340 461
341 461
344 461
345 462
346 462
347 462
351 462
352 462
356 462
357 462
359 462
361 462
362 462
364 463
365 463
366 463
368 463
369 463
370 463
372 463
373 463
374 463
376 463
377 464
380 464
382 464
384 464
385 464
386 464
388 464
390 465
391 465
392 465
393 465
394 465
398 465
399 465
400 465
401 465
404 466
405 466
406 466
407 466
408 466
409 466
410 466
412 466
417 467
418 467
419 467
420 467
422 467
425 468
426 468
428 468
429 468
430 468
431 468
432 469
433 469
434 469
435 469
436 469
438 469
439 469
440 469
441 470
444 470
445 470
446 470
448 470
449 470
450 471
457 471
451 472
452 472
453 472
454 472
455 472
456 472
457 472
454 473
455 473
456 473
457 473
458 473
455 474
456 474
457 474
458 474
456 475
457 475
458 475
458 476
458 477
458 478
459 479
459 480
459 482
459 483
459 486
459 487
459 488
459 491
459 493
459 495
459 497
459 498
459 499
459 500
459 501
459 502
459 503
459 504
459 505
459 506
459 507
459 509
459 512
459 517
459 518
460 520
460 522
460 523
460 526
460 527
460 529
460 530
460 531
460 534
460 535
460 536
460 537
460 540
460 546
460 548
460 549
460 550
460 552
460 553
460 555
460 556
460 557
461 560
461 561
461 563
461 565
461 568
461 570
461 571
461 573
461 574
461 577
461 578
461 579
461 580
461 582
461 585
461 587
461 589
461 592
461 593
462 594
462 597
462 598
462 600
462 601
462 602
462 605
462 606
462 607
462 608
462 610
462 611
463 613
463 615
463 616
463 618
463 619
463 620
463 621
463 623
463 625
464 626
464 627
464 628
464 629
464 630
464 632
464 635
464 638
465 639
465 640
465 641
465 642
465 644
465 645
466 651
466 652
466 656
466 657
466 658
466 659
467 662
467 664
467 665
467 666
467 667
467 669
468 672
468 673
468 675
468 677
468 678
468 679
468 680
469 681
469 683
469 685
469 688
470 692
470 693
470 694
470 695
470 696
470 698
471 699
471 700
471 701
471 703
471 704
471 706
472 708
472 709
472 711
472 712
472 713
472 714
473 715
473 716
473 717
473 718
473 719
474 721
474 723
475 725
476 727
477 728
479 730
480 731
481 732
482 733
483 734
486 737
487 738
489 740
490 741
492 743
494 745
495 746
497 748
498 749
499 750
500 751
502 753
504 755
505 756
506 757
507 758
508 759
510 761
513 764
514 765
515 766
516 767
517 768
519 770
520 771
521 772
524 775
526 777
527 778
529 780
530 781
531 782
533 784
535 786
536 787
537 788
538 789
540 791
541 792
544 795
545 796
547 798
548 799
551 802
554 805
556 807
557 808
558 809
559 810
560 811
561 812
562 813
563 814
564 815
565 816
566 817
567 818
568 819
571 822
572 823
573 824
574 825
575 826
580 831
582 833
590 841
592 843
594 845
596 847
598 849
600 851
602 853
603 854
604 855
605 856
606 857
607 858
609 860
610 861
614 865
615 866
619 870
620 871
623 874
625 876
626 877
627 878
628 879
630 881
631 882
633 884
634 885
641 892
642 893
643 894
644 895
646 897
647 898
648 899
651 902
653 904
654 905
656 907
657 908
658 909
659 910
660 911
661 912
663 914
664 915
665 916
667 918
670 921
674 925
676 927
677 928
678 929
683 934
686 937
687 938
688 939
689 940
693 944
695 946
696 947
698 949
700 951
702 953
703 954
705 956
706 957
707 958
708 959
709 960
710 961
711 962
712 963
714 965
715 966
718 969
720 971
722 973
723 974
724 975
725 976
726 977
730 981
731 981
733 981
736 981
738 981
739 981
740 981
741 981
742 981
745 981
746 981
747 981
748 981
749 981
750 981
754 981
757 981
758 981
760 981
761 981
762 981
764 981
765 981
767 981
769 981
770 982
771 982
772 982
774 982
775 982
776 982
777 982
778 982
779 982
780 982
781 982
783 982
784 982
785 982
786 982
787 982
788 982
792 982
795 982
796 982
797 982
798 982
799 982
800 982
801 982
802 982
804 982
806 982
807 982
808 982
809 983
813 983
814 983
815 983
816 983
817 983
819 983
820 983
821 983
822 983
824 983
825 983
827 983
828 983
831 983
832 983
834 983
836 983
837 983
840 983
841 983
844 983
845 984
846 984
847 984
850 984
855 984
856 984
859 984
860 984
861 984
863 985
864 985
865 985
867 985
868 985
869 985
870 985
872 985
873 985
875 985
876 985
877 986
878 986
880 986
881 986
882 986
884 986
885 986
886 986
887 986
888 986
889 986
890 987
891 987
892 987
893 987
894 987
895 987
897 987
898 987
901 987
902 988
904 988
905 988
907 988
912 988
913 989
914 989
915 989
916 989
917 989
919 989
920 989
924 990
925 990
927 990
928 990
929 990
932 991
933 991
935 991
937 991
939 991
940 991
943 992
944 992
945 992
946 992
948 992
949 992
950 993
952 993
953 993
954 993
955 993
956 993
958 994
960 994
961 994
962 994
963 994
964 994
965 994
966 995
968 995
969 995
970 995
972 996
973 996
974 996
977 997
979 999
980 1000
