30
1 362 1 26 5 46 20 22 21 27 41 34 42 36 12 25 31 9 17 15 43 32 45 18 1 33 14 10 11 26
2 420 20 46 9 8 39 40 25 49 33 28 27 15 2 44 5 24 20 26 21 12 43 38 18 23 47 37 17 35 46 19 41 36 22 3 45 34 11 1 14 7 4 32 13 16 42 6 10 29
3 214 11 39 48 8 19 1 33 16 35 44 37 7 41 20 18 21 4 12 30 27 2 25 5 49 29 23 28 6 3 47 15 38 17 22 32 39 13 10 45 11 34
4 274 17 20 29 19 34 14 15 13 7 18 50 16 30 4 32 11 9 21 5 6 42 41
5 100 17 43 7 12 46 31 50 4 43 30 8 13 35 23 10 44 21 37 18 36 40 47 45 25 41 42 17 22 28 26 6 14 34 38 5 15 39 20 27 48 32 24 9 11 2
6 513 19 15 33 45 1 16 4 47 6 2 23 39 12 26 43 42 15
7 558 18 39 4 6 3 31 24 42 50 26 45 17 20 48 16 44 12 30 47 13 10 25 43 36 49 19 28 34 29 35 27 39 18 37 40 33 32 5 21 41 46
8 514 17 6 3 18 2 29 33 37
9 460 0 2 28 11
10 343 5 11 36 29 31 21 38 6 40 15 8 48 17
11 595 20 20 3 4 36 34 32 16 1 35 12 48 37 10 25 40 6 27 5 20 17 45
12 422 17 13 42 15 40 43 13 35 5 48 10 39 9 44 38
13 590 15 39 32 36 23 6 48 9 10 13 2 20 25 28 35 47 5 41 18 30 11 29 24 12 7 49 43 38 27 19 16 1 46 22 17 33 26 4 34 3 14
14 526 14 4 40 20 33 47
15 288 16 5 16 15 11 24 49
16 192 13 4 30 3 4 41
17 581 18 29 36 22 27 35 17 47 26 10 7 48 30 34 9 38 25 14 8 33 15 46 12 23 5 45 50 28 13 37 32
18 44 4 40 45 25 21 36 2 16 4 41 17 33 5 7 18 43 3 28 24 39 19 11 34 26 35 15 40 12 23 10 48 6 44 31 22 20 38 42 14 50 49 9
19 367 0 25 15 1 20 32 37 40 18 13 23 17 3 11 16 46 12 33 48 14 30 10 36 6 39 44 45
20 521 9 16 19 6 42 9 17 29 25 27 47 2 10 49 23 4 26 18
21 172 18 40 17 42 37 45 20 34 11 21 40 32 1 30 6 19 16 36 22 43 3 18 38 4 12 25 28 10 44 50 24 27 49 33 26 8 39 41 2 48 46 29
22 137 12 9 6 24 27 7 22 8 14 41 11
23 477 19 12 1 9 47 26 30 8 4 14 3 40 34 50
24 34 11 17 2 15 18 33 16 3 38 9 45 35 39 19 5 6 41 37 43
25 95 16 10 27 34 7 16 2 42 23 44 21 18
26 545 0 44 1 39 13 27 41 25 5 6 2 36 49 18 21 26 24 40 42 50 11 17 15 30 4 7 9 20 19 48 44 38 35 28 34 45 16 32 29 12 46 22 8 43 47 37
27 315 2 40 18 24 7 31 22 5 20 35 8 4 2 37 39 30 40 9 12 26 10 50 41 44 43 19 15 33 36 23 28 21 34 25 29 1 48 3 6 27 45 14
28 138 15 38 17 49 3 32 28 45 33 42 16 4 46 40 7 1 36 5 2 14 23 41 15 27 29 9 37 44 47 34 48 50 10 18 38 30 6 21 11 31
29 27 19 45 10 25 41 4 17 21 18 20 6 38 27 26 32 2 22 36 28 13 40 31 9 45 11 46 42 30 29 3 37 12 23 44 14 49 50 35 34 8 47 39 5 24 48 43 19
30 201 7 8 14 28 25 22 19 16 36 9
50
1 17
2 5
3 4
4 7
5 3
6 18
7 17
8 9
9 6
10 1
11 15
12 18
13 4
14 19
15 9
16 11
17 5
18 11
19 17
20 2
21 20
22 4
23 14
24 7
25 13
26 18
27 20
28 4
29 17
30 12
31 18
32 5
33 18
34 12
35 19
36 6
37 6
38 8
39 15
40 13
41 8
42 19
43 8
44 12
45 18
46 6
47 11
48 7
49 18
50 3
30
1 1 370
2 12 15
3 14 19
4 6 25
5 12 30
6 16 15
7 5 29
8 2 32
9 18 15
10 2 24
11 8 17
12 17 30
13 9 18
14 4 16
15 7 24
16 3 20
17 14 24
18 18 29
19 7 14
20 14 13
21 6 35
22 15 28
23 16 23
24 2 30
25 7 24
26 3 24
27 20 18
28 12 27
29 14 22
30 6 18
14
1 8
2 9
3 10
6 13
7 14
10 15
13 15
15 18
15 19
21 28
22 29
23 30
27 30
29 30
21
4 11
5 12
8 15
9 15
11 15
12 15
14 15
15 16
15 17
15 20
15 21
15 22
16 23
17 24
18 25
19 26
20 27
24 30
25 30
26 30
28 30
