100
1 348 14 26 31 14 6 26 34 10 50 43 48 4 12 23 28 36 25 11 1 39 29 21 16 7 17 15 24 13
2 358 15 14 48 14 10 24 42 34 2 20 32 8 50 27 6 11
3 391 14 20 17 42 38 23 39 31 8 15 18 34 9 6 14 32 30 25 43 29 26 2
4 95 18 3 29 10 14
5 367 5 33 1 23 50 13 47 10 16 38 26 6 30 46 17 21 32 27 2 15 20 45 42 43 29 3 7 39 5 40 25 48 14 28 22
6 533 3 35 41 28 32 2 23 1 26 19 39 6 43 10 24 25 27 33 15 46 21 13 31 9 36 29 34 49 4 16 5 22 45 48 40 17 35
7 526 11 21 40 4 21 1 32 27 39 2 30 22 48 29 47 9 43 36 20 14 49 42 26
8 178 7 8 8 34 9 14 21 7 24 5
9 289 16 30 43 4 8 50 48 41 14 47 44 6 3 42 23 49 37 39 12 34 26 5 38 31 30 9 22 15 7 11 36 33
10 489 7 36 40 27 14 26 18 3 34 19 50 10 8 2 11 23 4 32 6 49 36 47 41 15 38 25 37 44 16 12 5 35 48 29 39 30 46 24
11 27 10 19 41 42 10 37 4 3 6 22 16 8 32 43 23 25 34 11 33 39 20
12 27 0 9 50 10 13 5 29 27 48 33 4
13 259 18 8 6 22 17 26 32 8 44 10
14 518 2 4 30 4 46 47
15 81 4 1 12
16 194 14 42 28 40 31 44 46 34 16 5 2 19 43 3 8 22 29 11 26 23 33 38 48 10 41 42 25 6 47 36 49 12 1 35 24 21 17 14 13 9 7 39 18 30
17 567 4 12 7 12 27 3 28 24 1 14 31 33 9 11
18 578 5 42 49 10 31 26 5 12 25 15 30 37 7 21 38 46 11 42 40 39 34 17 2 47 16 44 13 33 9 18 45 48 43 8 3 20 6 19 24 1 4 22 28 35
19 410 10 7 25 47 24 2 30 13 21
20 339 12 32 38 28 34 7 49 20 42 26 2 9 15 45 41 18 25 46 8 11 44 1 43 48 5 31 22 40 50 39 29 6 17 27
21 212 4 43 23 29 39 42 1 26 24 40 22 36 16 44 20 32 12 27 9 38 14 49 33 35 31 47 8 46 3 21 30 28 25 18 48 34 45 6 11 7 41 17 37 4 19
22 30 13 29 19 25 16 4 38 15 26 22 2 18 40 21 23 48 10 45 1 13 50 6 46 28 36 24 33 37 49 47 42
23 377 8 21 25 45 39 37 16 3 18 30 34 15 13 35 24 20 6 4 38 12 28 14 40
24 17 16 27 27 9 14 12 43 50 42 1 22 4 40 7 26 46 23 25 47 39 31 33 45 49 6 13 17 16 19
25 354 12 47 41 31 21 20 23 12 13 2 8 40 4 6 15 44 29 48 10 37 3 16 1 22 47 46 33 30 34 26 35 27 36 24 50 28 11 45 18 14 25 7 5 39 9 17 42 38 49
26 563 15 30 29 24 23 34 46 10 18 40 33 13 25 9 48 20 7 49 16 14 6 1 19 30 12 3 43 4 31 38 50 36
27 368 16 35 7 1 47 10 11 14 22 8 19 12 33 4 41 37 39 36 15 3 20 43 17 44 27 13 5 40 48 21 35 45 31 2 46 34 23
28 317 16 48 38 26 24 19 33 14 45 41 8 12 30 34 4 11 6 29 42 21 13 17 9 35 47 44 20 43 50 25 37 2 27 46 18 10 49 5 36 48 16 22 31 15 28 23 39 3 7 1
29 127 5 45 46 14 39 7 3 23 15 41 30 11 8 19 24 32 44 10 26 18 1 42 43 16 2 49 31 47 17 37 50 20 13 28 6 22 21 4 9 12 38 29 5 35 40 34 27
30 517 6 49 35 10 32 6 17 47 1 25 24 5 11 26 30 7 33 43 3 44 20 13 14 8 16 39 36 4 45 12 41 27 2 31 34 42 22 38 23 19 48 9 40 15 49 21 37 28 46 50 29
31 357 14 5 49 41 36 18 39
32 558 19 9 32 9 16 41 26 40 8 42 25
33 404 13 6 38 20 40 9 11 28
34 42 5 43 1 36 42 47 39 49 14 40 29 31 12 38 28 17 45 15 50 35 20 11 46 5 6 32 22 7 27 18 44 21 25 30 41 13 24 19 48 23 8 10 34 2 9
35 263 17 11 23 39 45 18 47 5 19 27 6 17 50
36 358 20 36 38 10 27 41 47 9 20 7 17 29 19 6 40 37 8 3 1 24 28 2 46 4 23 30 12 35 13 44 34 42 36 43 22 18 45 15
37 23 8 38 12 4 50 26 47 33 16 35 6 36 32 31 43 39 15 10 18 25 30 8 48 29 24 46 1 2 20 5 45 44 17 22 14 21 28 7 42 23
38 459 7 38 49 6 18 34 8 45 37 44 10 32 12 43 19 23 11 47 22 42 5 35 50 26 17 33 40 14 21 28 31 7 48 39 15 25 41 29 30 3
39 36 5 49 16 45 1 37 3 26 39 8 49 25 11 31 33 4 10 36 44 46 9 5 24 28 21 6 15 35 48 18 19 41 23 32 12 34 50 13 7 29 47 14 27 22 30 42 38 2 40 17 20
40 24 1 10 19 48 49 18 21 11 32 29 12 16
41 557 14 49 24 5 8 38 49 30 34 48 36 10 4 12 21 43 44 26 22 3 31 50 15 1 17 18 19 9 16 47 41 37 25 20 33 13 23 45 32 7 27 35 42 2 14 39 40 46 28 6 29
42 366 3 22 23 30 14 13 17 38 47 44 21 35 19 32 39 26 3 29 25 6 18 36 15 7
43 322 20 7 24 9 2 44 33 16 1
44 185 8 42 29 11 35 28 9 5 34 36 12 19 31 50 1 7 30 27 40 44 3 49 16 14 37 38 6 10 8 42 15 25 4 21 22 47 33 18 2 24 20 17 13 45
45 429 6 18 20 42 33 37 7 28 4 2 3 34 22 13 31 6 29 10 23 21
46 298 20 39 13 12 39 44 33 7 43 8 45 14 2 30 34 36 40 31 46 10 26 50 49 17 3 15 41 47 29 5 37 20 11 28 9 1 25 23 42 27 22
47 314 18 28 8 39 15 23 27 36 49 38 22 13 37 14 47 25 44 41 12 34 3 32 7 17 42 1 46 45 28 9
48 522 10 42 6 21 38 44 17 42 3 46 37 43 48 4 30 24 7 9 25 50 27 12 41 22 36 2 16 49 29 13 14 18 39 20 35 47 15 45 10 26 11 5 32 34
49 39 11 45 5 29 36 3 35 11 8 38 19 20 17 32 26 12 18 24 21 43 42 6 2 23 14 4 40 41 46 9 25 31 27 13 37 45 50 44 30 34 28 49 16 22 47 1 15
50 234 17 21 37 7 15 30 9 41 19 1 33 3 39 10 35 20 43 36 42 31 21 6 27
51 342 12 4 2 21 45 41
52 503 7 17 36 41 17 10 28 3 8 15 43 5 49 31 2 30 14 9 22
53 303 9 43 42 35 17 30 20 37 14 12 23 39 24 10 47 28 34 45 8 41 11 3 32 18 40 36 6 38 1 27 5 31 25 7 22 46 16 44 26 2 15 4 49 13 43
54 306 18 37 46 5 32 40 43 23 15 22 26 8 20 31 4 37 49 14 6 35 47 50 24 17 36 21 45 10 48 11 39 19 27 44 18 30 1 33 2
55 485 5 47 27 28 3 36 4 2 33 29 31 13 42 7 49 23 12 46 44 24 18 32 14 11 6 45 21 50 39 37 10 5 17 40 16 20 48 19 47 1 22 38 41 26 9 30 25 43 35
56 51 5 40 15 25 4 13 42 9 45 8 35 20 6 27 36 48 7 40 5 38 30 26 28 11 17 10 14 1 32 29 18 12 39 16 31 19 46 50 47 49 34 44
57 391 3 15 4 37 28 9 11 30 26 35 15 17 7 49 22 6 43
58 164 0 3 16 8 17
59 556 4 2 50 1
60 338 5 8 40 19 43 11 24 13 16 29
61 578 7 1 18
62 344 12 4 35 13 49 28
63 304 16 33 30 1 38 36 29 19 28 34 16 50 13 3 41 9 22 4 32 10 47 48 35 26 49 20 23 17 18 24 8 39 15 37 31
64 194 0 47 44 3 17 38 28 2 26 22 24 16 48 43 30 41 45 1 29 42 11 9 31 49 6 47 37 36 20 35 10 32 15 5 8 25 19 40 34 23 7 46 50 4 13 33 21 12 18
65 400 16 18 36 5 11 6 24 13 43 50 28 23 27 32 48 49 14 35 3 31
66 184 12 12 43 6 32 2 27 5 40 41 11 12 46 45
67 369 17 13 39 43 34 2 13 38 42 3 44 8 32 14 11
68 271 9 18 13 19 4 1 7 12 25 39 14 29 17 48 24 36 44 49 2 6
69 269 14 49 3 49 32 24 47 26 31 28 1 15 8 19 41 7 22 34 20 39 45 17 35 46 48 50 12 14 33 43 27 29 44 30 25 18 2 37 10 36 38 16 11 9 40 23 6 13 42 5 4
70 375 15 12 22 19 31 24 20 34 40 32 44 47 49 21
71 481 16 30 26 44 15 16 4 41 18 33 5 42 36 22 43 8 48 35 24 47 1 27 12 2 31 34 6 29 30 50 28 21
72 268 13 28 47 35 44 1 18 5 2 9 19 20 7 41 3 12 43 45 17 36 29 42 40 21 25 15 48 33 6 28
73 17 0 26 23 7 41 48 8 35 15 43 4 37 25 27 47 46 11 40 17 21 10 14 26 50 29 18 32 12
74 218 5 35 45 2 17 33 22 47 36 48 46 19 43 31 11 12 25 35 9 39 44 26 3 21 4 40 27 5 30 20 23 6 50 42 24 15 38
75 140 16 38 22 24 20 6 31 42 41 2 18 3 8 46 19 4 10 37 25 9 29 32 50 16 34 35 48 49 14 21 12 33 11 5 30 39 26 45 23 17
76 434 5 28 11 31 23 40 17 12 30 26 35 1 50 20 9 2 6 4 25 44 41 33 38 47 21 5 3 45 18 29
77 61 19 10 1 14 48 18 16 4 7 44 2 42
78 421 12 3 18 40 37
79 192 2 24 7 24 44 5 13 50 27 29 9 1 14 38 3 36 41 47 46 49 19 4 48 39 22 42
80 333 4 25 20 3 14 46 39 38 45 7 11 6 32 24 47 10 27 50 5 22 25 1 41 40 42 2 36
81 340 16 34 25 35 50 32 44 12 45 29 33 16 28 11 26 38 20 36 21 10 22 30 17 1 47 18 4 37 8 23 7 14 46 40 24 48
82 356 11 42 50 33 42 10 23 29 36 5 8 9 21 13 35 20 28 12 7 32 15 39 37 22 16 49 44 40 26 45 18 47 34 46 11 1 25 30 24 3 31 17 4 43
83 385 4 31 25 17 9 20 22 44 33 34 27 13 5 7 36 47 4 37 49 32 14 2 12 50 48 21 39 10 29 6 26 15 1
84 441 0 39 19 34 9 40 8 2 31 17 32 35 36 23 27 37 15 11 12 14 16 44 21 3 45 5 48 33 30 6 29 47 22 46 13 26 42 1 24 28 39
85 21 4 10 31 42 10 36 1 28 50 25 26 44
86 212 6 37 47 5 41 40 18 31 9 48 10 36 39 8 38 3 49 14 35 28 13 44 16 17 4 20 2 46 30 21 43 33 37 29 15 1 24 12 34
87 516 11 12 5 21 7 11 41 16 30 6 23 37 1 46
88 423 14 23 30 5 13 8 28 27 31 11 33 34 10 15 18 1 25 17 41 19 26 9 35 37 39
89 172 4 38 17 6 50 22 12 37 23 1 28 40 45 29 27 46 31 49 10 25 19 2 21 3 38 32 35 5 34 36 33 4 26 18 43 30 47 42 24 15
90 73 15 12 2 1 28 4 19 9 27 3 46 24 45 40
91 142 11 10 38 14 24 40 15 42 43 7 49 4
92 516 4 37 22 8 37 30 41 32 47 19 12 27 20 9 15 38 7 14 16 43 23 4 13 26 6 5 44 17 11 40 3 39 21 28 36 45 49 31 33
93 389 19 6 22 28 11 14 26 32
94 165 8 45 43 26 49 13 38 16 27 14 45 5 47 4 30 24 41 11 40 7 8 28 25 44 1 19 37 9 29 33 48 23 15 34 6 50 31 22 17 32 39 36 3 20 12 46 35
95 453 16 33 2 24 30 32 22 7 36 47 12 49 8 4 6 21 28 40 46 26 45 17 19 38 39 31 23 34 33 9 25 44 29 5 48
96 500 3 2 9 48
97 592 4 29 33 25 13 7 17 42 2 50 14 11 46 27 45 47 5 4 43 23 9 48 32 36 49 15 10 16 39 26 40
98 569 1 34 41 33 8 12 25 4 5 14 30 26 3 13 44 15 19 39 34 35 11 38 9 28 45 24 21 20 7 37 32 46 27 17 16 50
99 434 6 6 2 19 50 30 42 37
100 64 8 29 23 20 42 38 49 19 33 48 3 27 47 16 30 21 40 44 43 26 24 39 2 46 10 4 11 37 6 18 36
50
1 13
2 14
3 4
4 12
5 18
6 2
7 12
8 20
9 1
10 19
11 11
12 18
13 5
14 15
15 6
16 7
17 3
18 13
19 12
20 18
21 4
22 19
23 18
24 2
25 3
26 2
27 7
28 6
29 11
30 19
31 1
32 1
33 15
34 2
35 12
36 7
37 5
38 9
39 16
40 15
41 7
42 3
43 16
44 8
45 20
46 6
47 4
48 19
49 13
50 16
30
1 1 979
2 6 74
3 20 59
4 9 52
5 14 72
6 16 64
7 14 48
8 10 72
9 12 76
10 14 51
11 4 92
12 7 35
13 7 75
14 19 78
15 17 84
16 5 83
17 17 46
18 19 61
19 6 81
20 1 95
21 13 83
22 7 72
23 15 61
24 19 79
25 11 35
26 13 54
27 16 51
28 19 41
29 15 43
30 7 78
3
11 34
37 48
48 62
116
1 24
2 25
3 26
4 27
5 28
6 29
7 30
8 31
9 32
10 33
12 35
13 36
14 37
15 38
16 39
17 40
18 41
19 42
20 43
21 44
22 45
23 46
24 47
25 47
26 47
27 47
28 47
29 47
30 47
31 47
32 47
33 47
34 47
35 48
36 48
38 48
39 48
40 48
41 48
42 48
43 48
43 49
44 49
45 49
46 49
47 50
47 51
47 52
47 53
47 54
47 55
47 56
47 57
47 58
47 59
47 60
48 61
48 63
48 64
48 65
48 66
48 67
48 68
48 69
49 70
49 71
49 72
49 73
50 74
51 75
52 76
53 77
54 78
55 79
56 80
57 81
58 82
59 83
60 84
61 85
62 86
63 87
64 88
65 89
66 90
67 91
68 92
69 93
70 94
71 95
72 96
73 97
74 98
75 98
76 98
77 98
78 98
79 98
80 98
81 98
82 98
83 98
84 98
85 99
86 99
87 99
88 99
89 99
90 99
91 99
92 99
93 99
94 100
95 100
96 100
97 100
