50
1 251 17 32 37 17 4 39 9 44 41 3 22 35 7 49 18 13 46 29 34 42 21 45 11 5 36 50 28 14 16 47 2 30 1 48
2 594 9 20 46 26 5 2 34 25 36 9 27 39 30 12 13 32 15 21 31 38 28 41
3 425 9 45 19 26 43 11 39 40 3 23 5 8 14 13 22 28 25 45 21 38 48 15 29 49 18 12 6 10 35 27 33 17 34 32 4 30 7 20 1 31 2 37 16 47 9 46 41
4 374 16 5 7 16 33 36 15
5 426 14 5 39 36 9 5 14
6 583 0 22 20 22 45 47 44 8 21 33 15 27 24 36 25 1 4 17 28 37 41 34 35 32
7 322 11 16 14 25 29 47 27 17 48 13 39 45 24 20 8 2 35 3
8 107 18 38 35 28 37 26 42 14 22 48 31 23 27 41 18 38 33 49 4 13 5 45 25 40 44 10 7 24 1 20 16 46 19 36 50 30 8 15 21 11
9 118 8 41 15 11 39 17 2 30 19 36 40 20 34 24 13 50 21 3 25 45 1 10 33 47 31 22 35 7 9 38 37 16 12 5 41 46 8 43 29 26 32 23 48
10 12 17 32 42 15 23 43 3 24 33 22 25 50 45 30 35 20 32 8 1 7 28 4 47 2 49 41 31 26 13 34 18 9 6 10
11 103 5 28 32 21 15 22 8 19 37 33 28 3 47 27 12 48 16 36 20 49 29 10 2 26 5 45 38 11 1 39
12 187 4 38 27 47 10 28 50 9 1 16 30 42 43 33 14 5 7 15 18 37 35 25 23 21 36 2 26 8 29 40 38 3 20 13 44 34 22 32 49 31
13 253 15 28 12 4 14 50 41 36 34 45 49 37 47 39 29 19 20 40 42 25 28 18 3 8 24 21 5 23 1 15
14 357 4 30 6 41 32 1 25 40 42 38 49 2 34 8 4 37 21 39 3 43 19 35 9 47 33 14 31 29 50 23 30 12
15 397 18 10 21 6 5 44 31 2 28 32 45 19
16 571 1 24 25 9 29 3 1 28 8 13 22 5 27 21 18 34 30 20 16 39 40 37 12 26 43 32
17 241 2 38 21 17 44 31 30 10 42 40 45 23 46 20 26 50 2 33 12 13 24 8 27 38 3 19 48 35 29 49 37 43 9 11 18 14 39 28 32 5
18 75 16 9 16 19 37 45 29 30 9 28 14
19 444 16 37 29 5 15 23 33 50 3 20 8 27 10 11 34 45 37 39 7 49 25 17 19 36 42 9 14 31 46 6 2 24 30 16 47 18 43 22 48
20 184 8 19 43 38 46 26 7 49 14 18 17 2 13 22 33 48 36 41 5 6 50
21 344 6 15 38 50 2 27 3 35 9 34 46 23 25 24 16 45 22
22 39 14 50 16 43 36 40 19 34 39 38 1 50 41 8 49 44 9 46 2 37 30 14 42 12 4 31 26 47 15 18 29 23 3 17 28 27 11 33 25 10 5 7 22 20 24 48 32 21 6 35 13 45
23 213 14 16 26 12 20 6 28 40 48 45 10 23 37 13 19 14 25 46
24 140 0 20 23 12 17 25 10 30 48 2 32 21 15 16 6 27 37 41 18 29 44 22
25 200 14 26 48 29 10 41 35 42 15 23 3 2 49 17 45 21 22 39 16 28 27 38 19 40 20 31 6 44
26 328 5 36 32 33 48 40 38 39 24 13 25 35 18 17 30 23 12 42 43 41 45 37 5 10 31 15 4 6 16 28 36 49 9 1 7 27 20 44
27 325 19 12 37 49 21 44 5 31 3 7 48 12 43 22
28 387 15 3 3 43 5
29 283 0 44 38 37 44 45 33 50 23 25 15 48 11 32 24 47 42 22 2 27 18 19 35 13 30 20 34 39 8 49 29 16 10 36 5 46 28 9 43 17 6 41 12 21 14 31
30 570 13 7 8 1 34 50 48 26 46
31 520 1 31 37 2 45 24 49 41 10 50 25 38 46 48 28 7 17 22 21 14 32 16 27 31 8 35 44 9 4 43 42 34 11
32 336 6 11 17 31 4 9 16 25 50 32 13 28 39
33 132 18 42 4 6 35 37 38 44 39 49 12 20 42 30 29 46 28 43 1 19 25 8 23 16 21 13 17 47 5 36 48 15 31 3 7 33 50 34 22 32 14 27 11 41
34 123 1 47 48 9 49 26 13 12 21 28 41 1 50 11 10 15 31 44 4 8 27 5 17 25 24 7 19 16 6 37 34 3 40 32 36 14 43 18 2 42 29 22 39 35 38 46 23 47 45
35 74 3 36 50 25 28 16 46 29 11 34 1 42 21 35 40 33 13 22 38 7 27 47 18 9 19 17 43 15 26 31 41 3 30 36 4 32 37 24
36 478 19 1 29
37 206 9 13 7 29 15 40 47 39 38 22 6 4 48 30 25
38 109 7 12 39 46 29 21 41 36 18 7 4 13 11 47
39 594 1 31 29 50 32 5 11 6 24 44 30 45 18 21 43 9 7 20 31 14 3 34 26 16 23 27 19 46 1 13 28 15 47
40 321 10 47 34 25 9 31 48 4 21 14 22 20 26 6 19 38 2 42 13 28 47 27 35 30 41 11 43 17 36 12 33 7 40 49 5 24 23 50 45 44 32 18 8 46 3 16 29 37 10
41 53 13 46 47 19 18 26 31 7 46 30 5 37 38 6 48 39 50 28 15 34 10 42 9 21 24 22 4 32 8 14 20 13 25 36 23 3 1 29 17 27 16 40 41 11 44 49 35 45
42 52 7 38 10 32 26 39 1 8 35 7 40 50 13 45 20 15 41 9 38 37 24 47 14 27 3 29 49 46 21 11 36 17 25 5 43 16 19 31 34 2
43 437 17 17 48 8 50 11 25 21 30 12 17 3 1 27 28 24 6 33 20
44 355 5 8 41 43 36 47 12 22 9 46
45 233 7 7 21 27 11 48 15 31 47
46 152 0 13 10 49 47 50 38 11 3 34 7 41 35 26 24
47 46 12 10 33 49 7 13 12 21 25 10 45 15
48 161 12 41 19 17 30 34 44 28 3 33 36 29 9 41 10 4 24 47 18 32 14 43 7 12 11 48 27 50 26 39 8 13 49 16 23 15 6 40 21 46 42 5 45
49 516 15 47 25 24 27 12 14 7 19 22 5 36 40 17 46 15 6 43 1 44 16 13 33 30 2 45 10 37 50 32 35 18 9 8 11 49 42 29 28 3 47 23 26 34 31 39 21 48 38
50 244 13 38 5 43 15 14 12 32 29 4 36 16 50 28 35 2 23 42 13 7 33 40 22 30 9 18 31 11 39 19 27 49 17 3 41 20 38 1 45 34
50
1 12
2 19
3 15
4 6
5 9
6 19
7 3
8 12
9 13
10 12
11 9
12 5
13 18
14 13
15 18
16 11
17 17
18 11
19 12
20 3
21 11
22 13
23 18
24 8
25 17
26 11
27 3
28 16
29 12
30 15
31 20
32 10
33 4
34 17
35 1
36 14
37 7
38 5
39 4
40 20
41 18
42 17
43 8
44 12
45 3
46 9
47 9
48 7
49 2
50 5
30
1 1 484
2 11 26
3 10 24
4 11 47
5 12 24
6 1 46
7 1 19
8 16 25
9 16 41
10 20 31
11 3 20
12 2 27
13 5 17
14 19 23
15 13 46
16 16 43
17 17 35
18 14 18
19 4 43
20 7 24
21 17 41
22 3 47
23 11 36
24 3 41
25 1 23
26 14 23
27 16 22
28 14 46
29 10 40
30 20 39
36
1 9
1 13
2 15
3 16
5 17
2 18
8 18
3 19
3 20
2 21
4 23
5 23
4 24
1 25
5 25
4 26
1 28
2 29
6 35
8 36
12 37
13 37
15 37
19 37
25 37
30 37
31 37
33 37
36 37
37 38
38 39
4 42
5 43
7 45
8 46
38 46
70
1 10
2 10
1 11
3 11
1 12
4 12
6 13
1 14
2 14
2 16
2 17
4 20
4 21
4 22
6 24
5 26
5 27
6 28
6 29
4 30
6 30
6 31
7 31
5 32
7 32
3 33
8 33
4 34
8 34
8 35
9 37
10 37
11 37
14 37
16 37
17 37
18 37
20 37
21 37
22 37
23 37
24 37
26 37
27 37
28 37
29 37
32 37
34 37
35 37
1 39
2 40
38 40
3 41
38 41
38 42
38 43
6 44
38 44
38 45
39 47
40 47
41 47
42 47
43 47
44 47
45 47
46 47
47 48
48 49
49 50
