100
1 535 2 1 1
2 514 9 23 12 33 25 37 41 38 50 18 8 39 28 6 20 16 26 11 44 24 46 43 42 15 30
3 68 13 6 15 40 5 28 30 37
4 574 0 26 28 13 16 15 31 7 47 18 50 8 19 43 45 20 32 42 26 38 23 41 27 35 1 39 6 25
5 451 14 12 36 44 2 48 33 26 9 22 25 16 30 28
6 366 7 39 42 38 27 20 10 44 15 14 32 40 37 34 41 4 18 7 46 35 28 12 26 43 2 24 22 31 21 16 11 45 17 36 8 47 19 9 5 33 29
7 83 12 18 44 27 31 29 45 6 42 35 19 46 26 24 50 15 1 13 21 43
8 571 4 1 34
9 26 16 30 40 11 47 24 44 10 43 29 21 37 34 18 32 4 33 1 16 7 26 14 35 50 13 38 39 49 31 28 42 8
10 259 16 4 24 36 20 48
11 461 8 31 12 23 1 14 44 45 21 20 25 43 31 32 3 15 22 35 28 30 7 24 17 29 16 36 2 41 40 46 26 9 5
12 192 2 16 5 38 17 47 34 26 23 18 2 30 4 39 7 27 13 35
13 554 6 42 2 47 33 22 16 34 19 32 48 49 43 36 20 42 35 31 9 17 18 11 45 40 6 24 1 13 41 39 50 37 3 14 44 7 12 21 46 10 27 25 4 5
14 187 4 9 39 47 11 21 46 31 8 4 5
15 227 11 8 44 24 4 17 5 38 9 20
16 204 11 17 4 13 28 46 30 17 45 37 10 48 39 38 16 18 11 7 14
17 598 20 41 3 6 11 49 22 12 23 1 5 20 24 41 27 40 43 42 47 16 21 18 31 37 26 50 8 10 33 44 45 38 46 48 19 7 25 36 17 29 15 14 30
18 520 10 33 24 49 3 35 20 43 12 37 8 36 17 50 26 14 5 32 47 29 18 2 44 19 46 41 48 40 16 30 42 34 7 10 38
19 345 5 41 26 6 45 35 25 28 27 17 38 19 40 1 18 11 2 15 50 12 16 48 36 37 30 31 5 3 41 32 8 24 14 20 29 9 4 10 44 34 42 23 46
20 47 18 9 18 11 30 3 19 20 25 49 42
21 178 9 18 22 10 27 37 29 41 50 11 12 25 45 14 28 36 17 35 7 13
22 525 5 33 21 8 35 13 48 50 24 34 16 26 10 9 40 49 22 2 27 12 5 25 20 23 36 18 42 14 28 39 6 41 31 3 32
23 586 6 49 49 17 35 39 50 27 22 1 37 6 3 10 28 45 38 15 46 25 8 31 12 21 7 34 30 9 13 44 2 20 41 33 47 11 24 48 19 29 26 4 36 32 14 40 18 16 43 42 5
24 457 6 1 16
25 394 5 3 13 3 17
26 560 8 38 50 8 41 48 14 7 31 37 49 10 4 38 15 16 1 35 39 40 18 45 6 43 32 19 30 11 24 33 13 46 22 5 21 25 26 23 36 28
27 422 4 22 39 19 38 8 20 23 45 48 14 13 26 6 7 25 11 1 16 21 29 17 33 18
28 60 16 23 36 10 1 50 26 18 35 44 19 27 15 25 2 21 17 12 6 22 5 42 37 43 45
29 197 5 39 28 25 5 3 34 9 39 40 22 46 41 4 7 27 15 1 16 2 17 19 38 21 23 26 18 49 10 24 44 11 45 50 13 29 36 33 48 14 6
30 55 20 28 8 36 39 49 19 46 18 4 3 43 31 17 2 10 12 40 38 32 7 9 1 11 35 37 44 25 20 22
31 570 14 1 9
32 215 4 40 44 3 46 19 14 45 4 34 31 40 9 23 20 10 29 16 49 22 15 1 26 13 6 5 17 47 7 38 18 21 24 35 28 33 8 41 48 11 37 30
33 527 1 28 46 32 18 47 48 7 9 10 31 13 6 28 30 35 19 3 40 33 34 1 23 12 38 37 15 43 4 21
34 320 0 42 48 20 25 43 26 19 23 38 35 39 4 47 33 21 29 18 13 41 44 50 7 42 5 1 16 3 34 10 14 31 6 22 46 37 17 27 32 30 15 9 11 40
35 165 16 27 20 29 4 42 13 49 5 37 48 19 30 27 8 16 12 39 44 7 2 17 21 23 14 36 9 18 38
36 55 20 5 7 26 6 33 48
37 203 3 48 27 43 39 8 14 6 41 46 44 21 15 18 31 33 40 28 50 10 20 29 26 17 45 2 38 13 34 49 32 36 11 42 9 3 35 5 25 37 48 12 24 4 19 22 16 7 47 1
38 236 17 17 36 3 34 26 23 1 44 49 14 19 33 13 20 25 9 50 21
39 159 6 18 48 22 39 9 35 29 13 5 2 50 10 38 14 18 37 19 26 27
40 95 12 34 36 21 24 35 28 8 41 31 11 29 26 4 43 20 15 30 3 13 14 7 37 19 2 16 40 48 39 10 25 5 45 12 6 27
41 195 9 26 3 30 36 27 7 5 42 24 23 19 15 40 39 6 4 1 49 34 13 20 29 12 22 38 43 44
42 468 19 43 9 35 15 16 24 36 39 44 7 34 43 17 5 37 1 14 22 40 29 31 41 12 23 32 38 8 20 46 25 2 3 50 10 30 18 13 33 21 27 11 19 49 47
43 221 14 38 27 16 17 33 19 34 11 6 45 31 43 49 9 41 29 30 42 26 22 5 39 38 14 15 47 20 23 7 24 10 8 21 13 18 36 3 4 1
44 454 3 16 16 8 3 19 31 22 9 25 43 27 40 5 14 11 33 21
45 381 8 1 28
46 310 20 9 23 38 50 13 41 14 24 7 5
47 373 8 1 22
48 167 8 25 12 4 15 35 44 50 23 32 13 47 26 41 40 31 6 7 19 8 21 25 18 27 9 5 33
49 450 2 39 48 11 21 40 10 42 19 34 45 7 2 4 49 25 29 28 36 14 8 39 24 1 37 16 17 35 31 15 46 5 38 32 41 13 33 20 26 30 3
50 226 5 15 50 42 32 1 12 16 26 36 18 19 41 17 9 8 22
51 252 12 8 25 12 40 36 41 26 9 2
52 586 16 14 41 7 23 32 4 30 40 14 49 36 10 50 46 29
53 366 3 2 3 36
54 393 10 20 2 8 20 44 28 25 35 1 45 11 26 21 3 43 9 42 40 31 4 23
55 239 9 5 37 3 20 41 35
56 193 13 42 21 12 1 40 17 22 45 32 8 48 5 31 30 24 10 19 7 14 27 23 42 44 46 34 13 50 38 4 6 20 11 33 25 15 3 28 29 41 2 35 49 37
57 482 13 40 40 18 8 7 28 38 12 49 41 24 6 20 31 39 37 45 5 34 32 16 19 47 14 23 17 44 36 42 26 2 15 4 11 1 29 43 21 9 30 46
58 376 8 32 1 30 17 48 40 3 12 23 44 37 29 24 20 14 16 22 11 49 10 9 5 26 45 36 21 42 7 15 47 35 50 13
59 153 9 31 20 22 6 2 50 26 8 43 19 7 11 5 38 25 39 17 30 41 24 37 48 9 4 29 46 18 21 32 16 1 33
60 234 20 7 47 29 20 15 19 45 10
61 425 6 40 27 26 15 22 5 8 43 41 16 10 9 29 11 21 4 12 46 48 24 34 20 19 30 49 14 7 36 45 38 6 40 32 31 3 37 25 47 28 44 33
62 56 19 27 9 36 49 33 18 43 42 35 38 47 8 28 14 37 30 5 20 11 27 25 22 50 39 48 16 2 10
63 105 7 32 25 26 10 22 2 40 50 46 11 6 29 30 34 45 23 48 43 49 9 4 38 7 35 36 15 44 41 47 1 20 18 8
64 567 12 29 37 27 41 42 2 21 39 29 9 26 46 10 23 19 20 47 36 45 4 50 5 15 33 17 13 49 7 11 40
65 78 5 18 31 2 20 38 24 46 25 33 28 5 7 30 8 44 45 48 23 34
66 114 8 42 41 37 6 35 2 39 27 7 8 20 22 11 16 17 4 10 45 40 36 34 9 38 13 43 42 49 12 25 24 1 50 15 28 44 48 18 33 46 23 19 30 26
67 491 7 35 9 39 13 23 26 38 4 41 10 31 50 21 49 14 27 2 32 16 34 7 33 42 22 45 40 18 25 30 8 24 11 43 47 15 44
68 440 12 24 43 49 44 10 9 21 33 19 7 15 11 5 36 41 45 23 1 30 35 2 18 31 3 46
69 44 1 36 16 44 45 20 43 24 15 34 8 48 27 33 7 9 50 12 18 17 22 19 49 11 4 5 42 1 38 13 40 47 46 14 21 31 25 30
70 19 16 6 13 20 35 2 10 5
71 98 1 34 14 13 12 19 46 49 48 5 16 33 23 3 36 44 11 9 39 18 31 7 25 42 34 38 26 22 2 43 32 8 40 4 37 17
72 278 2 32 6 41 46 8 31 26 49 11 3 19 21 4 38 29 48 7 17 16 42 22 14 2 24 30 23 5 37 47 35 43 28 20
73 259 18 31 40 35 38 3 45 37 22 32 34 25 5 30 44 7 17 21 33 12 42 26 49 1 31 24 39 13 41 47 2 28 9
74 205 0 34 47 50 43 21 37 1 34 18 41 8 15 14 10 25 27 17 42 23 12 46 19 7 11 5 13 38 49 6 40 20 3 33 48 32
75 510 3 24 37 14 44 34 7 2 36 39 25 29 30 9 48 4 13 33 1 32 35 5 31 50 24 18
76 166 8 27 14 47 4 23 2 36 42 22 46 37 17 35 9 1 7 41 48 19 12 27 30 24 32 3 26 18 10
77 398 9 42 31 16 44 14 19 45 27 40 28 3 4 2 41 15 38 43 20 37 24 23 46 7 12 13 25 34 8 9 17 50 26 21 1 18 5 6 39 42 48 36 22 49
78 263 8 21 44 14 7 19 9 17 4 45 41 27 20 37 12 11 3 16 1 2 31 49 42
79 112 16 29 31 17 50 7 32 39 23 16 4 30 44 6 10 15 26 12 47 1 2 42 20 25 8 28 46 41 43 3 18
80 449 6 28 18 35 22 2 20 23 46 8 40 13 32 17 37 21 7 44 28 15 19 10 3 48 27 1 39 34 12 42
81 345 12 14 25 11 41 19 20 40 4 46 43 27 13 8 36 7
82 502 12 28 28 36 42 8 38 14 37 24 9 48 41 20 44 3 29 6 35 22 26 23 34 21 46 45 10 5 13 49
83 435 8 25 33 19 35 27 14 39 4 34 44 24 2 29 5 40 3 13 49 31 43 45 6 28 7 22 26
84 500 20 1 23
85 480 7 38 47 40 32 5 2 25 34 36 35 20 48 19 4 37 14 26 24 43 23 10 28 7 11 18 21 49 46 42 41 45 33 30 8 12 15 6 22 39
86 292 11 38 30 4 2 6 45 28 40 36 8 33 22 35 31 49 39 10 12 37 11 13 14 44 16 25 23 27 24 34 26 15 9 3 21 7 46 41 19 29
87 335 6 45 2 50 23 48 27 18 25 43 17 1 9 22 16 38 8 7 11 3 15 26 37 46 31 29 41 20 42 21 30 47 44 14 36 40 13 45 4 5 6 10 34 28 49 24 12
88 327 5 11 12 40 27 8 15 25 33 21 50 38 14
89 589 9 18 12 46 31 4 14 40 8 42 17 43 35 38 23 45 36 20 26 44
90 139 0 45 38 40 15 32 50 14 24 35 49 25 20 22 13 39 17 41 1 28 45 36 44 10 33 5 23 12 18 9 42 31 46 3 19 7 34 37 43 16 29 2 26 4 8 30 27
91 357 10 13 29 42 44 20 9 15 17 13 47 7 4 40 43
92 397 19 14 43 18 26 35 16 14 32 36 24 17 12 42 29 47
93 151 8 32 1 27 40 43 13 45 14 23 29 18 5 2 37 10 42 24 48 20 7 35 47 30 17 26 3 4 6 25 28 9 36 44
94 458 14 13 5 45 30 28 49 18 3 7 11 6 8 42 44
95 281 5 50 4 16 25 45 32 38 3 11 10 30 1 41 27 31 34 44 13 46 50 49 2 36 40 6 15 23 26 5 8 14 17 35 47 29 7 43 21 20 24 9 48 12 28 19 33 18 42 22 39 37
96 347 0 47 5 48 26 24 10 20 1 39 16 6 2 50 25 49 4 15 36 22 35 17 14 33 40 31 21 9 29 30 34 38 42 32 19 46 44 28 47 23 27 12 8 45 41 13 18 43 37
97 425 18 1 1
98 402 19 16 43 11 12 10 5 21 40 19 17 23 48 18 50 15 37 38
99 38 6 1 48
100 23 13 46 44 4 47 15 38 34 6 40 41 20 18 37 14 27 1 13 19 23 49 22 12 32 33 36 42 48 29 24 7 30 2 16 21 9 5 43 3 17 46 8 28 50 45 10 31 26
50
1 20
2 14
3 20
4 15
5 1
6 12
7 8
8 4
9 15
10 1
11 9
12 4
13 12
14 2
15 7
16 15
17 5
18 11
19 4
20 16
21 7
22 12
23 3
24 4
25 18
26 11
27 1
28 7
29 2
30 15
31 4
32 18
33 8
34 15
35 12
36 14
37 1
38 1
39 19
40 18
41 10
42 6
43 13
44 18
45 4
46 4
47 3
48 6
49 7
50 9
30
1 1 940
2 4 52
3 12 36
4 12 82
5 7 61
6 11 56
7 10 70
8 11 41
9 6 43
10 20 68
11 16 85
12 19 78
13 8 38
14 3 41
15 4 40
16 9 35
17 17 40
18 10 59
19 1 33
20 19 84
21 5 80
22 13 92
23 19 32
24 13 89
25 20 85
26 5 71
27 10 57
28 14 60
29 7 55
30 5 64
156
1 17
2 17
1 19
1 20
1 21
4 22
2 23
7 23
8 24
9 25
2 26
2 27
13 27
14 28
2 29
16 29
4 30
7 31
8 32
13 33
4 34
4 35
16 35
3 36
5 37
13 37
5 38
14 38
2 39
6 39
7 40
5 41
7 41
10 43
7 44
8 46
3 47
8 47
8 48
8 49
12 49
9 50
8 51
11 53
12 54
10 55
2 56
11 56
4 57
11 57
11 58
8 59
11 61
14 61
15 62
1 63
12 63
12 64
5 66
13 66
13 68
2 69
14 69
14 70
8 71
13 72
14 72
14 73
3 74
16 74
4 75
16 76
16 77
15 78
16 78
17 79
18 79
19 79
21 79
25 79
26 79
27 79
28 79
29 79
30 79
31 79
32 79
33 79
34 79
35 79
36 79
37 79
38 79
40 79
41 79
42 79
43 79
45 79
46 79
49 79
50 79
51 79
53 79
54 79
57 79
60 79
61 79
65 79
67 79
68 79
69 79
70 79
71 79
72 79
73 79
74 79
76 79
78 79
79 80
1 81
80 81
2 82
80 82
80 83
4 84
80 84
5 85
80 85
6 86
80 86
7 87
80 87
8 88
80 88
80 89
10 90
80 90
80 92
13 93
14 94
80 94
15 95
80 95
16 96
80 96
81 97
82 97
85 97
87 97
88 97
90 97
91 97
93 97
95 97
96 97
99 100
77
1 18
10 18
12 19
14 20
2 21
2 22
2 24
2 25
10 26
2 28
3 30
3 31
4 32
4 33
14 34
5 36
2 40
7 42
9 42
7 43
11 44
7 45
13 45
1 46
4 48
5 50
9 51
9 52
9 53
9 54
6 58
11 59
11 60
11 62
9 64
12 65
15 65
13 67
16 68
6 70
14 71
16 75
9 76
12 77
20 79
22 79
23 79
24 79
39 79
44 79
47 79
48 79
52 79
55 79
56 79
58 79
59 79
62 79
63 79
64 79
66 79
75 79
77 79
3 83
9 89
11 91
80 91
12 92
80 93
83 97
84 97
86 97
89 97
92 97
94 97
97 98
98 99
