25
1 202 3 19 1 26 5 7 34 14 45 38 27 28 29 18 17 46 42 10 8 40 47
2 369 9 34 42 43 10 14 30 5 38 15 11 33 7 24 31 20 44 16 22 47 13 23 39 3 21 27 46 36 40 19 32 29 8 4 26 28
3 287 18 30 44 50 6 2 39 36 16 35 40 19 3 49 13 7 32 11 27 5 12 38 21 42 14 43 8 34 20 41 24 15
4 80 12 1 48
5 324 1 17 14 36 33 6 39 3 13 12 27 7 16 9 19 15 50 29 42
6 496 7 44 26 17 3 11 19 16 24 12 15 31 42 43 46 18 28 38 45 30 49 39 32 21 23 9 8 47 41 22 10 20 14 44 33 27 5 29 34 35 50 7 6 36 48 25
7 547 13 41 29 25 31 8 2 6 22 17 12 9 42 1 40 44 48 41 37 13 43 4 50 23 32 19 47 36 10 38 46 16 49 14 21 3 18 28 30 5 34 7 45
8 441 0 19 23 50 47 24 10 14 31 21 45 18 36 5 7 40 19 12 22 44 4
9 157 14 37 33 24 35 10 1 39 3 47 12 34 20 31 40 37 5 21 25 29 43 19 30 4 48 16 46 50 8 45 15 41 28 11 27 13 7 6 2
10 554 10 15 9 23 7 29 25 36 40 12 48 3 38 16 28 2 39
11 469 18 42 2 6 18 17 23 47 49 30 3 32 15 10 16 12 7 22 24 1 14 20 44 4 28 45 8 43 35 39 9 29 31 21 19 25 50 36 48 46 33 40 38 34
12 138 0 46 8 45 18 17 23 44 4 41 32 15 29 1 5 37 28 31 19 14 27 26 33 46 25 40 36 35 21 50 9 20 10 30 43 49 22 12 38 7 11 2 39 6 47 24 48 16
13 498 20 11 26 25 9 18 3 19 44 14 31 12 28
14 52 1 28 3 16 46 21 1 26 39 25 49 13 32 28 47 10 45 19 43 4 22 11 30 42 23 34 7 17 44 2
15 301 6 2 39 35
16 141 12 10 19 32 6 28 11 13 30 8 1 45
17 153 20 3 7 43 37
18 383 16 22 8 43 30 21 37 41 3 38 50 18 4 28 7 25 10 42 32 33 47 22 45 31
19 458 5 23 4 26 27 37 36 33 6 22 32 9 20 11 48 43 38 1 7 34 35 3 23 10 17
20 302 2 42 19 29 15 44 27 6 13 25 2 26 7 14 23 47 37 32 49 21 34 35 45 33 48 36 50 16 22 20 9 46 17 1 42 10 8 41 3 12 43 39 30 24
21 564 13 23 23 45 7 41 44 27 11 26 28 2 36 34 4 24 22 3 38 20 10 25 42 31 39
22 393 0 37 9 12 26 16 10 7 29 24 47 35 43 48 33 21 44 6 8 13 46 23 2 14 3 5 1 17 19 25 27 32 41 45 11 22 38 34 40
23 584 3 3 32 50 15
24 158 17 40 15 11 43 35 26 23 10 44 48 12 1 4 7 50 34 13 9 5 22 38 30 2 49 6 29 46 32 39 36 18 3 14 28 20 16 24 21 31 47 42
25 51 1 14 14 7 49 39 18 10 47 5 26 42 29 41 27 32
50
1 12
2 9
3 12
4 3
5 20
6 17
7 1
8 1
9 7
10 20
11 15
12 11
13 20
14 9
15 14
16 3
17 4
18 3
19 12
20 14
21 17
22 9
23 9
24 20
25 9
26 3
27 4
28 13
29 15
30 1
31 5
32 4
33 14
34 12
35 14
36 14
37 12
38 17
39 15
40 17
41 20
42 2
43 9
44 1
45 5
46 7
47 14
48 8
49 16
50 10
30
1 1 221
2 6 11
3 11 11
4 18 21
5 1 22
6 2 14
7 10 13
8 13 21
9 11 15
10 17 19
11 18 12
12 15 21
13 18 21
14 7 20
15 11 13
16 5 12
17 19 10
18 11 19
19 15 11
20 17 16
21 2 16
22 8 13
23 16 15
24 10 12
25 1 15
26 15 10
27 20 17
28 5 8
29 6 18
30 18 12
18
2 6
2 7
2 8
4 8
1 9
3 9
5 13
4 14
6 15
11 15
13 15
15 16
16 19
4 20
16 20
18 22
21 22
22 23
27
1 6
1 7
2 10
3 10
3 11
2 12
4 12
2 13
5 14
7 15
8 15
9 15
10 15
12 15
14 15
1 17
16 17
2 18
16 18
3 19
5 21
16 21
17 22
19 22
20 22
23 24
24 25
