500
1 424 5 45 14 19 39 9 8 18 48 21 24 40 47 46 11 30 34 36 31 44 3 25 26 27 1 32 23 50 20 38 41 33 4 16 28 49 35 12 43 6 17 13 7 45 5 22 10
2 517 8 7 25 36 46 43 26 40 31
3 38 19 36 44 25 45 4 11 1 17 23 14 2 40 30 10 3 26 31 50 49 46 5 12 7 47 37 38 6 24 16 9 13 35 39 29 32 34 22
4 29 18 28 50 35 44 19 25 40 46 7 29 9 32 36 49 27 48 28 1 8 38 16 13 33 17 22 6 21 24 41
5 276 19 19 25 38 12 42 5 39 17 41 16 10 34 33 9 15 32 24 2 47 31
6 396 8 48 20 27 14 10 38 49 1 35 23 5 44 31 33 4 3 25 45 40 41 13 37 48 11 43 46 9 8 34 16 39 21 19 12 15 18 6 36 50 47 26 29 7 42 22 30 17 28 2
7 198 9 36 5 20 8 29 21 23 28 6 14 48 18 36 4 37 45 12 41 46 7 26 30 22 35 44 17 15 47 49 31 19 39 13 27 43 16 38
8 406 8 24 29 25 17 47 11 35 1 31 40 21 45 10 18 44 5 24 50 23 3 42 49 32 13 34
9 287 19 1 41
10 561 7 31 44 25 27 10 42 3 45 26 15 4 11 2 37 43 47 20 48 24 40 23 50 39 17 19 6 9 49 12 29 36 13
11 145 6 37 33 21 30 23 25 2 28 9 40 41 35 48 12 49 11 27 6 5 14 13 17 43 20 32 15 1 3 18 39 24 45 8 22 37 42 47 34
12 526 6 22 48 20 37 13 5 23 21 42 46 35 12 28 49 32 44 24 40 36 29 43 2 1
13 240 8 44 35 14 41 29 44 49 32 25 21 20 43 17 47 6 33 45 42 39 50 15 11 13 9 18 31 8 36 26 12 7 40 48 24 22 2 19 38 1 5 30 27 23 37 34
14 553 11 30 26 39 17 14 21 47 46 30 31 50 2 20 22 25 43 18 34 5 42 28 7 40 1 37 35 24 32 29 23 10
15 60 2 15 46 33 50 13 21 37 44 18 2 22 35 36 16 25 8
16 439 3 43 16 33 36 14 22 41 13 1 24 47 6 21 27 28 18 43 25 35 44 29 26 23 3 8 4 5 2 42 46 38 9 10 11 20 7 39 45 30 50 48 19 49 37
17 410 6 44 27 13 36 30 2 47 3 19 48 17 22 15 32 23 1 6 43 41 38 46 26 35 21 14 10 7 45 34 4 18 12 29 37 16 40 49 9 5 33 25 8 42 44 50
18 126 11 11 3 41 21 5 10 16 35 19 43 47 18
19 147 9 3 28 38 37
20 215 7 32 26 27 47 32 28 24 50 33 8 35 4 12 17 41 5 49 22 18 10 3 48 9 6 45 25 29 2 31 42 14 43 40
21 246 15 48 19 29 38 2 12 39 26 36 24 16 10 41 22 43 21 25 3 45 1 46 9 8 30 23 7 4 6 34 40 28 42 18 37 11 17 14 47 5 20 27 35 33 44 49 15 31 50 13
22 591 2 18 16 31 25 33 36 38 41 28 11 20 4 43 13 7 19 6 29 44
23 370 9 35 29 24 19 26 10 16 40 1 32 6 35 34 50 33 27 2 44 25 48 47 39 5 14 7 8 45 42 28 31 20 23 22 3 9 37
24 182 20 35 15 38 2 50 30 44 35 13 34 22 16 31 40 8 14 10 18 12 4 6 39 5 43 48 33 49 7 23 46 11 29 1 32 17 27
25 537 16 14 31 47 7 33 21 24 32 29 13 25 16 5 10 3
26 63 5 22 22 40 7 42 50 9 30 12 25 3 13 10 27 31 37 2 19 4 20 49 17 26
27 314 9 4 2 6 16 38
28 434 15 6 15 4 25 1 21 46
29 275 4 39 46 25 18 3 47 49 12 4 24 34 35 22 45 33 26 10 19 40 2 48 6 9 20 44 27 7 14 8 32 36 39 23 30 11 29 17 28 1 37
30 594 16 45 1 3 25 36 48 9 29 17 47 18 19 45 32 14 2 26 43 24 33 39 27 8 41 49 10 7 12 6 23 40 5 21 38 11 13 22 15 46 44 20 4 37 28 31 30
31 117 5 10 42 10 8 21 9 28 20 12 17 14
32 45 5 50 23 4 31 20 26 40 16 27 47 42 36 30 9 22 37 2 32 34 39 12 3 50 46 45 24 13 19 35 43 8 33 7 44 49 14 48 28 15 29 21 5 18 38 25 10 11 17 6 1 41
33 486 0 2 46 3
34 214 9 31 42 10 46 30 26 32 47 20 14 9 12 17 22 45 2 4 36 18 49 6 7 27 50 8 34 19 1 23 48 29 31
35 50 14 14 50 49 2 10 3 43 27 8 23 33 35 30 17 29
36 369 7 38 8 36 41 25 16 19 9 2 50 10 22 31 34 28 11 35 38 21 4 26 5 7 47 1 20 33 43 13 32 15 12 42 39 29 44 14 40 45
37 234 17 32 42 47 27 6 50 10 36 12 48 13 44 43 2 21 15 26 30 35 9 8 18 31 3 33 16 4 11 29 37 49 46 39
38 98 13 35 31 47 36 20 12 27 2 32 37 42 29 13 10 49 11 23 25 41 6 9 34 3 44 16 21 17 7 40 38 50 18 1 39 14 35
39 88 8 26 48 24 25 33 16 42 27 20 10 47 3 39 38 23 2 17 1 50 49 30 13 6 43 14 11 44
40 433 9 33 43 35 39 17 21 1 15 37 3 4 47 33 7 22 11 48 41 32 9 16 10 20 13 2 19 42 30 23 45 27 25 29 8
41 23 17 19 45 20 9 26 40 21 15 44 18 48 19 43 27 32 49 37 14 2 42
42 334 20 49 48 2 25 24 40 49 39 13 29 21 10 43 12 19 4 42 38 8 22 44 20 34 50 11 17 3 15 32 18 26 30 16 35 14 47 1 37 41 28 6 33 31 23 36 45 7 27 46 5
43 453 0 11 31 43 16 34 35 3 41 44 11 9 14
44 526 13 32 38 45 34 19 46 3 20 26 37 49 6 44 28 29 47 33 48 27 16 35 31 14 32 22 8 24 50 43 4 10 25 12
45 295 16 42 27 8 25 44 14 38 13 16 31 15 40 1 19 29 24 39 3 34 32 36 28 20 17 10 37 41 49 4 30 46 2 18 11 43 6 21 47 7 35 48 33 23
46 419 7 38 28 18 15 22 8 14 44 11 47 24 45 7 30 48 33 27 32 4 19 41 10 49 17 26 12 31 38 36 39 29 42 6 9 35 20 40 37 46
47 289 19 26 16 19 45 36 34 8 3 24 50 44 43 18 37 41 29 49 38 46 13 39 6 31 26 12 11 20
48 292 8 34 50 1 24 44 27 4 41 21 6 36 7 32 34 46 49 29 2 48 17 35 43 16 37 3 9 13 22 45 14 20 40 12 11 19
49 252 17 33 37 15 38 23 32 10 50 40 26 36 18 25 9 34 6 7 24 17 42 41 45 22 20 4 46 48 43 49 33 35 14 21 5
50 52 9 34 20 38 46 6 37 23 4 17 29 34 40 21 36 24 25 35 39 50 3 42 2 18 31 43 16 8 49 47 44 41 32 22 45 11
51 585 0 7 8 43 40 49 29 38 18
52 33 17 24 26 50 29 32 6 20 40 31 11 21 4 28 18 7 43 27 19 46 38 49 8 35 10 25
53 365 4 37 13 34 8 14 3 11 27 46 35 43 37 5 38 1 19 44 39 48 18 50 40 26 4 16 32 7 42 24 20 47 15 23 2 6 45 28 9
54 571 6 22 22 46 3 23 43 29 1 37 40 41 45 48 9 10 8 36 42 20 13 33 31 21
55 80 2 30 28 44 42 16 37 50 10 27 12 13 33 34 3 18 43 25 9 11 21 22 17 14 19 41 20 23 24 15 38 6
56 462 4 30 44 27 34 28 30 26 22 16 32 19 11 13 14 38 46 39 40 15 37 8 21 23 43 42 25 33 20 36 17 45
57 447 9 2 22 4
58 320 15 31 50 28 32 6 14 47 3 46 22 36 5 4 48 16 33 2 21 34 15 45 13 39 37 42 8 38 11 30 25 20 12
59 15 10 18 49 46 1 42 50 7 18 3 17 37 8 2 38 14 30 34 41 24
60 519 14 5 16 42 33 30 39
61 98 9 28 39 32 49 17 46 4 11 13 44 9 21 23 42 18 45 8 24 14 16 27 33 41 43 36 22 19 31 12
62 331 8 36 21 47 22 43 33 31 13 18 6 42 41 9 4 45 19 8 37 10 11 30 29 25 20 50 44 24 36 7 15 32 1 26 14 34 38 46
63 27 5 16 27 28 15 46 13 17 36 2 49 16 44 35 3 22 48 21
64 14 13 33 6 14 49 26 30 37 39 44 23 38 17 13 3 43 8 50 40 28 45 22 41 33 35 21 12 36 5 11 2 24 46 4 48
65 545 6 28 9 48 7 30 20 37 10 11 36 27 39 38 45 8 25 29 40 21 6 17 1 32 42 49 12 47 23 22
66 317 0 12 37 4 42 1 36 10 7 29 5 8 48 32
67 168 19 6 1 39 3 21 15 27
68 388 1 39 46 11 32 6 39 30 34 31 24 50 3 45 37 25 20 29 19 2 10 7 12 23 44 27 42 26 41 40 15 48 22 13 28 1 35 5 8 16 33
69 251 16 24 18 21 8 6 24 35 27 44 7 31 37 38 39 49 2 3 40 12 47 36 20 34 26 25
70 556 0 42 33 45 20 42 18 17 44 32 29 19 12 50 3 38 11 26 14 47 4 25 30 21 16 7 5 27 23 10 31 37 46 1 15 35 22 24 28 34 49 8 40 43
71 458 1 32 11 10 22 20 29 40 41 39 21 8 47 32 50 3 24 15 38 44 1 45 25 4 28 34 37 26 9 14 42 12 16 30
72 97 11 6 7 13 2 42 4 37
73 273 7 30 42 18 50 2 33 16 26 8 20 40 9 25 48 36 23 30 13 11 14 46 38 37 1 29 3 28 45 43 44 4
74 334 8 24 19 26 28 29 3 40 37 13 4 41 34 35 16 8 39 17 7 38 14 45 10 43 21 18
75 282 10 9 43 3 11 5 26 15 28 36 10
76 419 8 15 42 32 2 27 6 16 20 30 26 40 28 38 21 45 10
77 288 4 2 29 45
78 516 3 11 48 11 49 43 7 30 12 29 14 26 16
79 232 1 43 21 5 43 49 46 16 24 29 9 4 31 33 32 19 23 45 28 3 37 8 10 38 15 40 20 26 44 27 1 30 13 6 42 41 18 34 47 35 50 22 2 36 14
80 348 7 7 29 39 27 44 50 20 45
81 408 15 21 22 28 40 27 17 37 25 49 13 18 24 41 19 30 46 16 43 20 39 44 6
82 310 13 19 47 38 8 46 49 5 25 39 44 12 3 16 43 48 19 21 41 24 29
83 26 3 39 2 17 29 18 45 14 19 30 37 15 33 32 36 50 11 5 3 42 43 24 1 38 22 47 16 40 35 7 31 26 25 20 21 9 41 49 4 8 48
84 86 8 2 19 10
85 49 14 14 33 8 41 38 48 9 45 19 25 12 16 42 34 44
86 244 11 39 15 27 22 35 28 20 9 17 29 41 21 25 18 12 34 8 40 13 11 10 23 38 45 5 30 6 39 19 32 44 2 31 46 3 47 7 50 16 26
87 501 15 1 5
88 356 1 6 3 42 12 44 7 31
89 509 1 3 40 46 24
90 301 7 16 24 49 26 36 16 47 4 35 45 25 13 41 7 34 21 5
91 434 6 50 32 41 25 5 48 9 2 8 28 45 11 46 39 27 13 50 17 49 7 23 6 30 19 1 33 37 40 3 31 14 26 36 34 42 24 43 12 16 22 18 15 20 38 44 29 21 35 4 10 47
92 47 15 22 7 47 3 1 31 9 50 43 16 2 28 22 24 36 29 23 26 42 19 11 32 33
93 503 3 37 17 32 7 37 29 44 2 4 8 16 3 48 47 30 43 28 50 49 27 12 23 40 9 6 41 38 1 24 33 11 5 15 35 20 14 18 22
94 559 15 6 31 9 35 36 29 28
95 480 10 21 42 20 34 25 6 8 14 5 47 7 32 18 33 3 46 2 28 1 45 22 50
96 98 11 42 21 4 19 39 18 41 7 17 48 16 47 46 12 15 30 26 44 9 10 24 34 25 33 28 42 8 32 13 14 49 23 38 22 50 5 29 2 43 45 36 3 35
97 201 4 7 45 49 4 38 36 14 25
98 185 0 21 41 28 35 6 42 39 33 10 1 21 30 37 12 48 2 8 31 46 24 49 16
99 288 12 16 44 5 19 42 28 14 45 12 37 32 7 24 13 46 36 39
100 110 0 3 3 25 50
101 594 3 43 14 29 22 30 26 36 43 2 4 46 33 31 49 9 23 5 42 39 35 7 27 24 20 1 38 21 50 16 34 48 37 12 40 41 32 13 45 18 25 3 44 15 28
102 369 15 6 26 6 42 11 20 48
103 440 2 38 17 40 10 27 31 33 39 20 45 35 29 26 8 41 14 37 12 23 47 43 25 18 1 49 30 24 48 7 44 15 9 16 6 28 13 36 5 19
104 115 7 43 16 30 44 48 3 8 5 18 1 7 19 36 2 29 24 20 17 43 11 15 22 39 21 4 38 45 50 37 47 33 13 10 32 26 6 41 25 27 9 40 46 14 28
105 544 3 47 3 35 43 2 40 21 41 11 8 50 38 12 29 25 45 37 10 14 27 42 44 32 22 6 33 28 16 5 15 18 17 23 47 34 30 46 7 9 1 4 49 19 13 36 48 39 26
106 220 1 42 16 40 7 20 34 18 45 6 2 10 41 22 36 30 44 32 23 47 26 42 24 3 33 27 19 21 17 5 39 11 49 15 28 35 13 9 43 29 4 8 37 46
107 131 10 39 11 10 12 6 16 35 28 9 24 14 19 25 46 23 38 45 41 26 7 47 3 21 43 36 44 42 13 48 31 49 32 15 34 5 18 33 39 27 1
108 45 9 30 11 37 33 34 24 47 13 43 15 32 10 25 17 49 36 5 26 3 31 14 23 35 8 39 4 48 45 27 28 41
109 237 12 36 33 26 49 15 42 43 13 47 29 19 6 9 16 28 24 3 48 36 34 45 2 18 46 11 20 21 30 27 22 31 5 14 40 35 44 38
110 249 9 21 35 39 38 44 46 42 28 4 41 47 8 30 9 34 24 2 48 49 45 3 16
111 558 12 50 9 11 18 8 41 23 42 14 27 4 47 1 12 32 3 22 45 25 44 28 7 15 48 20 2 24 21 38 43 17 31 33 34 40 49 13 35 37 16 19 5 26 29 46 50 36 6 30 10 39
112 70 5 34 2 12 47 50 18 11 29 17 30 8 45 42 5 36 28 46 13 15 24 32 27 22 39 6 4 35 31 33 16 7 21 34 23 44
113 569 4 47 10 31 13 42 22 34 18 20 11 30 16 33 19 44 14 35 38 40 46 21 25 36 12 47 26 4 45 29 3 24 23 27 32 48 28 17 37 9 8 41 49 15 5 7 6 50 2
114 457 10 17 28 41 26 33 24 1 45 25 27 22 23 11 46 6 7 35 19
115 314 11 1 19
116 54 19 17 28 11 29 26 31 16 15 5 44 42 3 10 48 8 38 43 19
117 312 14 10 3 23 26 10 1 29 42 22 17 27
118 471 18 44 10 38 15 30 36 14 29 31 50 11 45 32 3 4 19 12 18 22 40 8 49 16 35 21 17 20 7 47 27 5 33 37 23 13 48 44 46 34 43 24 1 42 2 9
119 298 7 1 28
120 406 5 29 18 20 39 3 15 11 14 30 46 19 47 21 42 13 44 9 37 32 16 7 26 38 8 1 28 50 45 25 41
121 256 8 43 3 47 45 10 9 13 33 36 46 21 20 44 42 6 29 2 40 11 32 30 37 1 8 24 7 27 15 39 16 26 34 31 23 50 19 17 14 22 18 5 28 35 4
122 419 0 50 47 37 49 34 20 36 4 22 3 13 27 7 18 19 1 11 41 45 5 33 42 24 8 6 16 14 17 23 25 15 30 2 43 46 40 9 39 38 21 31 50 29 10 26 12 35 44 32 28 48
123 291 0 5 23 12 13 21 28
124 329 9 15 1 18 11 50 29 10 20 40 48 22 5 13 42 23 33
125 405 0 50 25 34 45 49 9 27 35 32 28 33 37 17 14 43 10 26 6 21 22 1 42 50 46 40 18 47 38 13 2 15 12 30 48 44 7 11 24 41 8 5 20 3 16 29 4 39 31 19 23 36
126 518 12 19 18 15 39 24 43 14 17 12 1 16 47 19 21 49 8 30 33 31 37
127 84 7 38 18 50 4 26 3 8 14 39 28 22 25 11 44 30 27 5 42 21 9 38 37 31 40 32 6 33 16 23 15 10 47 43 1 20 35 46 24 12
128 377 8 7 46 37 19 50 38 30 16
129 118 4 47 36 6 46 25 24 28 31 27 32 47 50 33 35 7 10 20 44 49 48 19 37 18 15 17 1 9 8 26 16 2 30 12 38 5 39 3 13 29 40 23 34 11 45 43 14 4 41
130 426 15 45 31 46 9 6 38 48 28 47 45 35 40 14 13 2 21 10 20 49 16 26 3 1 4 42 36 22 19 27 43 30 44 39 32 37 7 29 12 17 33 50 41 11 15 18 25
131 486 2 24 45 41 14 24 17 20 6 4 29 21 26 23 5 48 44 16 50 39 15 25 7 10 9 31
132 412 7 25 32 42 9 36 2 33 26 4 25 20 16 44 17 24 8 31 13 6 38 27 14 46 10 39 12
133 249 19 43 25 4 33 31 15 32 34 48 41 1 43 36 27 9 5 6 14 17 37 19 18 26 42 46 28 16 10 30 13 50 39 35 38 8 21 2 20 29 47 24 7 12 11
134 245 12 19 47 10 16 37 50 45 11 38 44 23 18 9 20 39 35 40 49 26 4
135 110 12 34 13 32 37 18 44 34 20 23 15 4 16 41 35 12 30 5 39 6 31 26 19 49 36 46 45 21 8 14 3 33 50 25 29 7
136 479 8 6 47 45 40 3 10 11
137 487 15 50 7 46 43 24 49 6 17 27 40 35 41 26 16 25 9 48 47 4 30 37 23 33 32 14 10 38 8 13 50 22 18 28 2 34 45 15 3 19 42 20 36 29 5 12 1 11 31 44 39 21
138 189 12 37 41 11 46 33 20 1 15 19 31 29 42 50 14 39 32 17 26 6 18 38 36 49 23 47 48 25 28 3 4 40 27 8 10 35 2 5 21
139 435 10 16 11 1 25 7 28 12 37 45 29 33 19 13 26 10 49 15
140 554 1 34 41 43 12 38 7 27 10 23 24 35 5 9 34 6 22 19 49 29 18 32 45 8 20 28 36 40 48 21 11 44 30 42 25 16
141 520 18 45 12 27 2 35 21 13 1 33 14 19 3 42 40 34 11 5 25 30 4 18 44 43 28 36 32 16 48 10 23 47 8 37 38 39 20 29 49 45 6 31 41 7 24 46 15
142 563 8 26 31 37 26 38 11 32 34 17 30 2 8 29 5 42 27 7 4 25 44 9 16 49 12 14 13 15
143 141 13 4 7 28 11 9
144 481 8 19 49 16 45 31 1 26 32 36 10 48 23 30 24 14 41 5 2 12 35
145 522 16 27 45 17 19 35 29 28 42 48 18 22 2 24 38 34 33 43 8 7 47 27 12 26 14 50 10 44 40
146 469 16 34 22 36 6 41 4 5 2 48 42 8 17 46 9 45 3 10 23 15 14 39 31 24 21 1 12 40 35 29 11 28 33 16 49 13
147 196 17 15 33 12 8 10 3 20 24 14 41 5 32 25 21 30 2
148 505 10 29 8 44 18 48 2 20 17 13 26 25 14 9 15 50 38 24 16 5 37 11 10 6 49 12 30 36 40 22 45
149 282 5 9 32 13 10 1 3 4 47 34 38
150 533 9 47 17 38 2 36 27 50 39 30 40 22 49 34 23 47 8 16 15 33 41 29 7 37 1 24 46 4 12 25 6 10 21 42 31 28 20 3 43 14 35 9 13 18 44 5 11 45 48
151 331 0 30 15 43 20 23 16 22 12 31 9 3 40 37 17 11 5 46 19 10 25 24 8 6 14 50 38 1 2 4 7 42
152 479 15 18 43 47 24 12 50 13 17 15 46 49 9 34 11 32 19 28 40 14
153 239 19 39 4 25 9 21 2 12 47 29 43 17 23 16 27 32 44 11 50 18 5 45 14 40 6 30 35 8 36 1 48 26 24 22 19 31 37 38 13 49 20
154 425 11 34 20 8 22 29 33 7 24 18 42 14 3 41 19 27 49 9 36 39 37 45 50 30 48 16 2 11 15 21 47 12 43 23 25 32
155 224 4 43 8 30 33 29 32 37 21 26 7 16 17 9 13 2 25 23 5 6 22 47 42 49 12 44 31 41 48 20 11 10 1 14 50 18 24 4 43 39 45 15 3 35 28
156 470 0 9 13 1 23 37 45 31 19 43 9
157 557 11 34 20 7 49 46 11 9 28 4 6 14 27 16 35 1 21 33 38 32 24 23 18 47 40 30 36 22 26 2 10 45 43 15 41 8
158 73 0 19 31 12 17 10 23 47 21 9 50 5 45 13 26 27 8 16 7 4 14
159 563 4 3 43 47 33
160 390 10 47 9 20 33 32 45 28 11 47 24 12 10 13 34 49 14 23 30 26 41 48 19 43 4 31 36 15 40 8 42 16 5 17 22 27 3 21 1 37 38 44 50 2 39 6 7 18 29
161 170 7 33 25 42 38 35 21 20 48 46 9 5 43 29 4 45 49 8 36 16 37 1 41 18 6 12 10 47 23 24 40 31 2 7 11
162 65 9 25 42 22 23 16 19 5 14 9 26 50 10 43 37 45 46 15 4 28 2 30 49 36 1 21 39
163 463 11 24 40 12 30 18 2 41 49 20 8 10 43 15 6 13 22 25 4 47 9 5 42 33 28 17
164 336 7 38 22 27 47 28 42 50 37 32 25 23 2 33 4 24 41 20 40 36 19 31 10 18 49 15 48 8 12 45 30 35 38 46 43 11 26 9 44 16
165 137 19 36 23 1 9 26 27 29 15 40 6 5 43 33 21 2 39 45 37 38 4 50 3 8 47 10 44 22 16 7 13 12 48 35 34 32 24 25
166 226 4 20 2 28 39 27 20 7 25 11 30 46 5 12 38 14 41 3 6 21 42 44
167 130 14 37 6 22 11 33 43 21 25 30 32 46 29 27 16 45 41 5 18 44 14 36 40 35 15 34 3 12 48 8 2 13 47 10 50 31 28 4 39
168 409 13 18 21 14 12 39 34 47 20 30 40 9 43 41 32 15 42 44 11 5
169 311 7 19 7 22 18 24 8 17 30 43 35 6 32 13 33 23 11 37 48 50 29
170 600 9 24 29 26 38 50 46 24 43 22 1 14 49 48 25 35 18 7 19 27 8 4 5 45 32 47
171 354 19 42 28 10 13 2 38 12 29 49 47 46 31 33 36 30 22 24 18 21 7 3 48 43 11 26 8 45 40 39 19 9 17 27 42 37 41 25 50 34 1 32 4 16
172 321 12 15 30 23 37 38 35 21 49 41 45 43 46 19 14 31 27
173 247 20 50 46 37 22 10 4 43 2 34 20 14 7 12 13 47 33 35 31 21 50 45 8 32 9 28 15 11 38 40 41 5 39 18 25 1 17 42 6 29 23 26 44 36 30 16 27 49 3 48 24 19
174 387 12 47 23 9 4 17 6 2 25 3 34 24 1 8 41 38 39 10 40 44 48 5 35 16 37 50 12 21 42 49 46 29 30 43 31 11 15 14 18 27 32 22 19 7 20 33 26 28 47
175 552 15 5 32 36 34 27 1
176 386 14 28 17 33 16 27 22 1 49 35 44 46 15 41 42 29 26 48 10 6 24 4 19 11 7 45 31 14 38 8
177 147 20 49 8 12 33 48 30 32 2 25 15 23 38 20 7 24 36 44 17 41 50 49 42 31 35 47 11 39 26 4 28 21 6 40 18 13 3 5 9 16 37 46 43 27 1 45 19 14 34 22 29
178 447 13 50 47 17 24 6 36 38 4 12 41 46 31 19 26 45 3 32 50 20 14 33 37 39 44 49 35 13 18 2 43 27 28 22 29 30 42 34 11 15 16 1 8 7 48 25 23 40 10 9 5 21
179 271 16 10 7 26 43 30 21 19 31 46 47 1
180 543 20 4 24 40 21 11
181 207 15 15 27 1 17 9 13 30 29 11 23 19 28 15 39 20 43
182 196 10 27 19 1 6 5 4 23 18 24 22 40 14 32 48 15 44 17 8 50 49 41 36 10 11 35 37 27 9
183 152 18 4 7 1 18 45
184 473 15 39 13 37 40 4 41 20 22 29 50 10 33 14 31 42 43 25 19 45 7 30 16 39 3 36 2 38 23 9 21 35 34 12 32 15 1 24 28 44 5
185 322 7 48 15 17 9 47 45 50 3 38 44 40 32 30 16 48 35 23 19 6 31 28 13 2 1 8 34 29 46 7 21 37 43 5 41 11 4 36 33 12 22 42 39 24 27 25 18 49 20 26
186 534 14 14 14 25 48 33 42 15 7 4 40 36 47 8 22 10
187 112 3 48 11 49 35 40 25 41 9 14 33 4 24 44 27 37 48 32 10 7 22 42 43 34 15 36 19 30 13 23 29 20 5 26 21 46 17 8 45 39 18 6 2 50 3 47 16 38 28 31
188 367 3 28 46 35 18 6 15 44 2 45 38 11 3 41 7 14 50 8 10 36 12 42 49 30 13 43 39 33 32 40
189 536 18 14 5 49 47 43 28 44 45 19 33 8 35 16 34 30
190 74 17 19 41 32 47 8 49 33 27 37 21 31 50 26 35 40 48 11 6 9 15
191 497 14 9 40 39 8 43 12 49 1 28 6
192 153 17 5 5 14 44 36 43
193 248 2 35 47 5 10 18 13 12 20 29 4 2 11 15 27 48 17 37 41 46 16 6 38 34 30 8 9 35 24 45 7 44 33 31 14 39 23
194 547 7 29 42 20 29 45 3 10 21 22 43 17 34 41 2 7 36 19 6 18 40 48 33 8 47 23 27 13 12 26 5
195 372 19 4 34 24 42 3
196 402 16 27 21 26 23 5 42 17 34 14 32 49 35 40 3 4 43 50 12 30 39 45 10 7 20 25 47 16 27
197 374 19 39 33 6 12 38 23 36 4 39 19 47 46 35 26 43 1 15 8 27 41 2 14 3 7 11 42 48 20 24 22 28 50 16 31 37 5 30 29 44 17
198 136 9 27 44 16 14 39 8 41 26 21 49 31 47 35 20 45 5 33 1 37 23 36 25 38 10 7 42 9 40
199 277 9 33 8 18 22 16 9 6 21 28 34 43 29 27 5 44 26 32 10 19 33 31 50 11 12 7 36 2 39 30 17 35 20 45 4
200 368 19 23 27 5 30 14 49 46 33 3 8 41 2 1 20 13 31 37 32 36 39 10 19 50 23
201 15 6 15 31 1 16 2 10 35 17 37 48 26 30 8 46 38 20
202 296 12 43 29 12 10 33 5 11 46 36 37 20 4 22 27 30 26 21 48 19 49 16 13 47 43 23 32 28 38 1 42 17 24 2 45 40 14 7 31 25 18 8 34 41 44
203 235 8 8 40 31 21 16 43 50 47 9
204 557 9 13 25 45 23 5 31 19 41 30 34 28 29 50 15
205 399 1 47 13 22 38 19 36 37 1 40 48 4 10 12 33 32 39 44 31 35 9 42 50 24 25 6 29 15 49 16 20 34 27 14 8 45 5 11 7 46 26 18 28 43 23 41 30 21 3
206 563 9 21 40 32 22 47 37 9 27 35 6 23 14 21 3 33 36 5 44 24 4 49 43
207 445 16 39 14 12 41 49 8 24 2 22 30 40 45 31 4 15 43 48 47 46 27 32 44 21 25 17 10 23 13 34 7 20 9 11 39 50 38 33 29 5 18
208 33 2 46 21 45 47 44 34 1 49 38 3 42 25 11 39 18 37 40 48 30 31 23 7 24 4 8 36 2 13 17 19 35 20 5 9 10 43 6 12 14 46 16 33 22 26 15 50 41
209 588 12 25 14 38 15 17 45 1 29 25 8 26 40 24 13 22 50 11 3 44 43 27 12 20 21 39 6
210 567 9 15 49 24 12 25 9 38 41 46 1 21 43 50 40 10 47
211 435 15 48 10 25 42 1 27 4 40 30 31 35 22 15 49 26 47 2 19 21 37 45 14 13 12 50 28 33 6 18 9 44 43 24 16 7 8 36 20 46 11 32 48 39 29 17 34 41 23 3
212 202 8 38 11 49 41 23 39 6 18 45 10 7 31 21 15 26 35 17 14 27 22 50 30 13 19 33 38 1 40 8 12 29 42 36 28 16 24 20 47 3
213 565 13 19 2 28 40 9 10 13 19 20 8 47 34 12 50 37 46 44 3 30 33
214 209 1 32 38 1 17 16 3 30 12 26 8 37 18 7 31 21 35 6 4 14 42 15 32 49 27 29 23 11 22 48 40 5 47 20
215 244 11 31 14 48 37 26 8 12 25 47 10 50 23 46 42 9 21 17 27 35 43 6 30 16 40 33 44 34 2 20 15 3 28
216 241 14 44 12 17 29 6 23 19 3 24 5 8 4 20 47 15 41 14 10 2 35 34 33 13 44 25 26 21 37 22 39 50 49 28 9 16 18 46 36 42 32 48 30 7 38 1
217 592 20 16 46 35 10 14 19 30 32 41 21 28 48 42 3 40 50 11
218 240 20 44 15 6 21 18 22 20 37 8 7 27 44 45 3 25 1 39 19 26 34 35 16 10 43 5 30 32 11 4 14 40 29 36 13 31 12 47 2 41 50 49 33 46 38 42
219 462 13 19 36 37 32 1 41 48 16 40 7 19 29 28 38 46 43 13 33 11 4
220 270 6 49 24 46 20 12 30 14 41 11 35 34 33 26 23 45 42 2 5 38 8 31 49 19 27 9 21 16 13 15 48 39 44 1 17 7 40 36 25 18 37 28 22 50 32 4 29 6 3 43 10
221 566 0 34 25 34 13 35 7 32 45 9 39 26 29 48 27 46 1 31 10 42 3 24 22 30 4 40 36 17 21 16 44 37 38 49 14 28
222 13 18 45 42 48 27 21 46 8 11 33 41 2 49 17 19 43 1 47 16 36 13 29 34 20 39 31 38 26 23 10 9 50 18 3 4 22 6 5 37 32 12 30 25 40 14 15 28
223 344 5 28 11 44 25 36 33 46 39 2 28 50 27 41 45 19 38 14 22 5 8 6 9 48 40 23 30 15 37 17
224 540 6 5 11 35 8 46 12
225 330 7 47 39 4 49 37 33 11 24 29 19 31 48 6 32 27 5 7 42 15 41 20 50 8 21 23 22 40 17 45 47 38 9 25 43 28 10 44 1 46 12 18 30 35 3 2 36 13 14
226 537 0 44 33 27 21 43 9 36 10 30 34 29 4 35 14 42 17 6 12 1 37 28 8 13 47 39 41 46 22 3 11 49 31 7 38 24 44 18 48 45 5 23 25 20 32 19
227 396 4 12 41 39 44 10 50 8 33 14 46 32 12 48
228 560 20 25 7 36 46 47 13 33 2 25 29 37 3 48 18 41 44 11 4 24 16 26 40 14 23 10 38
229 296 8 14 21 30 50 38 15 7 41 40 10 13 25 33 23 29
230 186 18 4 34 47 4 3
231 370 5 47 1 37 45 32 46 5 2 11 25 27 20 50 16 13 14 31 12 33 41 18 9 43 47 24 38 19 39 21 23 3 29 35 49 10 42 8 28 4 40 48 30 22 34 17 7 26 15
232 179 20 47 20 17 41 16 30 2 15 21 35 39 13 48 38 19 46 45 18 44 23 36 26 47 5 50 8 11 42 43 12 4 6 10 33 25 9 34 3 40 27 28 7 14 32 29 37 31 1
233 429 11 25 10 42 22 43 39 23 48 25 21 49 31 12 27 1 19 16 17 41 4 50 15 6 3 20 34
234 56 4 26 25 17 34 39 50 18 41 23 27 11 14 32 24 37 36 30 43 6 42 16 45 9 48 22 35 47
235 16 11 12 21 44 17 33 19 40 16 3 23 32 27 26
236 115 8 38 9 18 48 12 22 45 36 27 43 5 4 35 34 17 2 38 49 23 3 44 40 42 37 28 32 21 30 24 47 11 1 6 14 13 16 31 39 19
237 400 9 10 36 35 3 14 32 43 44 4 5 19
238 380 0 13 34 19 26 35 15 47 10 8 1 13 36 6 18
239 41 15 19 29 41 11 30 15 3 17 23 35 25 13 2 48 40 18 27 42 36 20
240 41 8 38 49 13 19 30 11 40 7 42 34 26 17 1 22 25 28 48 37 14 23 44 18 10 27 3 16 12 9 46 39 15 35 21 20 24 36 47 50 2
241 557 17 5 22 37 45 31 40
242 464 7 7 43 31 2 32 5 14 45
243 405 19 48 5 29 11 3 33 6 48 21 4 39 46 34 17 24 16 18 14 20 1 41 7 8 15 9 25 49 50 12 32 19 23 28 44 13 30 38 43 40 31 35 27 10 47 36 22 26 45 37
244 187 1 7 16 18 35 37 12 14 22
245 368 15 24 18 20 28 5 33 43 6 27 30 50 26 2 36 47 31 7 37 13 41 44 23 1 38 21
246 116 10 33 8 28 49 9 18 34 42 30 47 24 12 40 44 15 41 43 1 50 20 45 13 37 25 17 11 23 39 48 2 19 10 22 6
247 49 8 30 26 4 21 5 3 28 44 33 19 41 36 18 6 45 25 11 34 38 42 49 1 14 50 32 23 17 20 48 43 24
248 565 4 46 16 33 46 42 41 37 13 7 5 20 30 44 21 1 35 18 27 19 32 4 43 34 40 11 25 28 14 17 48 45 10 3 39 15 2 12 31 8 24 26 29 47 49 22 23 38
249 566 0 8 49 2 17 30 10 31 22 50
250 402 11 40 8 42 29 48 25 32 2 13 37 46 17 50 6 3 24 12 45 39 35 7 38 1 22 11 9 4 20 28 14 41 30 34 31 16 23 49 15 26 10 47
251 174 4 18 33 16 19 39 35 10 27 21 3 24 25 31 37 47 5 2 11 17
252 577 4 12 37 12 7 39 25 6 42 9 5 43 44 19
253 520 8 5 8 11 12 39 24
254 592 3 4 45 18 7 35
255 113 15 48 21 32 11 26 25 14 5 15 28 31 42 9 45 7 13 20 37 49 33 17 27 36 22 38 2 3 29 43 6 24 30 23 35 39 10 48 8 46 1 18 50 40 47 19 12 44 41 4
256 521 4 8 5 40 19 26 29 30 38 45
257 508 14 23 48 24 26 28 32 37 49 10 27 46 1 15 21 22 44 34 20 40 35 31 23 18 2
258 358 4 47 28 19 45 21 27 44 11 17 47 39 48 10 26 29 16 40 23 33 15 38 4 7 35 32 18 25 36 41 5 30 37 1 24 20 42 31 50 22 12 8 9 49 3 43 46 2 13
259 94 17 37 13 21 47 3 10 39 37 23 35 8 6 17 26 16 45 9 14 5 31 12 1 22 19 27 41 38 30 43 25 50 40 18 44 49 20 48 33
260 148 12 31 38 48 6 25 49 20 35 50 34 24 37 4 2 33 45 46 21 22 39 12 30 19 44 1 17 16 43 29 31 36 47
261 463 18 42 14 35 39 24 46 20 45 36 13 10 18 31 23 48 22 42 25 47 11 5 43 37 29 40 21 49 34 9 38 3 33 41 30 27 16 1 2 4 6 8 32 12
262 557 19 33 11 50 17 49 26 33 36 37 43 29 31 19 13 14 20 8 40 7 1 18 2 34 25 48 5 23 12 46 27 28 15 47 24
263 17 19 36 12 5 1 19 21 8 24 25 16 32 50 6 26 2 46 48 4 15 22 31 37 44 34 27 47 43 7 45 18 28 42 49 30 20 41 33
264 226 14 6 16 46 38 32 2 33
265 346 20 45 49 21 42 45 46 13 8 36 47 18 29 6 23 26 9 16 34 22 33 7 1 19 44 27 15 38 41 40 20 43 31 2 48 17 5 25 30 28 37 4 35 11 24 12 14
266 306 10 2 33 39
267 146 12 17 36 7 15 1 18 49 38 9 29 2 8 48 25 32 37 50 47
268 92 14 16 2 49 32 25 11 29 4 10 37 24 17 19 34 31 1 47
269 288 8 8 31 14 22 25 34 41 12 20
270 188 12 7 36 5 37 20 18 47 13
271 328 6 41 49 21 16 4 42 34 41 36 9 6 28 46 43 47 30 13 17 2 7 18 50 11 40 19 20 26 27 14 24 3 44 48 31 22 38 10 23 32 25 39 29
272 269 16 15 41 48 18 5 25 24 35 34 31 27 12 16 15 43 14
273 455 13 37 10 36 31 1 20 24 27 33 41 34 30 14 22 6 28 42 2 25 44 47 26 49 35 23 48 16 46 3 29 32 7 15 9 17 38 45 12
274 272 11 24 14 10 50 28 40 27 34 36 43 6 32 24 13 26 31 41 33 44 38 42 37 21 18 19
275 323 16 4 34 50 48 24
276 42 10 29 6 33 44 26 10 14 19 18 17 31 49 30 25 45 24 21 32 2 22 5 39 40 27 46 9 42 38 23 1
277 473 9 46 33 35 25 20 49 36 4 41 19 9 6 42 13 32 28 34 31 24 38 43 11 2 37 27 8 26 47 3 22 50 17 12 40 10 15 5 1 16 7 23 45 39 29 46 30 48
278 507 5 48 20 34 22 46 27 45 30 13 48 38 9 12 29 3 47 6 5 19 10 43 42 39 32 11 31 36 15 50 33 23 8 17 44 14 25 35 24 41 26 28 18 7 16 21 49 1 40 2
279 34 13 9 44 50 15 11 42 19 31 1 25
280 447 7 28 43 46 42 2 16 33 36 31 17 34 45 32 8 49 21 1 38 35 18 40 44 22 39 3 24 10 6 23
281 66 1 7 5 2 40 3 31 47 41
282 521 12 48 19 38 31 25 11 33 43 7 14 28 42 37 45 35 1 4 36 41 6 48 9 29 8 15 18 46 5 22 34 21 13 30 17 3 10 16 2 27 26 50 20 49 32 24 23 40 12 44
283 501 16 23 22 41 35 37 6 2 1 36 19 34 32 13 28 44 5 4 14 39 46 45 50 11 3
284 529 2 14 5 28 48 17 47 27 43 39 24 46 40 31 16 32
285 280 9 45 18 5 13 21 30 19 8 15 16 3 25 37 42 11 48 44 47 39 31 34 12 24 4 7 20 28 32 38 17 40 2 41 22 9 50 46 49 29 23 6 45 1 27 36 43
286 372 3 25 48 41 36 33 23 28 8 1 10 24 16 2 11 26 37 38 31 50 3 40 15 18 47 43 6
287 255 11 45 19 43 23 22 38 11 41 13 46 20 35 48 37 42 7 27 1 9 47 12 8 4 14 10 45 2 30 40 33 44 21 5 25 3 16 29 24 6 36 17 31 15 18 49 28
288 365 0 43 37 1 7 15 41 23 46 40 31 32 45 6 48 10 28 47 24 34 12 30 50 2 17 35 44 29 8 13 19 16 9 18 3 39 4 11 43 14 27 20 26 25 38
289 305 8 37 40 21 5 2 17 32 3 47 15 6 39 49 4 24 35 50 22 26 29 23 37 10 42 7 1 8 19 13 43 16 46 25 48 38 27 33 45
290 498 13 19 13 25 31 40 44 37 41 24 28 35 26 34 33 46 21 11 8 36 32
291 156 20 34 15 34 30 44 45 41 3 38 50 19 12 10 47 46 42 29 43 23 40 27 8 7 9 5 17 35 33 39 48 25 49 14 20 11
292 257 20 7 32 6 43 18 24 40 22
293 367 2 5 31 6 27 8 25
294 492 13 38 21 43 42 27 9 33 12 34 40 31 36 11 4 44 17 49 48 41 39 15 25 8 10 47 18 2 5 14 19 3 46 45 50 20 38 29 28 24
295 109 12 5 47 8 23 26 20
296 475 9 9 36 34 49 3 10 6 5 11 14
297 328 6 20 38 49 12 7 3 5 18 35 37 33 19 40 50 9 48 47 20 31 39 1
298 195 9 12 43 46 24 13 42 26 48 47 29 32 8 18
299 177 18 32 33 19 46 1 13 41 29 9 11 18 26 47 25 50 8 36 14 23 3 5 24 2 49 28 4 27 17 48 37 32 31 15
300 526 11 3 23 10 33
301 66 19 43 50 35 20 49 39 18 2 36 44 11 30 8 7 27 31 22 5 28 42 10 38 19 40 45 37 16 34 24 4 6 23 32 41 13 43 15 21 33 17 48 9 1 29
302 406 10 29 34 43 36 10 46 19 38 17 4 5 40 33 6 48 20 45 23 49 29 37 16 15 13 9 8 14 11 12 50
303 119 14 48 26 44 40 30 19 2 45 47 14 12 31 23 22 9 21 37 28 13 27 48 4 34 7 3 49 38 8 10 50 5 16 17 32 41 36 6 29 15 25 1 43 46 11 18 20 33 24 42
304 137 9 7 27 18 2 49 35 33 37
305 420 1 24 23 35 31 1 43 13 6 36 20 37 24 49 9 18 50 45 22 40 32 19 15 47 5 16
306 388 8 15 23 36 39 8 38 17 1 42 7 50 28 5 34 31 15
307 189 5 36 16 30 28 11 17 45 23 10 3 40 9 13 6 37 49 1 44 20 5 41 39 7 14 19 42 43 15 24 25 29 50 33 26 18 21 2
308 461 9 16 48 27 47 23 26 19 18 41 34 6 30 31 40 46 45 21
309 326 3 33 2 26 8 33 29 47 12 3 35 24 15 16 45 23 14 20 50 32 49 6 38 36 19 4 28 13 27 46 39 18 22 11 21
310 516 16 48 40 46 8 17 33 24 13 25 48 19 38 18 27 47 14 20 1 2 22 43 4 3 31 5 12 41 23 50 15 7 32 11 9 28 49 39 10 26 37 6 16 29 42 36 35 44 21 45
311 363 15 21 15 37 8 30 21 26 48 28 14 49 46 20 17 16 19 3 5 2 47 33 13
312 489 17 14 39 17 34 37 43 16 2 27 42 19 7 47 45 32
313 395 0 18 25 23 5 33 42 7 28 3 32 47 34 18 10 4 27 16 8 38
314 88 9 1 26
315 203 19 40 17 39 38 26 29 35 42 47 5 31 36 10 30 3 2 22 48 1 24 7 50 4 15 16 44 9 20 23 6 27 13 41 12 18 40 49 25 33 45 37
316 158 5 37 35 42 41 38 50 25 8 23 28 45 16 32 31 14 17 3 9 18 19 21 39 15 29 33 20 7 46 13 22 10 48 11 49 47 2 30 5
317 437 19 47 24 1 31 50 42 6 9 45 23 5 27 16 11 14 34 17 49 36 41 35 39 30 18 26 25 29 33 19 4 21 15 10 3 48 22 40 12 44 32 47 28 43 2 13 46 8 20
318 178 11 19 40 35 32 44 29 46 5 6 19 3 16 38 9 42 13 41 39 4 30
319 480 14 17 48 3 43 10 31 26 19 46 23 18 22 25 40 2 15 32 45
320 278 7 15 48 47 37 50 35 12 5 6 26 30 16 22 1 15 40
321 408 2 20 22 33 13 36 19 16 39 24 7 8 2 5 45 37 50 1 4 9 15 28
322 342 0 44 43 17 50 39 13 25 1 47 49 15 14 2 44 42 36 46 45 28 9 7 27 12 23 8 30 24 41 5 16 31 26 21 48 3 20 35 10 11 38 18 6 22 37 32
323 404 4 8 43 22 9 6 45 40 8 29
324 212 10 35 41 48 32 31 27 37 12 24 1 15 13 39 23 45 11 7 42 17 38 43 19 46 28 26 36 50 4 20 34 25 49 30 47 35 6
325 17 0 40 9 48 2 49 42 45 43 26 17 11 22 31 40 18 46 47 12 32 38 5 3 4 33 36 50 8 25 7 16 1 15 10 21 30 29 44 28 39 37 6
326 595 0 47 26 14 45 50 44 3 38 36 33 7 10 17 43 8 2 29 34 19 47 15 12 32 5 37 35 22 23 1 42 9 39 48 16 24 13 41 20 25 11 21 28 6 27 4 49 30 46
327 435 2 15 20 34 3 30 7 39 18 23 25 36 16 28 12 22 26
328 190 3 28 31 4 35 40 47 11 7 10 46 3 48 33 29 12 45 23 15 2 36 21 17 34 9 25 18 6 27 39
329 243 13 6 43 14 39 33 5 48
330 464 13 14 29 47 28 8 3 12 24 7 26 13 2 5 21 14
331 475 18 4 23 41 25 21
332 319 4 5 14 12 42 11 16
333 555 19 30 17 35 40 26 45 6 43 33 16 36 23 50 2 1 46 39 7 5 49 30 38 27 32 15 44 47 28 18 3 41
334 479 4 33 30 36 4 46 22 25 45 24 10 1 39 38 16 37 12 21 42 28 2 50 3 23 41 29 44 47 17 26 33 13 43 18 48
335 561 14 16 3 11 48 4 1 41 19 45 29 46 49 15 8 17 18 38
336 27 2 15 48 49 20 25 15 9 40 18 28 6 31 7 27 35 42
337 336 0 40 6 4 12 5 9 42 44 18 32 35 13 7 1 22 15 11 38 49 3 23 31 46 47 21 2 24 43 10 19 45 14 34 20 37 27 33 30 17 16 25
338 322 9 14 22 13 30 24 21 17 27 28 11 35 6 4 31 18
339 448 20 29 5 36 18 32 47 31 29 9 50 15 25 7 12 17 2 45 24 27 8 43 22 10 30 49 13 28 23 14 4
340 271 7 35 18 21 38 50 48 42 41 19 3 14 25 40 23 30 11 24 49 31 46 43 10 7 9 13 12 34 39 36 47 33 15 2 28 17 27
341 429 20 46 43 34 44 27 45 24 23 20 5 35 1 2 9 16 36 3 26 4 37 47 21 12 38 18 25 31 10 46 50 13 17 30 48 42 11 7 14 19 41 28 29 6 32 22 15 33
342 286 6 20 14 37 50 46 29 23 39 11 31 36 13 27 42 3 17 34 15 45 33 16
343 384 8 7 28 46 27 2 31 23 25
344 29 2 28 21 16 41 12 47 49 2 5 3 45 22 20 31 36 17 33 48 11 50 38 26 32 40 44 6 8 24 9
345 175 10 12 6 40 32 29 15 19 10 9 8 34 36 21
346 391 9 20 49 48 50 42 29 20 18 16 26 1 22 24 28 2 30 19 33 6 27 10
347 313 11 1 26
348 349 6 2 32 2
349 22 18 20 1 10 20 26 35 39 40 6 17 18 49 46 38 5 30 11 31 29 37 28
350 137 11 49 23 46 38 49 9 31 19 45 6 26 44 42 10 22 4 24 12 35 37 15 47 16 18 40 8 28 1 13 25 39 11 32 34 3 27 41 5 7 17 20 30 33 43 14 29 21 2 36 50
351 423 13 49 37 13 14 39 47 43 17 49 50 16 7 9 20 5 32 41 3 34 18 29 23 11 30 46 28 21 6 2 1 22 33 36 42 27 26 24 15 12 19 35 25 45 40 38 4 48 44 31 10
352 564 18 30 4 7 5 48 18 46 37 40 50 29 26 20 41 42 8 1 31 14 24 16 25 33 6 39 35 22 43 21 45 2
353 399 3 23 23 33 34 25 19 37 5 4 47 40 24 17 8 49 2 20 9 26 15 6 16 10 44
354 323 13 40 41 46 16 22 23 6 37 26 48 32 42 44 43 45 3 40 36 49 13 4 21 5 24 8 29 25 20 19 30 28 10 38 1 27 50 35 39 47 7 15
355 42 15 42 31 48 30 47 12 4 32 17 20 39 13 24 27 14 35 37 1 6 2 50 11 28 10 34 15 44 45 3 5 22 19 25 23 21 33 40 9 46 8 29 16 38
356 558 18 42 25 26 31 43 29 46 23 14 2 3 19 11 20 33 7 45 13 30 34 42 49 18 48 44 12 28 36 32 50 38 4 15 10 37 1 8 17 47 21 27 24 35
357 169 8 37 22 39 13 47 31 11 37 16 27 14 38 25 15 43 21 46 5 8 9 29 40 42 7 26 12 28 32 6 23 2 3 10 49 18 48 4 44
358 468 5 10 32 39 24 29 34 9 25 3 22 28
359 300 9 32 31 26 40 48 12 18 17 16 28 50 19 14 10 37 4 39 22 45 24 15 7 35 3 49 41 2 20 43 25 21 27 46
360 496 10 38 20 9 21 37 29 10 25 12 38 40 8 33 49 50 44 47 22 30 7 34 19 32 2 27 17 16 41 15 26 35 1 24 43 36 4 46 14 18
361 424 0 39 7 17 3 24 4 6 31 28 25 10 45 5 20 35 1 40 32 43 9 18 37 41 12 44 11 39 16 30 8 47 46 2 50 38 15 23 33 42 13
362 228 20 32 47 32 3 30 8 39 18 16 45 15 17 37 50 10 29 13 36 9 41 31 24 1 48 35 33 23 44 7 12 21 46 25
363 256 20 28 19 5 16 31 49 15 21 4 3 11 32 29 50 7 22 41 6 38 12 47 20 35 27 14 1 2 48 43
364 244 3 43 29 6 15 13 24 34 21 14 19 37 8 2 17 20 5 31 18 27 10 44 38 23 33 9 30 42 36 7 45 48 32 41 3 49 43 22 16 50 1 47 35 39 25
365 579 20 3 29 23 19
366 471 3 43 30 26 23 22 46 35 49 34 10 47 39 29 7 15 13 50 41 16 48 8 44 32 19 18 31 27 6 45 42 36 43 25 20 33 28 21 24 17 3 2 5 12 37
367 204 0 21 31 27 33 5 8 15 17 49 48 42 21 47 41 26 36 12 50 7 24 19 30
368 310 10 2 10 17
369 385 10 36 8 32 50 30 37 26 42 49 45 3 2 11 22 27 29 18 14 44 13 40 39 5 10 7 28 15 48 9 43 46 31 4 12 36 25 16
370 58 14 49 39 43 33 14 9 2 31 15 16 29 19 3 30 10 1 21 20 12 41 50 47 18 32 22 38 49 17 7 34 36 27 26 5 28 8 25 40 13 24 44 37 48 6 35 11 46 4 23 42
371 415 1 19 25 42 33 34 28 17 49 8 45 11 29 6 12 4 31 10 18 46 16
372 482 6 41 29 35 4 7 5 49 6 13 34 20 10 39 42 8 24 21 31 15 50 23 30 48 11 18 45 38 47 33 36 9 17 3 25 1 32 28 43 41 40 22 2
373 388 19 5 8 37 24 15 4
374 551 1 31 38 5 7 24 8 10 39 1 21 43 34 33 25 19 41 28 6 27 22 42 26 2 40 32 16 47 36 23 18 20 15
375 106 6 23 44 21 9 17 10 47 45 8 22 3 7 42 6 33 31 24 1 16 5 35 26 46 32
376 107 9 7 17 47 40 21 41 44 19
377 388 13 25 2 40 24 39 42 49 28 11 29 15 26 50 23 35 38 30 1 12 33 46 14 22 25 45 32
378 225 17 33 4 24 10 37 19 35 28 43 1 17 41 12 6 11 42 23 9 31 8 34 25 46 32 26 5 27 21 14 47 3 33 20 16
379 587 2 1 47
380 163 16 4 26 4 49 35
381 282 13 23 34 5 46 39 50 32 2 22 40 17 45 30 11 16 27 10 25 1 3 48 23 9 28
382 409 19 47 36 29 24 45 2 13 18 21 33 34 31 23 32 42 6 25 22 47 15 12 39 38 26 46 1 3 28 43 9 8 44 14 4 48 11 40 10 17 49 20 7 50 30 37 5 27 19
383 421 15 21 12 6 27 18 44 15 45 35 11 42 36 23 3 10 1 2 30 32 50 21 28
384 374 8 21 39 25 8 10 22 28 40 21 20 2 12 43 47 26 15 32 29 50 49 46 33
385 597 9 2 3 13
386 577 18 26 46 38 49 9 7 8 30 12 31 16 4 41 24 22 10 2 28 1 20 5 37 32 34 50 11 33
387 496 19 22 41 9 2 23 19 31 24 18 6 10 35 4 7 50 40 26 49 27 13 1 44 15
388 502 8 5 25 32 8 30 12
389 433 13 17 40 19 39 8 10 12 24 46 7 18 38 37 6 45 2 11 20
390 46 0 50 35 32 49 18 27 31 1 20 42 30 45 2 22 29 46 16 10 4 3 37 9 28 48 24 44 39 7 43 38 6 19 14 5 12 34 15 17 23 47 26 13 11 50 33 25 8 41 36 40 21
391 425 8 35 30 47 3 1 9 15 13 48 44 19 11 8 17 24 7 2 41 26 23 49 29 6 43 33 32 37 22 42 20 31 4 28 38 5 16
392 425 13 30 21 50 6 14 49 22 25 35 2 30 48 28 40 33 13 46 3 31 39 5 20 37 36 15 26 43 10 16 18 24
393 143 0 25 37 24 49 28 38 22 9 25 29 32 4 44 5 11 33 15 7 41 45 17 6 2 20 46 47
394 258 7 36 7 42 44 50 27 3 25 1 22 39 29 31 14 45 15 49 21 36 9 32 48 40 13 23 20 30 34 12 43 46 11 18 24 38 17 10
395 525 18 34 28 27 45 8 12 4 41 1 42 34 33 10 49 44 32 9 5 20 23 47 40 24 31 19 38 25 11 36 17 37 30 39 18 46
396 12 7 12 31 15 49 48 42 39 46 26 21 6 5 38
397 11 15 8 38 44 26 2 15 17 42 24
398 40 4 49 41 33 8 48 11 6 50 36 43 34 9 40 31 20 47 44 46 7 1 37 2 5 4 45 13 49 14 38 39 23 22 25 29 24 21 17 26 10 27 30 42 18 12 19 16 35 28 3 15
399 117 7 35 35 38 26 48 29 5 41 32 49 7 4 39 6 20 30 45 14 1 10 11 9 50 27 42 44 31 33 24 3 36 18 15 16 47 21
400 524 1 3 33 40 24
401 428 19 42 48 19 33 39 16 14 45 47 11 38 12 29 15 44 41 1 9 43 8 31 30 2 24 23 18 50 49 21 32 26 7 36 42 40 5 37 28 35 10 27 20 22
402 236 17 18 35 15 26 29 14 18 33 27 6 47 24 25 22 40 23 50 49 42
403 528 17 25 5 29 8 41 22 46 20 18 11 23 12 30 7 25 48 2 26 13 6 16 40 45 42 43 14
404 54 16 43 27 37 25 13 47 19 34 36 8 44 12 1 31 20 45 42 40 46 17 6 43 11 24 32 14 35 7 41 39 49 10 29 16 18 22 21 50 3 15 9 5 23 26
405 365 7 45 7 1 5 12 37 24 2 6 10 33 16 41 43 42 19 35 34 32 30 44 17 21 38 11 4 40 14 31 3 28 20 27 26 46 23 39 50 9 22 49 13 47 29 18 8
406 163 10 23 46 45 26 14 21 6 44 42 49 10 43 25 34 24 36 16 23 1 18 11 47 48 50
407 359 3 39 32 27 21 25 26 39 6 3 49 15 34 19 9 7 16 33 8 5 1 48 23 2 20 12 22 29 47 43 30 45 41 42 35 14 17 11 37 44 28
408 440 5 47 32 19 42 46 9 44 26 6 43 4 38 8 15 47 48 35 27 17 21 2 5 11 1 49 29 10 33 40 23 28 7 18 36 12 31 34 41 50 37 20 14 45 22 24 3 13 16
409 67 8 26 6 28 36 25 31 40 38 17 42 27 39 16 48 35 9 12 24 26 50 19 1 21 33 45 41 13
410 360 20 47 49 32 15 44 8 22 6 45 33 46 14 4 23 35 21 43 29 18 11 47 48 30 24 25 3 17 36 13 42 38 26 41 28 20 5 16 12 39 2 1 34 37 19 50 31 10 27
411 177 0 49 25 29 36 20 44 43 17 24 9 35 14 31 41 16 23 39 33 46 5 10 2 8 11 42 12 18 45 30 7 26 3 48 22 4 50 27 37 21 32 19 47 49 15 1 38 6 13 34 40
412 589 4 33 2 5 7 45 30 13 34 37 47 18 23 42 4 48 10 36 40 8 17 3 35 50 39 31 9 25 22 26 15 11 19 29 46
413 294 9 50 35 13 19 44 29 31 26 8 42 25 15 27 22 3 28 43 7 37 21 16 49 23 41 20 36 4 50 24 47 6 33 14 30 45 17 5 48 39 12 18 2 38 46 32 9 11 1 34 10 40
414 424 0 3 14 45 44
415 11 11 16 7 42 21 9 6 14 45 47 12 29 38 27 22 24 1 3
416 306 14 15 32 36 38 30 37 50 7 27 17 29 10 3 43 18 31
417 196 9 1 9
418 110 2 13 45 5 9 41 40 39 23 12 37 42 38 46 10
419 492 1 26 37 13 45 25 47 41 42 23 26 15 35 22 1 40 18 2 48 32 4 33 29 39 30 46 8 38
420 192 13 19 37 4 22 8 25 1 45 15 44 10 42 29 13 36 12 16 34 32 2
421 529 19 12 3 34 9 24 30 6 38 29 43 47 50 35
422 250 14 39 43 28 23 25 45 48 2 46 27 34 29 10 11 50 22 26 3 13 42 33 32 4 30 38 20 18 8 39 47 31 1 12 35 7 37 14 16 21 24
423 39 7 2 13 21
424 273 8 40 8 21 17 12 39 38 2 24 1 25 3 15 46 18 19 31 14 4 20 29 11 30 28 6 47 33 42 34 36 10 40 27 32 7 45 50 41 22 43 5
425 174 7 6 29 31 23 3 20 8
426 210 17 37 15 17 26 25 20 24 10 12 19 8 35 1 29 31 16 23 42 37 18 9 40 14 36 34 7 39 2 48 41 43 47 6 3 32 5 11 44
427 423 9 35 10 14 28 38 8 21 42 30 12 17 29 36 13 33 19 7 49 20 16 48 41 35 4 37 3 45 26 31 32 11 1 46 34 47 43
428 574 20 44 24 10 14 21 49 37 1 28 34 39 2 7 11 44 18 45 42 32 31 40 46 8 26 29 33 23 25 16 22 48 3 47 15 5 27 50 6 13 12 9 41 19 36 4
429 184 17 9 14 7 41 11 4 3 32 44 48
430 195 11 18 41 28 50 44 45 7 1 8 21 39 4 2 15 9 43 20 26 13
431 48 7 24 32 23 47 5 22 18 34 41 10 35 43 3 9 8 46 30 38 12 4 20 45 17 40 13
432 45 11 43 18 48 20 38 43 4 30 1 6 45 21 44 36 42 50 46 19 9 27 28 39 2 26 16 8 40 47 11 10 34 14 3 35 13 7 15 31 41 23 32 49 17 24
433 378 8 6 13 18 50 48 39 3
434 300 20 43 12 35 46 17 41 31 3 13 14 19 10 28 6 42 32 33 18 47 5 4 45 23 7 9 22 37 48 50 26 27 8 2 15 38 34 16 21 1 40 44 30 25 43
435 573 20 3 11 8 16
436 84 12 46 31 21 9 11 14 42 20 48 46 32 26 12 10 29 39 22 15 35 7 6 33 5 44 19 47 37 50 3 43 23 40 4 1 16 34 45 24 28 18 25 30 49 41 38 8 27
437 57 14 33 12 16 15 1 2 19 36 28 45 26 23 22 37 41 18 10 6 40 3 35 7 30 50 8 17 42 44 21 13 27 39 33 31
438 350 0 48 11 22 46 9 47 15 25 18 26 24 1 39 49 40 36 2 20 31 50 12 33 5 48 44 21 7 23 30 37 41 45 13 19 10 35 34 38 32 43 16 27 4 29 3 17 14 8 6
439 579 18 49 13 37 18 49 36 47 46 6 22 50 42 39 16 8 15 10 27 17 44 34 31 43 48 29 41 12 1 2 5 14 23 20 45 32 4 19 26 35 21 38 11 33 3 7 24 30 9 28 25
440 478 11 16 28 40 2 21 49 46 7 35 5 31 47 25 13 12 41 26
441 337 7 28 23 35 44 14 36 29 15 40 25 13 10 24 39 18 34 46 41 8 7 42 21 2 22 30 17 45 48 26
442 32 16 37 39 3 23 8 7 2 5 19 41 11 28 42 48 10 34 14 38 9 31 45 47 15 27 17 16 22 50 43 33 18 30 20 29 35 44 49 13
443 220 17 31 10 26 16 42 17 47 20 22 9 35 50 44 2 25 15 36 43 28 46 31 18 37 49 12 33 21 29 1 24 39 6
444 206 0 41 18 17 2 13 9 36 43 6 46 32 25 19 35 42 26 30 40 29 24 4 11 14 39 50 7 28 23 38 48 47 33 1 37 3 34 12 15 41 31 21 44
445 368 19 21 50 2 49 24 25 22 41 42 29 38 12 7 47 39 18 48 5 14 26 1 32
446 260 3 39 15 34 14 47 38 4 2 13 32 49 28 29 5 23 10 33 31 30 26 43 25 45 12 37 8 22 3 1 16 21 17 39 7 18 46 11 24 36 19
447 207 9 34 3 4 27 38 44 32 41 23 2 6 50 19 47 46 49 16 7 36 20 15 24 13 37 45 11 5 17 25 42 10 43 14 33 31
448 20 2 29 3 34 4 36 49 37 32 48 14 33 23 8 26 16 6 47 1 39 19 10 22 2 17 7 13 43 45 25 35
449 422 18 22 44 25 7 21 12 34 46 30 40 16 4 22 17 36 10 24 27 35 48 49 33 8
450 392 9 39 37 23 48 14 10 22 18 13 44 11 32 29 15 1 40 28 47 35 38 27 8 21 50 6 16 36 3 30 2 4 7 49 24 46 45 31 42 12 34
451 211 16 50 19 37 9 21 31 12 36 38 48 49 40 39 10 11 25 15 18 23 17 33 50 4 26 8 24 30 1 28 16 7 41 34 27 22 3 32 5 14 47 45 44 2 43 13 20 35 42 46 6 29
452 246 7 17 31 4 32 48 39 20 8 15 47 27 18 21 43 50 25 45 35
453 235 17 4 17 33 21 3
454 546 14 6 3 16 48 12 37 24
455 538 5 11 44 37 26 43 27 17 12 22 10 31 30
456 541 18 33 15 28 41 23 20 32 6 36 1 37 17 50 10 4 25 18 13 47 46 21 48 43 3 35 31 42 44 30 14 39 26 8 2
457 49 11 17 41 34 24 38 35 25 43 13 2 12 3 29 36 46 19 14 37
458 163 12 8 9 29 4 3 38 41 8 20
459 115 15 20 49 41 33 39 8 10 20 22 3 50 1 31 42 30 11 35 45 32 26 12
460 144 10 41 38 48 3 9 27 32 50 30 22 4 16 26 24 1 37 45 39 46 14 42 12 34 5 44 2 43 36 35 6 23 11 17 33 20 19 18 7 28 10 31 47
461 233 11 19 24 12 28 27 9 30 23 21 34 10 20 33 41 38 32 5 4 49 36
462 43 20 31 36 31 25 50 7 5 13 11 20 16 3 41 26 43 23 8 14 48 1 22 6 32 12 33 2 40 29 42 28 4 35
463 126 10 32 20 16 40 2 37 32 7 5 43 24 22 8 10 44 45 28 17 14 6 19 41 46 42 35 33 15 11 34 25 13 23 30
464 380 3 1 50
465 446 3 24 28 12 14 23 39 50 26 34 43 9 19 37 31 2 21 45 29 10 18 13 8 49 24 11
466 552 1 10 42 3 12 23 5 17 27 33 43 46
467 463 8 34 49 47 41 6 22 17 42 14 9 26 23 1 15 37 10 28 21 31 27 20 13 25 50 32 48 11 35 34 30 40 16 24 44 5
468 32 6 50 33 34 45 12 39 18 27 17 23 40 7 46 3 30 50 1 38 11 42 14 20 19 16 49 31 9 25 32 47 35 37 44 36 29 22 2 15 26 24 28 43 13 4 5 6 21 41 10 8 48
469 449 2 17 50 3 17 49 39 14 36 16 38 15 27 37 30 46 32 28 35
470 507 9 42 28 42 15 17 40 48 14 8 16 5 44 30 3 26 25 36 33 49 50 41 32 22 37 1 29 47 2 27 39 4 34 9 12 11 45 6 10 18 24 35 23 46
471 294 17 29 38 6 22 27 13 47 19 24 11 28 39 46 3 23 25 37 14 42 17 41 36 12 9 15 21 50 7 18 40
472 355 19 19 30 2 40 22 15 8 20 21 4 34 12 16 6 48 13 27 49 50 46
473 475 9 41 50 42 8 49 43 2 33 19 18 1 47 31 41 5 11 38 21 28 7 46 9 24 27 4 25 14 20 44 39 40 3 34 10 12 29 23 36 32 35 30 17
474 50 11 18 14 41 39 5 24 16 12 25 10 40 29 8 49 21 26 35 30 27
475 17 6 46 41 19 11 4 46 1 47 32 17 21 14 22 15 38 30 50 36 26 7 6 37 29 3 39 20 35 33 5 2 10 31 18 43 8 48 23 9 24 12 44 45 34 49 28 27 25
476 565 11 14 10 21 26 22 31 24 32 23 11 45 40 9 46 35
477 357 6 50 13 32 33 50 40 14 18 22 41 19 11 23 47 3 35 28 10 12 5 7 31 37 34 6 4 43 39 48 16 9 26 49 30 21 20 17 46 45 2 38 36 25 44 15 24 29 8 42 1 27
478 593 20 1 31
479 54 11 21 35 2 23 29 10 19 14 38 37 28 9 41 12 15 27 46 43 44 24 11 3
480 83 3 49 35 41 20 28 7 30 6 37 29 2 14 5 45 15 23 38 22 46 18 3 50 27 1 31 12 13 21 4 16 49 10 19 17 9 33 25 32 24 40 47 42 34 39 8 36 43 26 48 11
481 10 13 46 49 44 47 14 6 16 29 13 46 33 34 24 19 41 42 39 50 38 15 32 27 12 23 21 11 5 25 18 48 31 8 7 20 43 37 1 3 10 2 22 26 35 45 4 17 28
482 595 2 27 40 31 45 15 29 38 33 12 9 41 47 39 8 13 16 35 24 4 1 32 36 50 22 3 26 30 43
483 311 12 38 15 40 39 3 36 6 47 1 35 12 7 49 46 21 34 9 14 45 8 42 13 30 31 41 5 19 2 32 23 38 11 43 10 26 17 18 28 33
484 573 6 25 36 23 11 7 16 50 28 42 10 3 43 29 6 15 4 35 49 45 1 17 5 33 31 26 18
485 144 4 36 19 9 3 34 18 12 8 41 14 20 36 22 48 25 33 6 46 17 7 10 37 23 28 2 42 29 35 50 38 31 39 30 1 32 13 26
486 263 4 36 37 39 28 34 14 12 30 45 42 22 50 17 5 10 7 25 31 4 41 3 29 8 40 19 24 44 6 26 20 1 32 9 15 36 27 18
487 113 7 19 4 26 46 40 17 44 35 24 11 33 28 20 14 10 31 39 1 25 16
488 184 0 30 20 16 5 40 24 6 13 1 50 25 3 35 12 10 14 9 46 45 17 8 42 26 48 38 28 23 18 27 41 39
489 323 6 47 47 5 27 42 37 48 43 20 33 18 17 34 38 24 2 49 19 32 25 3 45 41 31 6 30 8 23 36 16 50 13 29 15 44 40 12 46 1 14 28 11 35 26 21 10 22 9
490 519 10 22 3 6 1 45 19 48 17 5 13 25 38 14 28 42 18 20 27 49 30 40 11 26
491 462 2 36 10 36 17 5 43 42 1 47 32 7 11 13 9 28 38 14 50 23 31 45 26 8 39 16 12 49 33 25 3 41 18 46 35 21 24 29
492 47 2 9 5 44 12 14 41 40 10 24 50
493 419 15 3 30 18 38
494 420 12 12 21 41 35 38 12 5 16 15 2 10 50 40
495 298 8 24 5 23 32 1 10 11 46 14 6 8 45 35 31 27 42 33 26 38 24 30 40 39 16 15
496 370 4 29 1 31 24 43 6 25 48 2 34 40 30 5 21 38 42 13 45 39 15 19 14 22 36 27 8 41 3 11 17
497 575 20 38 19 14 23 2 29 3 36 12 34 32 16 10 9 15 8 22 48 28 13 21 44 39 18 25 47 4 45 41 26 1 33 37 43 5 17 35 50 31
498 27 15 18 32 49 34 25 37 29 19 3 11 28 48 21 24 12 8 4 47 41
499 159 10 24 16 38 35 44 5 13 20 33 34 30 48 26 9 12 39 19 2 27 28 46 17 42 25 47
500 426 15 48 21 25 38 23 18 10 31 48 1 27 45 46 24 22 17 20 30 29 43 39 35 13 12 5 47 4 28 11 32 44 36 8 6 2 3 37 40 7 33 49 50 9 34 16 19 42 14 41
50
1 15
2 16
3 17
4 17
5 10
6 19
7 13
8 13
9 7
10 14
11 7
12 5
13 6
14 7
15 8
16 10
17 15
18 2
19 15
20 19
21 6
22 4
23 20
24 14
25 1
26 11
27 12
28 4
29 9
30 9
31 6
32 7
33 15
34 18
35 20
36 4
37 19
38 9
39 6
40 14
41 16
42 20
43 7
44 9
45 5
46 10
47 3
48 1
49 19
50 11
30
1 1 4916
2 2 472
3 3 258
4 16 457
5 9 287
6 16 188
7 17 476
8 14 341
9 12 481
10 15 369
11 15 444
12 5 212
13 13 427
14 18 419
15 19 429
16 19 234
17 12 480
18 19 209
19 1 343
20 11 233
21 6 403
22 20 375
23 15 433
24 16 419
25 9 442
26 14 286
27 2 431
28 18 275
29 8 445
30 14 427
0
0
