50
1 287 20 50 38 2 25 48 34 33 4 23 5 24 27 15 12 28 13 9 3 8 43 6 46 44 20 35 19 10 41 26 18 30 47 50 11 29 32 40 37 36 22 39 7 21 14 49 45 1 16 31 17 42
2 162 9 50 27 34 40 33 7 18 41 2 23 30 25 45 26 28 15 47 4 42 10 32 22 39 11 21 13 8 44 43 29 1 20 50 48 17 36 3 24 35 37 38 49 46 19 9 5 6 31 16 14 12
3 178 4 39 45 18 28 1 2 36 15 33 23 10 25 16 9 49 12 8 44 35 3 4 48 31 27 7 21 41 14 46 20 19 30 42 6 26 11 39 24 29 37
4 300 12 36 24 37 16 9 1 44 27 36 23 28 15 50 35 21 11 14 6 30 47 34 42 43 25 39 32 10 41 7 45 29 19 31 49 26 40 20
5 344 2 37 18 17 41 29 24 21 6 47 7 19 50 2 32 22 4 33 43 30 8 34 40 16 9 42 35 20 10 13 15 48 38 1 11 12 46 3 39
6 410 18 50 1 9 47 6 4 39 34 30 14 42 35 15 2 45 27 17 32 18 13 11 10 40 19 36 48 12 33 8 28 49 38 50 20 25 46 37 16 26 31 23 24 41 7 43 21 44 22 3 5 29
7 370 18 49 14 4 15 18 50 30 38 44 17 43 34 42 25 11 47 27 9 49 21 20 29 19 41 6 48 23 40 45 3 32 10 1 8 46 31 5 24 28 7 2 36 16 12 22 37 35 33 39 26
8 220 6 7 16 27 44 21 17 24 18
9 534 13 33 46 8 13 9 22 26 33 32 15 40 25 38 19 35 49 24 30 3 14 4 5 16 17 45 7 21 37 18 44 23 50 11 31
10 344 18 29 45 8 44 20 24 40 50 15 48 39 47 49 25 3 12 31 35 23 43 7 2 34 21 9 41 14 4 42 17
11 178 6 27 49 14 5 20 26 8 1 22 17 19 34 4 9 21 43 15 3 7 27 50 16 23 35 38 48 32 28
12 399 7 19 11 50 26 23 38 12 10 46 35 15 5 8 7 9 48 39 42 32 22
13 586 13 32 27 34 2 15 1 49 36 13 9 19 12 48 47 7 4 42 44 50 30 35 11 43 46 39 23 17 20 3 24 5 40 32
14 432 7 20 15 3 40 16 27 17 33 41 4 21 43 35 7 18 9 37 28 5 29 11
15 183 8 2 39 14
16 564 16 12 31 2 49 19 6 13 29 38 18 21 43 8
17 518 9 39 24 14 28 20 29 48 22 21 47 13 12 15 17 42 44 7 3 11 33 6 39 36 43 49 31 26 50 9 34 19 1 16 5 10 40 4 41 32 8
18 595 16 15 37 42 6 18 22 35 45 46 43 26 47 32 34 33 20
19 396 8 2 5 36
20 248 9 31 39 9 21 23 30 31 26 18 29 41 22 32 15 10 4 36 5 24 50 33 49 38 43 25 35 47 13 48 45 6 46
21 486 8 7 30 17 2 11 22 49 26
22 254 3 11 17 8 5 25 12 9 34 7 45 41 19
23 483 16 36 14 38 8 41 46 37 44 11 29 4 39 21 42 13 48 10 34 32 31 49 6 9 20 15 27 2 50 18 45 35 33 24 36 23 28 5
24 205 1 35 21 12 49 13 8 29 41 27 4 45 11 25 14 18 34 7 3 28 48 47 17 22 20 42 6 43 5 2 31 40 26 46 39 19 23
25 272 7 30 44 34 21 6 19 1 31 35 30 7 9 3 47 39 24 32 2 50 26 29 28 27 12 38 40 33 17 42 25 13
26 380 8 4 10 4 11 33
27 550 19 41 50 4 11 24 20 18 36 19 17 45 21 47 44 10 28 1 34 42 3 31 38 40 14 29 16 7 13 30 27 49 41 43 48 33 23 46 9 25 32 2 8
28 222 6 46 19 35 12 27 49 44 46 32 22 30 48 50 5 40 38 16 18 11 17 15 36 10 21 31 4 1 41 6 29 37 13 28 26 9 34 7 20 23 2 39 8 47 42 33 14 43
29 13 6 34 41 4 24 23 29 45 9 18 11 20 42 15 36 6 28 26 31 7 49 34 10 32 39 30 35 40 14 43 5 46 47 50 25 16
30 452 19 16 32 7 44 17 38 50 16 35 47 4 28 42 24 37 36 43
31 31 4 42 23 1 29 18 48 40 42 35 26 31 37 45 13 49 3 5 2 39 28 17 19 7 25 12 33 24 20 6 47 8 32 9 22 30 46 43 50 15 38 14 27 21
32 593 17 15 10 35 46 16 18 41 17 14 49 24 27 39 48 6 5
33 38 13 20 43 4 46 48 19 10 42 6 32 45 49 40 18 25 14 9 23 44 12 24
34 500 0 46 23 37 11 46 20 24 32 26 2 33 5 14 39 44 43 4 13 22 40 38 47 45 49 12 15 16 6 1 35 29 3 25 10 41 27 17 8 7 36 48 31 50 42 30 28 19
35 23 13 36 4 28 47 24 13 45 49 21 27 25 8 37 41 50 2 16 1 12 3 18 6 38 31 20 14 19 26 36 42 10 29 17 11 32 40 30
36 59 9 32 19 30 17 26 7 38 25 13 20 42 35 29 6 21 41 37 15 2 11 27 12 24 46 43 40 1 8 45 31 28 3 18
37 366 10 3 34 12 24
38 350 12 18 33 6 10 11 9 31 13 21 24 35 43 23 15 1 27 47 2 19
39 182 0 11 22 45 31 12 2 30 27 23 17 34 19
40 377 13 10 5 39 14 27 26 24 19 4 31 35
41 114 5 19 15 26 31 49 23 5 38 19 18 13 2 14 34 41 21 37 50 6 30
42 593 12 32 13 32 25 48 5 23 20 4 18 14 3 44 39 29 17 30 37 19 40 21 42 11 10 8 47 12 22 38 49 2 28 43
43 169 9 19 20 21 24 14 18 31 37 7 5 27 46 10 30 35 26 33 25 23 13
44 539 6 12 14 21 27 33 3 1 45 43 30 10 34 8
45 581 16 6 43 26 14 36 47 11
46 293 10 28 49 25 4 8 18 2 44 27 46 14 17 24 15 7 29 28 19 32 26 43 48 21 3 10 47 38 37 36
47 77 2 18 14 49 7 36 19 10 32 4 28 5 8 35 39 18 47 34 42 44
48 185 11 9 6 28 37 24 43 3 35 29 48
49 332 18 49 17 14 43 48 36 13 46 38 12 41 28 49 16 44 10 22 31 8 23 3 34 37 6 7 1 42 15 2 30 9 27 40 35 32 26 25 29 47 39 19 21 20 18 4 33 50 24 11 5
50 324 13 42 2 38 48 35 5 9 47 12 44 30 8 19 39 26 24 6 37 42 7 41 20 1 50 46 29 28 31 4 15 43 17 3 18 32 11 25 10 14 27 36 21 16
50
1 7
2 13
3 3
4 11
5 17
6 4
7 14
8 6
9 8
10 20
11 20
12 5
13 15
14 4
15 4
16 13
17 15
18 2
19 15
20 2
21 16
22 5
23 4
24 9
25 18
26 11
27 10
28 15
29 1
30 1
31 9
32 12
33 17
34 8
35 15
36 8
37 17
38 20
39 7
40 15
41 16
42 7
43 8
44 19
45 2
46 15
47 17
48 2
49 14
50 2
30
1 1 505
2 19 46
3 14 50
4 12 41
5 16 50
6 18 18
7 16 27
8 16 46
9 6 30
10 4 42
11 6 47
12 16 31
13 4 42
14 20 39
15 19 37
16 6 39
17 16 49
18 1 24
19 1 18
20 13 28
21 9 42
22 2 41
23 8 29
24 13 47
25 9 32
26 14 35
27 17 25
28 1 25
29 10 30
30 2 25
209
1 4
2 5
2 6
3 8
4 8
7 10
6 11
9 11
1 12
6 12
9 12
4 13
9 13
12 13
1 14
5 14
7 14
12 14
4 15
7 15
8 15
11 15
14 15
7 16
8 16
1 17
2 17
8 17
10 17
5 19
9 19
10 19
17 19
5 20
7 20
8 20
9 20
17 20
2 21
7 21
6 22
7 22
4 23
15 23
22 23
6 24
9 24
22 24
23 24
6 25
13 25
23 25
11 26
2 27
21 27
22 27
25 27
3 28
5 28
20 28
27 28
4 29
9 29
12 29
14 29
28 29
12 30
15 30
18 30
23 30
9 31
10 31
29 31
30 31
6 32
10 32
12 32
13 32
20 32
26 32
2 33
3 33
31 33
2 34
4 34
9 34
13 34
25 34
27 34
1 35
9 35
6 36
8 36
13 36
14 36
15 36
21 36
23 36
27 36
29 36
12 37
15 37
18 37
21 37
24 37
1 38
2 38
6 38
7 38
9 38
13 38
16 38
22 38
9 39
11 39
16 39
23 39
4 40
6 40
11 40
15 40
20 40
27 40
29 40
35 40
39 40
2 41
6 41
8 41
17 41
23 41
27 41
29 41
37 41
1 42
2 42
3 42
4 42
12 42
13 42
14 42
17 42
33 42
2 43
3 43
10 43
13 43
15 43
23 43
25 43
27 43
33 43
39 43
40 43
20 44
27 44
28 44
29 44
30 44
38 44
43 44
12 45
16 45
26 45
30 45
31 45
32 45
33 45
34 45
3 46
8 46
9 46
12 46
22 46
27 46
36 46
39 46
18 47
36 47
44 47
46 47
2 48
4 48
5 48
7 48
9 48
11 48
14 48
18 48
19 48
20 48
22 48
38 48
45 48
46 48
6 49
8 49
12 49
14 49
21 49
25 49
26 49
33 49
35 49
42 49
4 50
21 50
25 50
29 50
397
1 3
1 5
4 5
1 6
5 6
2 7
4 7
5 7
1 8
2 8
5 8
7 8
1 9
2 9
4 9
7 9
1 10
7 11
10 11
2 12
7 12
8 12
1 13
3 13
7 13
8 13
10 13
3 14
6 14
8 14
9 14
2 15
5 15
6 15
10 15
12 15
13 15
3 16
4 16
5 16
9 16
12 16
15 16
5 17
9 17
15 17
5 18
8 18
12 18
14 18
1 19
4 19
6 19
8 19
11 19
13 19
16 19
2 20
4 20
6 20
10 20
3 21
4 21
5 21
9 21
11 21
14 21
17 21
18 21
4 22
5 22
9 22
16 22
1 23
3 23
5 23
8 23
10 23
16 23
18 23
20 23
2 24
5 24
7 24
8 24
10 24
11 24
3 25
4 25
5 25
7 25
9 25
10 25
11 25
16 25
19 25
1 26
3 26
5 26
6 26
9 26
14 26
23 26
7 27
8 27
11 27
13 27
14 27
16 27
17 27
19 27
24 27
26 27
1 28
8 28
9 28
15 28
19 28
22 28
23 28
2 29
15 29
25 29
26 29
27 29
1 30
2 30
6 30
9 30
19 30
21 30
24 30
27 30
28 30
2 31
3 31
5 31
7 31
8 31
11 31
17 31
18 31
19 31
23 31
27 31
1 32
3 32
4 32
9 32
11 32
14 32
18 32
22 32
23 32
28 32
30 32
31 32
1 33
5 33
7 33
13 33
16 33
23 33
25 33
26 33
27 33
28 33
29 33
30 33
3 34
5 34
10 34
11 34
14 34
15 34
20 34
21 34
26 34
29 34
2 35
12 35
13 35
27 35
29 35
30 35
32 35
34 35
1 36
3 36
4 36
7 36
24 36
26 36
28 36
30 36
3 37
4 37
6 37
7 37
8 37
9 37
10 37
13 37
17 37
20 37
26 37
28 37
29 37
32 37
33 37
35 37
36 37
3 38
4 38
5 38
10 38
11 38
14 38
24 38
25 38
26 38
27 38
32 38
1 39
4 39
5 39
8 39
10 39
12 39
14 39
20 39
21 39
22 39
25 39
30 39
31 39
33 39
35 39
2 40
5 40
8 40
9 40
10 40
14 40
17 40
18 40
24 40
28 40
31 40
38 40
1 41
4 41
15 41
18 41
28 41
31 41
33 41
34 41
35 41
36 41
39 41
40 41
8 42
15 42
16 42
20 42
21 42
23 42
25 42
27 42
28 42
34 42
35 42
37 42
38 42
40 42
1 43
4 43
9 43
11 43
24 43
26 43
28 43
29 43
30 43
36 43
37 43
41 43
42 43
1 44
3 44
4 44
7 44
9 44
12 44
15 44
16 44
18 44
21 44
24 44
25 44
26 44
33 44
39 44
41 44
4 45
5 45
6 45
9 45
14 45
21 45
23 45
24 45
25 45
39 45
40 45
41 45
43 45
4 46
6 46
13 46
14 46
16 46
21 46
23 46
28 46
32 46
35 46
37 46
43 46
44 46
6 47
10 47
11 47
13 47
14 47
20 47
24 47
25 47
30 47
33 47
34 47
39 47
40 47
45 47
1 48
6 48
8 48
13 48
17 48
21 48
24 48
32 48
34 48
39 48
40 48
42 48
43 48
7 49
9 49
13 49
18 49
23 49
27 49
28 49
29 49
30 49
31 49
36 49
38 49
39 49
43 49
44 49
47 49
1 50
3 50
9 50
11 50
12 50
16 50
18 50
19 50
22 50
24 50
26 50
27 50
28 50
30 50
31 50
32 50
37 50
40 50
41 50
44 50
47 50
48 50
49 50
