10
1 266 11 44 18 1 40 28 17 13 37 47 21 27 35 8 43 23 30 38 29 36 46 39 15 20 50 14 4 44 24 2 3 42 34 33 41 48 49 6 12 7 32 22 10 19 16 45
2 263 3 49 21 3 34 27 35 8 25 15 22 16 18 33 11 12 10 13 44 48 30 32 6 31 38 1 19 4 43 37 49 46 17 36 41 45 26 23 2 28 39 42 5 24 29 14 50 20 9 47 40
3 464 7 23 48 45 37 19 33 35 39 43 27 31 14 9 22 40 36 34 50 30 47 3 8 21 44
4 443 16 30 40 4 39 9 24 16 32 10 28 18 23 35 25 34 36 22 29 3 7 15 27 31 37 33 8 6 38 20 17 44
5 561 13 38 8 18 47 27 4 6 14 36 21 37 28 45 42 10 50 44 5 2 24 29 17 40 13 33 3 31 38 1 35 11 43 20 49 22 46 15 25 23
6 396 0 17 44 37 14 38 29 20 15 36 47 10 22 23 27 46 50 48 17
7 261 2 43 32 1 12 17 37 31 2 13 7 10 47 8 4 39 19 29 16 22 24 45 3 36 46 21 28 44 38 20 48 50 15 43 18 5 9 23 26 41 11 25 42 33 30
8 328 9 11 5 20 29 22 23 25 10 3 13 32 14
9 467 17 18 14 30 23 31 40 29 22 47 15 27 21 11 12 44 2 42 38 1
10 239 3 21 41 13 15 2 1 26 45 39 29 33 10 19 23 11 35 5 48 4 30 31 16
50
1 7
2 19
3 13
4 2
5 15
6 17
7 11
8 10
9 8
10 18
11 6
12 16
13 12
14 15
15 17
16 19
17 12
18 15
19 19
20 7
21 5
22 4
23 17
24 6
25 10
26 20
27 7
28 8
29 6
30 17
31 13
32 8
33 2
34 13
35 13
36 12
37 19
38 10
39 10
40 19
41 18
42 4
43 18
44 12
45 2
46 16
47 9
48 16
49 4
50 12
30
1 1 81
2 6 6
3 17 7
4 9 4
5 3 5
6 16 3
7 6 8
8 12 7
9 5 6
10 18 3
11 12 5
12 7 5
13 2 5
14 20 5
15 13 8
16 9 3
17 18 6
18 14 8
19 11 6
20 2 8
21 14 5
22 13 8
23 1 5
24 16 6
25 17 3
26 19 8
27 15 5
28 12 5
29 3 5
30 1 3
1
2 3
10
2 6
3 6
1 7
4 7
1 8
2 10
3 10
6 10
7 10
8 10
