50
1 177 10 5 15 48 43 14 37
2 48 13 39 42 41 19 7 46 40 38 21 6 15 28 35 29 30 3 36 48 1 8 18 14 37 10 34 39 22 13 25 32 9 11 16 47 23 2 20 44 17 49
3 267 2 37 24 30 40 2 39 10 47 3 36 12 33 14 44 28 15 18 23 16 46 26 1 38 13 22 8 49 45 31 21 4 35 41 6 17 27 25 42
4 240 7 14 17 49 12 25 32 50 19 8 41 44 28 5 10 2
5 70 5 45 31 6 8 23 15 16 50 19 47 49 34 29 41 10 11 32 18 46 42 7 37 1 45 9 12 35 40 38 3 13 43 14 36 20 24 30 17 48 26 4 44 33 21 5 25
6 549 1 48 50 41 47 34 32 16 20 26 49 22 13 29 11 31 25 19 28 18 8 48 5 30 7 15 4 45 21 2 6 1 35 42 39 9 33 36 10 12 37 44 43 3 27 24 38 17 14 40
7 353 8 35 25 49 5 18 1 50 19 35 4 42 39 17 29 31 27 26 21 16 38 30 37 8 48 47 34 20 36 11 14 15 23 13 3 33 12
8 174 17 14 48 42 31 26 44 17 36 49 13 11 10 25 2 35
9 92 6 20 11 34 8 5 19 26 2 30 31 15 23 50 24 43 47 16 10 28 35 12
10 22 13 47 23 31 11 25 13 38 16 12 47 35 33 8 5 17 32 49 24 30 50 48 28 21 43 14 34 44 2 37 40 18 41 36 1 4 19 20 22 6 27 9 39 42 7 10 45 29 3
11 473 14 4 21 31 35 49
12 549 11 48 23 24 2 38 14 44 19 48 28 33 26 5 34 32 47 25 10 22 29 15 30 4 39 11 27 46 9 40 35 21 43 8 42 41 6 45 18 1 17 36 3 13 20 49 37 50 12 16
13 336 13 39 11 40 33 4 9 22 14 39 6 31 48 35 8 49 13 50 23 15 37 5 42 46 45 25 44 1 28 18 36 29 38 19 16 12 10 27 34 17 30
14 309 16 10 25 9 46 45 38 6 10 40 22 2
15 135 3 31 5 13 28 50 39 35 6 32 2 18 47 25 24 29 14 30 20 1 10 46 8 31 9 12 4 43 7 33 36 17 42
16 114 7 8 36 15 50 31 3 14 17 20
17 234 7 37 40 36 6 26 11 33 7 2 50 42 44 15 18 3 25 48 21 9 41 19 16 38 31 20 12 32 10 37 29 5 47 27 45 4 35 13 43
18 175 6 9 4 43 3 47 15 26 8 33 31
19 450 4 14 26 49 47 11 4 19 37 40 30 41 6 1 17 35
20 326 9 12 33 19 18 31 40 48 17 38 47 6 3 14
21 579 8 49 10 47 23 33 49 43 30 39 37 19 50 4 12 31 46 7 45 32 9 26 15 8 44 22 38 6 13 28 24 29 5 27 2 21 16 36 34 11 42 1 35 41 14 18 25 48 3 40 17
22 82 18 3 16 22 10
23 378 11 50 15 35 19 47 38 20 39 11 23 25 12 36 18 31 5 48 14 50 16 21 22 42 24 4 28 45 7 27 34 6 13 49 9 26 2 33 3 46 30 37 29 17 40 44 10 1 32 41 43 8
24 167 6 8 15 36 48 46 4 8 3 42
25 146 0 20 25 7 28 10 18 17 19 23 42 27 33 11 15 4 12 44 39 46 8 50
26 25 3 1 24
27 23 6 22 25 28 34 27 45 49 39 12 30 37 33 47 18 26 7 22 43 50 19 31 29 1
28 223 11 26 37 44 15 26 50 16 4 27 45 32 47 13 12 11 29 18 36 6 21 49 3 46 31 17 25 10
29 428 12 46 4 23 22 26 5 14 17 33 50 3 1 39 27 18 12 43 37 42 20 24 28 25 29 21 45 30 8 36 48 44 31 10 35 9 40 2 41 6 19 15 13 11 16 46 7 49
30 596 12 30 43 42 24 37 6 17 50 4 38 33 20 47 41 26 3 49 44 11 18 40 13 30 34 7 10 45 35 12 8 28
31 542 19 16 10 47 16 7 27 4 12 37 30 36 13 35 22 9 18 5
32 570 17 6 36 6 27 38 15 46
33 282 2 50 16 13 22 17 20 29 38 21 3 44 43 45 40 5 46 9 15 32 1 49 35 10 42 2 6 26 23 4 11 34 25 30 18 7 48 31 41 37 12 36 24 39 8 50 47 27 28 33 14 19
34 473 9 23 3 1 46 2 50 19 14 45 49 47 37 42 34 24 5 22 39 41 16 35 38 48 32
35 370 5 26 1 18 46 33 16 7 34 48 3 13 35 23 17 47 2 44 24 38 50 10 40 15 32 8 6 26
36 92 20 31 42 8 5 16 30 48 19 44 7 28 6 12 36 25 14 22 29 33 26 24 10 9 35 41 18 17 49 43 31 34 45
37 265 6 34 40 11 3 33 6 19 36 21 1 49 32 30 41 5 8 46 23 16 14 29 13 48 2 28 42 12 50 9 38 44 35 17 10 39
38 338 16 31 27 32 31 29 15 20 4 18 8 35 26 43 6 22 23 19 12 49 39 37 16 21 42 47 46 28 10 7 17 1 45
39 420 1 45 50 26 18 43 1 17 37 45 30 23 40 10 36 29 13 34 12 16 38 41 39 21 47 25 8 3 15 11 32 4 48 14 24 33 46 9 42 7 5 6 22 31 44 49 19
40 457 16 32 11 5 10 15 17 26 1 45 36 47 27 37 6 25 48 30 23 49 29 32 28 40 34 4 46 3 22 2 12 31 13 20
41 497 11 20 36 33 30 50 42 31 20 44 47 45 12 41 22 19 43 24 48 4 17 6
42 241 18 36 21 38 19 49 31 18 4 47 17 28 11 9 2 14 16 23 32 41 8 36 25 10 5 29 7 22 1 26 40 30 48 45 43 42 39 24
43 335 10 22 5 43 32 12 20 31 37 24 15 41 45 1 18 4 34 35 26 47 39 6 25 10
44 41 19 13 4 30 40 27 47 36 19 1 28 9 41 46 6
45 563 7 15 40 21 3 41 43 38 34 17 11 2 24 45 7 30 9
46 271 5 36 30 23 2 20 38 6 50 48 5 10 11 24 22 28 19 8 16 32 33 4 39 26 29 27 31 37 44 3 25 49 43 40 15 18 12 34
47 273 18 9 23 35 31 39 9 6 13 22 40
48 192 3 14 30 26 45 15 39 35 11 2 13 49 17 22 6 10
49 490 4 42 35 25 49 21 15 38 29 6 19 16 10 22 46 33 43 2 48 28 37 31 12 34 47 14 20 3 11 41 27 7 30 5 26 8 42 50 1 4 17 44 24 40
50 585 17 29 30 5 18 43 44 35 40 7 23 33 47 14 8 12 4 22 2 38 37 28 46 21 49 20 15 48 39 26 1
50
1 8
2 13
3 7
4 2
5 2
6 8
7 2
8 7
9 12
10 16
11 6
12 8
13 12
14 3
15 7
16 15
17 14
18 16
19 8
20 9
21 7
22 4
23 9
24 16
25 9
26 20
27 14
28 3
29 14
30 15
31 10
32 14
33 7
34 8
35 14
36 16
37 16
38 16
39 5
40 2
41 12
42 1
43 9
44 7
45 16
46 4
47 16
48 1
49 5
50 4
30
1 1 482
2 12 20
3 8 44
4 9 38
5 5 37
6 20 23
7 20 47
8 7 42
9 2 38
10 13 45
11 7 32
12 17 47
13 14 43
14 1 37
15 14 17
16 4 31
17 14 19
18 20 43
19 16 35
20 13 28
21 3 48
22 9 32
23 1 23
24 9 23
25 1 33
26 12 29
27 7 25
28 17 29
29 15 23
30 2 40
0
0
