6
1 479 20 7 20 1 5 26 9 3 41
2 22 11 50 46 7 37 30 18 11 14 35 45 3 48 20 39 27 5 24 16 41 10 33 22 4 36 32 8 47 28 38 44 25 29 23 6 31 12 21 15 26 49 50 17 9 19 42 1 2 34 43 40 13
3 23 2 50 14 5 3 37 45 7 48 39 49 9 12 10 15 28 16 1 36 20 43 18 47 35 38 4 46 32 8 26 30 44 17 33 23 25 29 19 27 22 2 42 24 41 13 11 31 34 6 21 50 40
4 341 20 30 3 47 35 45 26 7 23 33 16 19 29 10 42 36 38 15 41 34 20 43 5 4 17 25 39 28 46 30 2 32
5 102 19 41 33 17 13 11 23 35 15 3 36 24 40 8 45 26 14 12 44 18 10 38 49 41 28 4 29 37 20 32 2 1 6 50 7 30 16 46 19 5 43 25 39
6 215 11 4 10 36 13 25
50
1 2
2 1
3 9
4 13
5 8
6 14
7 6
8 11
9 8
10 17
11 12
12 5
13 8
14 6
15 5
16 15
17 3
18 6
19 6
20 5
21 6
22 2
23 12
24 16
25 16
26 19
27 9
28 4
29 5
30 12
31 13
32 2
33 11
34 14
35 7
36 4
37 17
38 14
39 9
40 10
41 1
42 16
43 10
44 10
45 11
46 18
47 14
48 8
49 10
50 5
30
1 1 83
2 15 3
3 16 8
4 10 5
5 14 6
6 8 8
7 20 5
8 4 7
9 9 3
10 16 5
11 7 8
12 1 8
13 4 8
14 13 5
15 20 3
16 12 5
17 1 8
18 11 3
19 17 7
20 1 8
21 20 4
22 10 8
23 4 3
24 1 5
25 13 3
26 18 4
27 6 4
28 17 3
29 19 6
30 9 6
0
0
