100
1 399 18 26 20 36 30 38 2 3 26 19 21 24 34 32 6 18 47 28 48 23 9 7 43 11 4 37 44 33
2 310 6 4 20 31 38 47
3 595 14 50 2 1 42 46 31 11 37 43 27 5 22 7 10 23 36 17 4 40 16 50 15 28 13 41 24 34 45 44 38 6 19 29 39 14 21 25 18 48 12 47 20 33 30 49 3 8 32 9 35 26
4 297 0 9 10 46 5 2 34 19 26 8 48
5 89 19 16 44 5 42 41 30 35 34 1 25 31 28 38 47 6 48 3
6 211 11 12 47 6 50 43 11 24 10 28 44 3 49 13
7 414 2 23 31 15 5 43 16 20 6 28 50 36 48 7 34 18 49 22 40 21 35 17 39 30 19
8 517 2 13 5 50 16 7 30 18 28 41 4 32 31 47 25
9 382 7 44 44 26 5 35 20 19 32 43 4 25 31 22 7 34 33 39 49 45 2 21 37 6 38 27 12 1 29 30 3 24 11 23 41 9 50 36 46 10 28 48 40 18 14 47
10 500 5 24 4 44 7 35 39 17 33 49 20 18 12 37 6 31 23 5 48 11 16 24 15 2 43 34
11 262 2 19 35 40 20 9 4 32 5 36 37 41 43 47 49 6 39 11 1 34 23
12 319 10 27 6 49 8 28 46 38 40 2 15 43 11 18 48 23 31 47 36 27 9 16 10 32 37 14 1 29 39
13 423 12 2 8 19
14 82 3 46 27 26 49 37 50 44 25 13 2 41 17 14 4 47 16 23 33 32 31 38 6 45 35 5 19 12 42 43 36 15 48 46 10 24 7 34 3 22 9 18 28 1 20 8 29 30
15 16 3 14 7 38 3 46 19 13 48 12 26 21 49 28 41 6
16 559 12 34 14 23 34 45 49 10 43 39 1 27 31 9 18 22 38 21 42 40 41 4 11 33 47 3 44 50 26 25 13 8 19 46 2 24
17 67 7 10 39 18 49 7 32 10 22 29 23 15
18 213 0 1 36
19 116 6 14 47 8 32 49 43 14 35 41 45 19 44 23 36 40
20 62 7 36 46 3 37 9 28 33 22 50 12 14 10 44 41 47 15 26 25 23 40 42 13 30 6 24 1 27 8 19 35 18 21 20 11 34 16 49
21 443 4 30 26 25 9 50 47 34 35 23 42 5 13 45 46 11 39 20 29 10 43 14 49 12 16 41 22 18 2 15 8 6
22 65 3 22 41 35 4 20 28 5 42 40 24 12 16 25 49 9 3 45 2 32 39 31 19 21
23 157 10 29 25 15 2 14 1 21 30 39 20 11 38 13 3 8 43 28 10 37 16 6 32 7 42 22 19 27 23 46 9
24 365 4 27 3 36 1 32 26 30 2 14 42 24 35 17 7 16 4 48 37 19 5 33 49 45 40 18 25 41 28
25 422 4 38 29 40 18 2 21 13 27 36 15 43 39 41 9 3 48 26 44 33 4 10 24 35 22 20 45 1 5 25 14 34 17 31 37 32 46 47 49 42
26 488 4 27 7 2 11 10 19 21 15 16 29 41 14 35 38 27 43 23 44 25 32 26 33 46 49 37 6 42 4
27 313 0 32 16 33 17 34 6 38 43 30 36 11 32 23 40 44 50 46 3 15 27 28 25 1 35 37 24 9 2 39 7 41 42 48
28 205 8 4 44 30 20 29
29 467 17 12 35 14 2 46 34 40 16 26 32 50 28 48
30 500 14 3 26 30 15
31 561 11 34 21 10 40 3 1 17 15 22 38 26 49 37 30 14 9 23 7 24 31 44 19 46 33 4 42 36 45 2 16 28 25 18 39 34
32 530 1 4 34 3 48 28
33 93 13 40 15 38 14 2 41 19 33 39 32 17 26 47 5 29 6 3 9 27 7 34 50 18 23 11 16 25 46 43 49 30 36 10 21 1 13 4 22 20 31 42
34 74 19 33 11 39 2 46 28 4 15 10 14 20 22 16 17 26 38 25 3 42 48 6 12 7 47 44 27 31 37 19 24 23 1 33 40
35 374 12 37 31 6 26 46 29 9 41 2 22 24 30 23 17 20 34 28 32 12 40 38 5 15 48 25 21 3 44 42 37 14 1 18 7 16 33 19 13
36 273 7 10 39 16 45 24 28 26 22 18 19 7
37 380 4 40 12 43 27 3 42 49 11 13 47 9 16 19 30 40 18 4 1 25 23 22 44 5 24 14 8 41 2 15 37 34 46 45 31 29 17 48 26 50 33 10
38 335 17 28 30 45 10 34 21 35 43 17 16 9 37 24 25 41 31 47 18 14 20 6 50 4 27 7 12 19 39 48
39 538 6 3 40 41 29
40 418 8 7 36 15 40 33 46 28 42
41 253 5 17 11 21 49 26 9 19 31 44 22 33 42 27 1 34 20 15 4
42 413 17 7 48 33 41 34 14 46 9
43 216 13 47 15 27 34 22 9 5 12 7 19 29 42 10 31 48 25 3 33 41 21 47 40 45 14 30 35 1 39 13 50 44 49 43 11 2 32 38 16 20 26 18 8 23 46 17 4 37 24
44 261 2 13 27 26 30 22 43 10 19 3 31 11 47 32 13
45 22 10 39 50 9 36 37 24 39 19 38 18 4 49 33 1 20 43 34 23 5 35 48 8 22 42 28 14 40 11 15 25 2 6 10 21 46 44 45 7 3 30
46 587 14 16 31 22 18 50 15 38 37 25 13 40 4 34 6 46 35 39
47 311 20 32 45 29 23 4 11 19 10 43 15 22 30 50 46 39 3 1 17 33 49 9 40 31 36 13 20 5 14 48 42 26 24 16
48 246 11 11 24 45 47 31 3 22 15 49 38 40 9
49 368 14 38 3 14 31 26 11 10 5 6 28 4 17 40 16 9 37 49 15 12 44 24 39 20 32 29 2 18 46 38 25 48 43 7 22 23 19 1 36 21
50 153 18 3 30 12 8
51 326 2 50 10 5 17 34 20 26 29 19 46 22 50 12 13 2 14 25 23 24 8 4 39 16 38 32 35 3 33 37 11 47 31 30 44 40 28 6 36 43 18 27 1 48 7 9 45 49 21 15 42 41
52 57 19 34 31 50 17 4 10 33 15 22 27 46 11 44 45 49 19 40 32 39 36 30 48 12 34 21 35 38 43 1 14 16 41 25 47 8
53 247 20 17 27 45 9 48 18 3 13 33 31 40 2 14 16 38 17 8 20
54 415 20 21 28 46 8 37 11 35 49 41 3 42 2 50 43 33 13 34 25 19 47 6 26
55 349 14 36 13 34 29 11 41 36 40 21 19 26 50 6 12 10 25 5 44 23 49 1 24 18 30 8 3 9 14 45 48 7 32 47 43 22 38 27
56 122 1 12 31 25 16 48 45 14 6 27 40 43 19 5
57 498 2 29 5 48 2 41 40 4 20 29 12 18 44 28 46 49 30 17 3 37 19 39 11 31 47 34 16 15 23 36 43
58 397 4 9 48 40 19 26 25 31 45 15 39
59 405 6 22 1 33 31 25 49 8 18 41 17 4 9 45 26 42 2 40 34 20 7 23 24 29
60 463 6 7 40 20 11 7 35 38 30
61 13 5 10 9 43 17 27 16 41 33 18 19 31
62 57 2 37 47 16 25 24 37 1 18 7 4 6 21 31 42 20 35 43 32 48 12 30 23 3 41 19 33 15 26 14 5 2 29 44 38 10 13 39 50
63 73 7 37 11 3 12 24 27 26 6 18 8 50 28 42 15 5 19 35 38 13 4 40 48 43 33 41 20 29 7 17 16 30 36 31 49 10 25 32 1
64 183 11 24 36 29 15 45 44 19 50 9 47 23 27 6 48 46 42 13 35 5 31 2 43 1 12 3
65 121 6 42 23 31 22 11 24 36 49 7 16 29 44 46 35 48 43 39 25 30 10 12 47 38 32 5 9 18 8 13 40 6 19 2 17 28 34 42 37 50 4 14 15 1
66 328 14 38 49 42 1 21 36 47 11 19 38 7 32 27 28 3 29 33 8 26 9 12 23 40 17 34 6 25 22 13 30 35 18 46 43 50 24 14 39 16
67 381 20 29 25 20 10 27 46 3 42 18 24 8 29 9 48 17 13 37 32 4 2 22 23 44 50 12 5 41 21 26 47
68 147 7 50 1 2 5 4 9 49 13 40 23 45 10 26 42 8 29 34 3 50 35 24 12 44 48 39 30 38 43 33 7 22 47 41 32 16 17 20 37 15 21 28 19 6 25 11 14 27 46 31 18 36
69 217 10 14 50 38 45 41 27 29 43 13 32 14 21 25 33 44
70 548 17 25 22 41 21 25 11 29 4 1 14 18 7 34 5 48 39 20 47 9 31 2 38 32 50 8 45
71 185 14 22 48 10 25 14 41 30 34 7 20 35 22 5 12 49 37 31 26 32 33 39 50 16
72 417 18 48 7 32 42 18 21 38 50 34 8 12 23 35 39 33 24 14 45 10 47 5 15 26 44 49 20 31 19 36 11 43 25 17 9 41 16 37 2 46 3 13 30 28 27 6 29 48 40 22
73 464 10 30 13 26 50 39 10 47 4 43 2 17 33 7 38 15 44 41 23 27 45 3 34 31 32 24 29 28 18 21 16 14
74 198 2 25 21 29 19 46 40 16 45 37 47 14 32 17 22 7 4 23 10 49 39 26 24 3 27 5 38
75 393 8 38 40 32 22 3 24 37 13 12 36 44 11 28 50 23 21 27 34 30 17 33 46 6 1 19 25 15 16 45 39 9 14 18 7 49 38 48 26 43
76 85 11 9 33 45 10 35 21 43 40 4 22
77 150 1 16 43 12 46 15 49 4 45 17 7 35 24 37 27 28 23 21
78 41 13 24 23 49 25 22 48 30 26 20 44 21 40 39 35 34 17 12 24 42 37 47 29 28 43 6
79 554 13 14 50 30 43 34 20 48 15 22 36 24 27 26 1 33
80 470 13 25 14 34 7 40 8 27 6 23 45 47 19 43 46 3 42 24 41 21 37 50 13 15 38 35 20
81 180 7 43 5 44 11 32 1 19 8 25 7 2 49 6 31 21 26 41 18 40 48 36 43 39 45 13 50 33 4 10 42 12 27 15 30 34 28 47 38 23 22 37 46 24 17
82 564 5 45 41 37 25 2 26 35 36 15 29 10 38 3 31 46 13 11 1 40 39 44 47 33 20 19 22 42 45 49 28 43 9 34 48 18 30 32 7 12 14 8 5 16 50 4 17
83 15 2 27 22 45 33 48 15 24 30 4 16 50 36 7 3 10 9 37 1 20 23 38 35 29 18 41 2 19 32
84 585 18 35 4 14 34 12 37 23 22 18 5 32 16 36 47 1 8 31 35 19 27 6 30 7 50 29 43 10 40 26 25 9 49 44 11 21 42
85 389 19 35 5 42 41 48 37 47 28 49 40 13 4 2 33 14 34 21 18 23 50 15 8 25 20 43 39 44 27 38 19 9 36 12 10 16 11
86 496 12 18 47 12 11 36 10 26 28 46 15 38 4 37 39 33 2 48 32 23
87 143 1 28 4 23 1 8 24 44 7 20 10 14 40 28 49 26 9 48 35 25 12 22 41 32 31 50 45 27 36 17
88 29 16 23 37 28 25 17 50 43 13 41 8 44 33 45 10 5 24 2 1 15 49 11 27 34 35
89 482 0 22 9 34 7 31 28 22 19 14 17 49 45 46 47 38 4 15 41 44 24 33 26 42
90 170 3 35 40 36 26 42 50 7 2 47 41 31 11 38 10 45 6 22 34 43 14 23 35 32 18 19 21 15 9 30 28 25 48 24 49 29 3
91 24 15 13 9 33 44 7 10 39 3 15 32 12 29 49 1
92 420 10 49 3 35 4 40 22 33 24 21 27 41 6 7 38 42 45 11 8 5 9 48 39 2 28 47 29 14 15 17 36 50 20 46 12 25 43 49 18 37 1 10 16 32 44 13 34 26 31 23 30
93 45 13 37 2 5 45 24 14 49 38 50 34 13 40 30 23 12 16 25 22 28 48 17 21 9 46 11 39 4 36 20 18 10 6 7 1 8 43 27 19
94 306 10 45 31 15 19 7 39 29 28 50 41 17 6 24 43 48 49 44 20 5 27 47 45 40 3 38 37 42 35 23 4 21 25 18 33 30 13 1 36 10 26 2 11 16 32 46 34
95 96 10 41 7 15 44 40 1 43 48 38 47 20 34 12 9 30 46 6 5 11 36 4 18 13 41 26 19 33 35 29 14 27 22 24 23 25 42 32 31 3 8 16 50
96 596 18 38 17 47 27 25 4 18 31 22 15 28 40 33 37 46 21 7 2 36 23 12 10 29 34 38 9 39 8 5 45 35 14 43 48 50 49 32 42 26
97 275 2 30 12 35 13 16 26 37 24 39 7 14 15 5 11 4 46 19 29 9 42 34 21 17 45 1 23 40 2 3 18 30
98 352 5 11 12 48 38 20 47 7 34 41 44 49 30
99 31 19 30 15 16 11 38 21 14 22 8 23 48 43 20 1 13 5 9 46 40 39 33 24 49 45 10 28 12 18 19 2 50
100 146 14 49 35 24 5 9 49 12 37 28 40 23 11 15 42 27 21 30 8 26 33 22 16 46 43 39 38 7 19 20 2 36 32 4 45 18 34 47 3 17 44 10 29 41 50 48 31 6 13 25 14
50
1 12
2 1
3 7
4 6
5 12
6 19
7 1
8 17
9 7
10 6
11 12
12 8
13 19
14 13
15 17
16 8
17 13
18 14
19 12
20 14
21 20
22 6
23 20
24 11
25 14
26 7
27 19
28 19
29 5
30 18
31 12
32 10
33 17
34 4
35 12
36 20
37 16
38 3
39 6
40 2
41 2
42 20
43 8
44 6
45 3
46 18
47 7
48 5
49 14
50 14
30
1 1 931
2 1 70
3 7 80
4 5 68
5 6 74
6 19 88
7 12 75
8 15 84
9 17 91
10 9 63
11 15 75
12 6 87
13 7 58
14 5 84
15 9 77
16 15 40
17 11 74
18 3 88
19 10 58
20 17 52
21 1 69
22 17 84
23 16 50
24 5 39
25 20 86
26 10 48
27 20 62
28 15 35
29 3 74
30 6 34
1205
1 3
1 6
4 6
5 6
5 7
6 7
6 8
7 8
7 10
1 11
2 11
2 12
6 12
9 12
5 13
9 13
9 14
10 14
1 15
9 15
14 15
1 16
5 16
8 16
10 16
11 16
13 16
15 16
6 17
8 17
9 17
15 17
16 17
2 18
7 18
8 18
10 18
13 18
4 19
10 19
11 19
13 19
15 19
16 19
4 20
9 20
15 20
17 20
5 21
6 21
7 21
9 21
13 21
14 21
16 21
19 21
20 21
5 22
14 22
17 22
18 22
1 23
6 23
15 23
1 24
6 24
8 24
9 24
18 24
19 24
20 24
21 24
6 25
8 25
9 25
17 25
18 25
22 25
23 25
3 26
8 26
11 26
14 26
19 26
23 26
25 26
9 27
10 27
11 27
12 27
22 27
4 28
6 28
14 28
24 28
9 29
11 29
14 29
18 29
22 29
27 29
5 30
28 30
8 31
13 31
25 31
29 31
30 31
4 32
6 32
9 32
10 32
15 32
19 32
23 32
25 32
3 33
10 33
12 33
17 33
18 33
23 33
24 33
28 33
29 33
31 33
4 34
11 34
12 34
13 34
16 34
18 34
19 34
20 34
22 34
25 34
27 34
32 34
4 35
7 35
11 35
19 35
27 35
28 35
32 35
2 36
4 36
6 36
10 36
19 36
20 36
23 36
25 36
27 36
28 36
29 36
35 36
1 37
4 37
18 37
20 37
26 37
27 37
30 37
35 37
2 38
6 38
17 38
19 38
31 38
1 39
14 39
18 39
27 39
28 39
31 39
33 39
35 39
36 39
2 40
3 40
9 40
11 40
14 40
23 40
27 40
30 40
33 40
2 41
7 41
17 41
25 41
35 41
37 41
1 42
3 42
7 42
9 42
15 42
18 42
19 42
22 42
23 42
27 42
28 42
29 42
36 42
40 42
3 43
4 43
6 43
8 43
10 43
12 43
15 43
18 43
22 43
24 43
26 43
32 43
41 43
5 44
10 44
12 44
13 44
18 44
19 44
25 44
37 44
41 44
3 45
5 45
9 45
12 45
15 45
21 45
23 45
26 45
27 45
28 45
32 45
36 45
43 45
2 46
5 46
13 46
16 46
21 46
25 46
28 46
31 46
33 46
38 46
39 46
40 46
41 46
42 46
45 46
4 47
5 47
9 47
14 47
17 47
20 47
21 47
23 47
27 47
29 47
39 47
46 47
1 48
5 48
9 48
13 48
18 48
19 48
26 48
27 48
30 48
38 48
43 48
45 48
47 48
2 49
6 49
27 49
29 49
32 49
38 49
47 49
12 50
13 50
23 50
25 50
27 50
29 50
30 50
31 50
37 50
39 50
41 50
43 50
44 50
2 51
3 51
8 51
12 51
20 51
21 51
22 51
24 51
30 51
31 51
37 51
41 51
45 51
47 51
48 51
50 51
1 52
2 52
4 52
13 52
15 52
17 52
19 52
23 52
31 52
32 52
50 52
51 52
2 53
3 53
5 53
8 53
13 53
20 53
22 53
26 53
34 53
35 53
42 53
46 53
49 53
15 54
17 54
28 54
32 54
33 54
35 54
36 54
44 54
6 55
8 55
9 55
14 55
18 55
23 55
2 56
6 56
7 56
10 56
13 56
21 56
26 56
27 56
29 56
33 56
37 56
44 56
48 56
55 56
4 57
8 57
17 57
19 57
23 57
27 57
28 57
33 57
34 57
35 57
36 57
40 57
43 57
44 57
45 57
51 57
54 57
3 58
5 58
6 58
9 58
10 58
14 58
18 58
21 58
22 58
25 58
29 58
42 58
43 58
47 58
51 58
52 58
55 58
57 58
11 59
22 59
25 59
26 59
29 59
32 59
35 59
36 59
4 60
9 60
10 60
15 60
22 60
23 60
26 60
33 60
36 60
40 60
41 60
42 60
46 60
49 60
55 60
58 60
14 61
24 61
29 61
31 61
32 61
36 61
41 61
44 61
49 61
54 61
56 61
57 61
59 61
60 61
2 62
6 62
7 62
8 62
9 62
17 62
19 62
27 62
32 62
35 62
36 62
40 62
50 62
54 62
56 62
57 62
60 62
1 63
3 63
9 63
11 63
12 63
14 63
20 63
24 63
35 63
36 63
45 63
47 63
50 63
62 63
5 64
6 64
14 64
16 64
23 64
31 64
32 64
39 64
40 64
48 64
51 64
52 64
58 64
61 64
4 65
8 65
18 65
20 65
22 65
24 65
29 65
30 65
32 65
34 65
39 65
51 65
60 65
7 66
9 66
11 66
12 66
16 66
17 66
19 66
21 66
26 66
27 66
30 66
38 66
39 66
41 66
42 66
43 66
46 66
48 66
51 66
56 66
58 66
1 67
2 67
5 67
11 67
16 67
27 67
34 67
45 67
51 67
52 67
54 67
61 67
1 68
8 68
15 68
18 68
22 68
33 68
34 68
36 68
45 68
51 68
52 68
58 68
2 69
6 69
11 69
13 69
18 69
19 69
22 69
23 69
24 69
35 69
38 69
39 69
40 69
41 69
43 69
57 69
59 69
62 69
64 69
66 69
1 70
3 70
10 70
12 70
13 70
16 70
17 70
19 70
20 70
28 70
34 70
35 70
37 70
49 70
61 70
64 70
68 70
12 71
14 71
16 71
21 71
26 71
29 71
30 71
32 71
35 71
36 71
37 71
45 71
47 71
49 71
54 71
57 71
69 71
5 72
9 72
11 72
19 72
21 72
24 72
28 72
32 72
33 72
34 72
46 72
48 72
52 72
54 72
58 72
7 73
8 73
14 73
19 73
24 73
27 73
33 73
47 73
50 73
52 73
61 73
64 73
72 73
1 74
2 74
4 74
5 74
12 74
16 74
35 74
39 74
40 74
44 74
45 74
49 74
50 74
51 74
68 74
70 74
72 74
73 74
1 75
2 75
4 75
7 75
8 75
12 75
17 75
19 75
21 75
22 75
27 75
31 75
33 75
38 75
44 75
48 75
49 75
50 75
57 75
66 75
2 76
6 76
9 76
10 76
17 76
19 76
21 76
26 76
29 76
34 76
39 76
40 76
41 76
43 76
49 76
50 76
54 76
57 76
60 76
63 76
67 76
68 76
72 76
5 77
13 77
29 77
31 77
32 77
46 77
47 77
49 77
52 77
55 77
57 77
62 77
75 77
5 78
7 78
11 78
14 78
16 78
30 78
32 78
33 78
36 78
40 78
42 78
44 78
47 78
48 78
52 78
53 78
54 78
62 78
65 78
73 78
76 78
8 79
10 79
11 79
16 79
23 79
28 79
35 79
44 79
47 79
49 79
52 79
61 79
63 79
67 79
73 79
77 79
8 80
10 80
23 80
26 80
28 80
29 80
30 80
35 80
44 80
45 80
46 80
47 80
48 80
49 80
53 80
59 80
65 80
66 80
70 80
72 80
2 81
3 81
10 81
12 81
13 81
14 81
16 81
19 81
21 81
22 81
24 81
26 81
32 81
35 81
36 81
38 81
41 81
43 81
46 81
47 81
52 81
54 81
55 81
62 81
64 81
65 81
69 81
76 81
4 82
6 82
16 82
17 82
18 82
19 82
27 82
28 82
33 82
41 82
44 82
55 82
75 82
3 83
16 83
21 83
27 83
31 83
32 83
35 83
36 83
37 83
47 83
54 83
58 83
59 83
62 83
64 83
65 83
68 83
69 83
70 83
74 83
3 84
14 84
15 84
16 84
35 84
36 84
37 84
41 84
50 84
51 84
52 84
53 84
57 84
59 84
60 84
66 84
70 84
71 84
75 84
78 84
80 84
3 85
5 85
9 85
13 85
16 85
19 85
24 85
27 85
29 85
38 85
50 85
53 85
56 85
66 85
68 85
71 85
72 85
73 85
74 85
76 85
83 85
84 85
1 86
3 86
10 86
11 86
13 86
19 86
23 86
24 86
27 86
28 86
30 86
37 86
39 86
40 86
47 86
49 86
50 86
53 86
55 86
56 86
58 86
60 86
62 86
63 86
70 86
77 86
80 86
82 86
85 86
4 87
10 87
16 87
20 87
24 87
31 87
33 87
34 87
36 87
44 87
49 87
52 87
53 87
57 87
58 87
61 87
62 87
64 87
66 87
67 87
74 87
76 87
80 87
82 87
86 87
1 88
5 88
6 88
8 88
10 88
12 88
14 88
15 88
23 88
42 88
45 88
46 88
48 88
55 88
60 88
72 88
75 88
76 88
77 88
78 88
80 88
84 88
86 88
2 89
5 89
6 89
8 89
10 89
30 89
32 89
37 89
38 89
50 89
51 89
53 89
54 89
56 89
58 89
61 89
72 89
75 89
76 89
81 89
84 89
86 89
87 89
1 90
4 90
14 90
15 90
21 90
22 90
34 90
39 90
44 90
52 90
54 90
55 90
58 90
69 90
72 90
77 90
80 90
89 90
4 91
8 91
9 91
13 91
16 91
18 91
22 91
24 91
27 91
35 91
40 91
46 91
47 91
50 91
55 91
57 91
60 91
65 91
67 91
68 91
70 91
82 91
3 92
10 92
15 92
16 92
20 92
21 92
22 92
25 92
27 92
29 92
33 92
38 92
39 92
42 92
48 92
70 92
72 92
73 92
77 92
78 92
79 92
80 92
87 92
90 92
4 93
9 93
10 93
13 93
15 93
16 93
21 93
23 93
25 93
31 93
33 93
37 93
46 93
51 93
54 93
66 93
68 93
72 93
75 93
76 93
84 93
87 93
91 93
2 94
3 94
6 94
11 94
14 94
21 94
22 94
33 94
35 94
41 94
46 94
53 94
60 94
72 94
78 94
80 94
86 94
87 94
3 95
4 95
9 95
12 95
15 95
17 95
18 95
20 95
21 95
25 95
41 95
48 95
52 95
54 95
55 95
58 95
62 95
64 95
70 95
72 95
81 95
1 96
6 96
11 96
15 96
18 96
21 96
28 96
29 96
31 96
32 96
39 96
40 96
41 96
53 96
54 96
56 96
58 96
66 96
72 96
74 96
77 96
78 96
91 96
93 96
5 97
8 97
12 97
15 97
19 97
23 97
27 97
35 97
40 97
44 97
46 97
65 97
73 97
85 97
87 97
91 97
1 98
8 98
9 98
11 98
15 98
24 98
25 98
33 98
39 98
41 98
44 98
50 98
63 98
64 98
68 98
70 98
76 98
82 98
85 98
86 98
87 98
90 98
91 98
94 98
96 98
17 99
18 99
22 99
45 99
46 99
47 99
62 99
66 99
68 99
71 99
72 99
73 99
75 99
77 99
79 99
82 99
83 99
85 99
86 99
92 99
98 99
9 100
16 100
23 100
25 100
30 100
31 100
34 100
35 100
37 100
38 100
42 100
44 100
54 100
55 100
57 100
59 100
60 100
68 100
69 100
70 100
72 100
74 100
75 100
76 100
80 100
82 100
90 100
97 100
1283
2 3
1 4
2 5
4 5
3 6
2 8
4 8
5 8
8 9
1 10
2 10
3 10
4 11
7 11
3 12
4 12
7 12
7 13
10 13
11 13
11 14
13 14
2 15
3 15
4 15
13 15
3 16
4 16
14 16
1 17
10 17
4 18
5 18
6 18
14 18
2 19
3 19
6 19
7 19
14 19
18 19
2 20
3 20
5 20
7 20
10 20
11 20
18 20
2 21
8 21
10 21
17 21
18 21
1 22
3 22
4 22
9 22
12 22
15 22
16 22
5 23
9 23
14 23
17 23
2 24
4 24
7 24
10 24
13 24
16 24
3 25
5 25
11 25
14 25
16 25
20 25
24 25
5 26
6 26
10 26
20 26
21 26
22 26
2 27
7 27
8 27
15 27
16 27
3 28
9 28
16 28
18 28
19 28
20 28
26 28
27 28
3 29
6 29
12 29
17 29
23 29
24 29
25 29
6 30
8 30
10 30
16 30
17 30
22 30
23 30
27 30
7 31
11 31
20 31
21 31
22 31
23 31
24 31
27 31
7 32
14 32
16 32
18 32
21 32
27 32
2 33
8 33
9 33
14 33
15 33
16 33
22 33
2 34
3 34
6 34
7 34
8 34
10 34
14 34
21 34
26 34
29 34
30 34
5 35
12 35
15 35
17 35
18 35
20 35
22 35
24 35
25 35
26 35
31 35
3 36
9 36
11 36
21 36
22 36
31 36
33 36
2 37
6 37
7 37
9 37
10 37
12 37
14 37
28 37
29 37
33 37
34 37
9 38
10 38
11 38
16 38
20 38
22 38
23 38
24 38
28 38
29 38
3 39
5 39
6 39
12 39
15 39
34 39
38 39
4 40
8 40
12 40
18 40
21 40
22 40
26 40
34 40
37 40
4 41
8 41
11 41
12 41
14 41
19 41
22 41
28 41
31 41
32 41
36 41
2 42
4 42
17 42
20 42
26 42
31 42
32 42
33 42
35 42
38 42
11 43
20 43
23 43
30 43
36 43
38 43
42 43
1 44
3 44
4 44
9 44
14 44
17 44
30 44
33 44
36 44
39 44
2 45
16 45
17 45
24 45
25 45
29 45
38 45
42 45
4 46
6 46
7 46
8 46
15 46
17 46
19 46
22 46
27 46
34 46
35 46
44 46
6 47
7 47
8 47
11 47
13 47
16 47
22 47
24 47
26 47
32 47
36 47
44 47
45 47
4 48
10 48
14 48
15 48
20 48
22 48
33 48
34 48
39 48
40 48
7 49
10 49
12 49
18 49
19 49
21 49
22 49
35 49
41 49
42 49
4 50
6 50
8 50
9 50
11 50
18 50
24 50
26 50
28 50
33 50
34 50
40 50
47 50
48 50
5 51
13 51
14 51
16 51
26 51
27 51
34 51
40 51
42 51
44 51
7 52
9 52
14 52
18 52
25 52
26 52
37 52
42 52
43 52
46 52
47 52
6 53
9 53
11 53
12 53
21 53
23 53
24 53
27 53
28 53
29 53
36 53
37 53
39 53
52 53
4 54
6 54
7 54
8 54
21 54
23 54
25 54
26 54
30 54
34 54
37 54
38 54
46 54
48 54
49 54
51 54
53 54
1 55
4 55
12 55
16 55
19 55
27 55
32 55
34 55
35 55
39 55
43 55
50 55
51 55
54 55
1 56
3 56
4 56
9 56
12 56
14 56
16 56
24 56
25 56
28 56
36 56
40 56
42 56
47 56
50 56
52 56
2 57
6 57
7 57
10 57
12 57
14 57
15 57
18 57
22 57
39 57
42 57
49 57
50 57
53 57
7 58
15 58
19 58
20 58
23 58
26 58
31 58
32 58
35 58
41 58
44 58
46 58
56 58
2 59
3 59
6 59
12 59
16 59
19 59
20 59
31 59
38 59
39 59
42 59
43 59
46 59
47 59
51 59
52 59
54 59
55 59
57 59
3 60
5 60
6 60
7 60
8 60
13 60
14 60
16 60
17 60
18 60
21 60
25 60
28 60
32 60
35 60
37 60
38 60
39 60
44 60
45 60
48 60
50 60
53 60
59 60
4 61
7 61
9 61
11 61
15 61
16 61
17 61
18 61
23 61
27 61
28 61
33 61
35 61
39 61
40 61
42 61
48 61
52 61
55 61
4 62
5 62
14 62
16 62
22 62
26 62
28 62
30 62
33 62
41 62
46 62
51 62
55 62
59 62
2 63
5 63
13 63
18 63
19 63
22 63
23 63
25 63
26 63
29 63
31 63
34 63
37 63
43 63
53 63
54 63
58 63
2 64
10 64
11 64
12 64
17 64
18 64
25 64
28 64
33 64
34 64
35 64
36 64
45 64
53 64
55 64
62 64
63 64
2 65
6 65
7 65
10 65
12 65
13 65
16 65
17 65
21 65
23 65
31 65
42 65
44 65
47 65
54 65
55 65
58 65
59 65
61 65
6 66
10 66
13 66
15 66
20 66
22 66
28 66
35 66
49 66
50 66
53 66
55 66
60 66
61 66
62 66
65 66
4 67
6 67
8 67
9 67
10 67
13 67
15 67
17 67
19 67
20 67
28 67
29 67
41 67
42 67
43 67
44 67
55 67
57 67
59 67
60 67
64 67
65 67
66 67
2 68
5 68
10 68
12 68
13 68
14 68
20 68
25 68
26 68
27 68
28 68
37 68
41 68
44 68
47 68
50 68
53 68
55 68
59 68
61 68
62 68
63 68
66 68
4 69
10 69
16 69
17 69
20 69
27 69
29 69
31 69
32 69
36 69
37 69
48 69
50 69
54 69
55 69
56 69
67 69
68 69
8 70
22 70
23 70
26 70
27 70
31 70
33 70
38 70
43 70
44 70
45 70
56 70
58 70
59 70
60 70
63 70
13 71
15 71
19 71
28 71
34 71
42 71
43 71
44 71
52 71
61 71
62 71
66 71
68 71
1 72
2 72
3 72
7 72
10 72
15 72
23 72
26 72
35 72
39 72
41 72
42 72
47 72
50 72
51 72
55 72
56 72
62 72
63 72
70 72
2 73
4 73
10 73
11 73
13 73
16 73
18 73
22 73
25 73
26 73
29 73
38 73
39 73
41 73
46 73
53 73
55 73
63 73
65 73
66 73
69 73
6 74
8 74
13 74
19 74
20 74
29 74
31 74
32 74
33 74
34 74
52 74
55 74
57 74
59 74
60 74
62 74
63 74
65 74
67 74
71 74
16 75
18 75
24 75
30 75
36 75
43 75
45 75
46 75
58 75
69 75
71 75
1 76
4 76
11 76
15 76
16 76
25 76
31 76
35 76
46 76
47 76
53 76
55 76
59 76
62 76
65 76
69 76
75 76
7 77
15 77
17 77
18 77
21 77
25 77
26 77
30 77
37 77
40 77
43 77
44 77
48 77
50 77
54 77
56 77
59 77
61 77
65 77
71 77
2 78
3 78
6 78
10 78
12 78
17 78
22 78
25 78
26 78
27 78
28 78
31 78
41 78
45 78
55 78
60 78
68 78
69 78
1 79
4 79
7 79
17 79
19 79
22 79
27 79
30 79
31 79
33 79
36 79
38 79
40 79
42 79
46 79
58 79
66 79
69 79
70 79
1 80
2 80
3 80
4 80
5 80
9 80
13 80
14 80
15 80
18 80
19 80
20 80
31 80
42 80
50 80
57 80
61 80
67 80
68 80
73 80
75 80
76 80
78 80
4 81
7 81
15 81
40 81
42 81
44 81
50 81
51 81
53 81
56 81
59 81
60 81
67 81
68 81
72 81
79 81
7 82
10 82
15 82
20 82
24 82
31 82
34 82
35 82
38 82
42 82
45 82
46 82
47 82
50 82
52 82
58 82
59 82
60 82
61 82
67 82
68 82
69 82
76 82
78 82
2 83
7 83
9 83
12 83
14 83
19 83
24 83
30 83
33 83
38 83
41 83
49 83
51 83
60 83
63 83
73 83
76 83
77 83
79 83
81 83
82 83
7 84
9 84
10 84
11 84
17 84
19 84
20 84
24 84
25 84
26 84
33 84
34 84
38 84
40 84
43 84
44 84
48 84
54 84
62 84
63 84
68 84
69 84
76 84
79 84
81 84
83 84
2 85
4 85
10 85
12 85
14 85
18 85
30 85
36 85
41 85
44 85
55 85
57 85
61 85
63 85
75 85
77 85
78 85
4 86
6 86
7 86
16 86
33 86
42 86
43 86
46 86
51 86
65 86
68 86
69 86
71 86
78 86
79 86
83 86
1 87
3 87
6 87
12 87
15 87
17 87
19 87
26 87
27 87
28 87
41 87
42 87
43 87
45 87
46 87
54 87
71 87
73 87
75 87
81 87
4 88
9 88
16 88
19 88
20 88
21 88
25 88
26 88
27 88
28 88
32 88
33 88
40 88
51 88
52 88
63 88
65 88
71 88
82 88
83 88
1 89
3 89
12 89
13 89
15 89
17 89
18 89
21 89
22 89
25 89
26 89
28 89
31 89
34 89
35 89
43 89
44 89
49 89
57 89
59 89
64 89
68 89
70 89
74 89
6 90
7 90
12 90
17 90
18 90
24 90
25 90
27 90
28 90
32 90
36 90
37 90
38 90
40 90
42 90
43 90
47 90
56 90
59 90
60 90
61 90
67 90
70 90
74 90
79 90
84 90
86 90
1 91
2 91
17 91
20 91
23 91
28 91
29 91
31 91
32 91
39 91
43 91
44 91
45 91
49 91
51 91
54 91
59 91
62 91
63 91
72 91
74 91
76 91
80 91
87 91
88 91
2 92
5 92
6 92
8 92
12 92
13 92
14 92
19 92
24 92
30 92
32 92
34 92
43 92
44 92
49 92
50 92
53 92
55 92
57 92
58 92
61 92
63 92
68 92
81 92
82 92
83 92
85 92
88 92
5 93
6 93
8 93
11 93
12 93
14 93
18 93
20 93
24 93
26 93
28 93
29 93
32 93
38 93
39 93
47 93
49 93
50 93
52 93
57 93
59 93
64 93
71 93
74 93
80 93
90 93
92 93
5 94
9 94
15 94
17 94
25 94
26 94
27 94
29 94
39 94
40 94
44 94
45 94
47 94
48 94
51 94
52 94
55 94
71 94
76 94
77 94
83 94
89 94
90 94
93 94
1 95
13 95
23 95
24 95
27 95
30 95
34 95
35 95
36 95
39 95
43 95
44 95
49 95
51 95
56 95
61 95
63 95
65 95
69 95
74 95
75 95
78 95
79 95
82 95
84 95
85 95
89 95
91 95
92 95
94 95
3 96
8 96
13 96
16 96
19 96
20 96
24 96
26 96
45 96
47 96
49 96
55 96
61 96
63 96
68 96
69 96
76 96
82 96
83 96
84 96
85 96
90 96
2 97
10 97
16 97
17 97
18 97
24 97
26 97
28 97
31 97
32 97
34 97
37 97
38 97
39 97
41 97
48 97
50 97
56 97
63 97
66 97
68 97
70 97
71 97
80 97
83 97
89 97
92 97
96 97
3 98
4 98
7 98
12 98
13 98
14 98
18 98
20 98
26 98
27 98
28 98
29 98
38 98
40 98
49 98
54 98
55 98
56 98
59 98
61 98
66 98
74 98
83 98
97 98
2 99
10 99
13 99
14 99
15 99
19 99
23 99
27 99
34 99
35 99
37 99
42 99
49 99
51 99
52 99
53 99
55 99
56 99
57 99
58 99
64 99
70 99
78 99
80 99
95 99
97 99
11 100
12 100
20 100
26 100
39 100
48 100
49 100
50 100
61 100
63 100
64 100
73 100
83 100
84 100
86 100
87 100
89 100
91 100
94 100
