10
1 102 4 36 28 31 17 32 27 29 38 26 47 9 45 7 20 19 21 41 2 50 39 37 6 12 8 16 40 11 35 42 13 49 5 25 14 1 15 3
2 475 2 39 41 50 13 6 3 27 36 45 23 24 35 34 39 28 48 4 7 38 2 1 12 40 33 21 16 46 19 9 5 29 22 26 11 47 17 42 8 43 18
3 405 17 10 33 5 39 26 17 10 16 30 43 32
4 73 6 7 17 8 30 44 37 39 12
5 35 19 8 6 15 46 24 50 34 25 5
6 586 5 6 31 38 25 2 32 47
7 350 20 25 15 28 24 40 2 22 25 10 32 7 5 12 23 31 49 35 13 9 36 29 27 17 16 42 14
8 174 3 6 20 24 32 44 26 49
9 161 1 23 11 32 49 26 35 14 25 2 34 17 48 1 50 30 3 33 7 10 41 46 22 19 45
10 227 11 1 23
50
1 17
2 14
3 3
4 11
5 4
6 10
7 12
8 14
9 7
10 8
11 7
12 16
13 1
14 3
15 3
16 19
17 16
18 3
19 5
20 5
21 10
22 18
23 6
24 10
25 9
26 5
27 2
28 2
29 17
30 4
31 11
32 7
33 2
34 5
35 4
36 4
37 14
38 8
39 10
40 4
41 3
42 2
43 19
44 10
45 17
46 16
47 15
48 7
49 10
50 2
30
1 1 88
2 1 7
3 16 6
4 2 7
5 8 4
6 16 6
7 2 7
8 4 6
9 11 8
10 2 3
11 5 6
12 14 4
13 6 8
14 19 4
15 2 5
16 5 7
17 11 3
18 7 8
19 16 8
20 15 7
21 6 7
22 6 6
23 12 6
24 6 5
25 20 8
26 3 6
27 4 4
28 11 5
29 6 6
30 16 7
0
0
