1000
1 501 0 39 43 29 31 35 50 30 2 6 8 22 21 44 34 38 15 49 33 40 3 26 32 46 25 37 14 23 19 36 28 47 5 20 11 16 1 45 48 17 42
2 319 17 8 50 26 15 43 9 16 42 25
3 308 15 49 8 42 3 39 50 43 48 2 44 28 40 21 13 47 14 33 12 17 35 18 10 4 19 5 34 36 46 16 29 11 15 37 22 6 7 38 31 41 23 26 24 20 45 32 49 1 9 27 25
4 129 7 13 2 38 50 13 48 31 9 47 4 42 6 49 36
5 246 14 46 38 30 28 16 17 45 29 23 34 26 1 35 37 2 3 32 36 25 9 21 18 15 49 22 33 48 41 40 27 6 7 24 10 31 46 11 5 50 43 12 44 47 20 42 13 4
6 247 20 40 22 36 46 10 31 34 30 20 6 27 14 4 3 33 44 21 24 17 39 49 38 35 32 18 13 2 43 41 8 11 50 12 48 15 7 1 40 16 26 42
7 353 18 15 8 42 20 18 21 32 45 24 47 36 15 25 3 28 19
8 57 15 20 15 30 9 43 1 14 3 7 34 28 40 16 23 37 39 35 20 41 8 24
9 368 14 44 18 30 33 20 28 49 19 45 27 10 6 12 41 48 24 14 43 5 32 37 16 50 22 46 36 34 2 44 29 7 35 15 13 3 11 4 23 1 25 8 42 9 47 39
10 184 1 49 33 1 46 41 12 27 2 32 43 23 26 9 39 16 38 24 5 29 31 17 10 34 20 42 49 21 4 30 19 35 3 14 47 28 36 11 22 45 50 40 6 15 8 18 44 7 25 13 37
11 393 6 5 15 49 38 47 16
12 439 20 23 10 43 16 33 26 20 35 19 15 48 13 4 39 45 46 29 42 18 30 31 40 34 6
13 457 7 41 11 13 23 42 10 32 4 44 27 45 3 34 37 6 48 20 18 16 49 26 46 2 30 43 50 38 36 8 33 19 9 22 31 35 25 7 47 5 1 12 28
14 369 4 29 7 23 12 50 42 15 4 44 33 46 8 9 28 37 6 31 27 32 14 43 29 17 20 2 35 24 30 22 13
15 544 4 28 43 42 32 1 10 46 17 9 16 8 29 2 40 47 37 5 7 21 44 30 33 4 18 45 25 12 36 6
16 108 12 26 25 33 30 15 12 8 48 32 22 10 13 19 45 14 23 35 40 26 24 5 31 2 46 42 49 7
17 251 14 32 29 2 27 39 5 36 6 49 12 16 38 24 26 30 11 37 14 35 31 8 41 42 10 33 25 22 9 44 48 47 15 20
18 30 10 39 49 39 32 8 50 28 15 40 10 17 33 29 19 21 48 26 42 44 30 3 25 1 11 12 20 22 41 18 13 43 36 23 14 16 2 4 27 31 6
19 235 5 43 14 29 49 38 33 21 36 50 20 23 28 43 32 7 15 42 16 45 40 8 12 1 24 3 39 25 4 44 35 9 30 19 17 26 34 22 11 5 13 41 18 6 46
20 402 12 10 8 11 12 30 5 28 22 6 39 35
21 434 11 44 24 38 41 22 39 20 21 5 34 33 16 31 32 14 45 49 9 17 3 11 8 27 18 6 44 37 1 36 48 30 26 29 4 40 13 46 2 43 12 23 15 28 42 7
22 225 1 35 29 42 32 27 13 30 18 4 17 39 7 19 22 5 40 2 41 31 37 26 25 43 21 28 9 10 45 11 24 34 33 3 48 46 50
23 245 8 26 16 2 6 38 46 12 3 1 15 17 47 39 7 29 21 26 20 44 31 11 19 14 28 41 10 23
24 203 14 48 46 20 30 9 10 27 11 2 41 1 34 36 32 28 40 21 39 33 50 23 29 31 5 6 38 22 45 48 35 44 13 19 18 12 15 3 49 42 24 37 25 8 16 26 43 47 4 17
25 490 18 16 11 10 8 18 3 1 25 7 22 45 34 4 33 31 35 43
26 112 8 26 16 46 42 36 22 4 14 43 1 38 23 6 19 25 49 24 2 9 31 17 8 39 5 27 47 34
27 399 11 41 11 20 36 50 6 46 31 24 8 30 3 25 21 33 13 38 22 45 44 32 15 27 18 41 47 29 40 43 17 34 48 1 19 37 35 4 39 28 2 9 14
28 338 18 35 7 15 42 26 14 23 33 1 28 22 43 18 31 5 19 45 27 49 21 47 48 12 29 4 11 3 8 20 34 46 6 2 39 38 50
29 327 7 47 47 28 18 33 26 11 40 38 8 4 10 3 48 32 34 29 25 42 44 39 49 41 37 45 21 20 30 46 1 19 31 17 24 27 14 6 13 16 12 9 5 35 15 43 22 2 36
30 179 14 39 40 20 29 23 3 1 32 30 49 36 44 8 14 37 38 34 7 13 22 15 45 28 2 42 6 31 50 16 17 27 5 43 9 39 41 21 48 18 24
31 131 3 40 8 33 46 13 50 44 5 36 39 28 16 30 10 41 19 31 35 2 42 26 34 45 32 25 49 20 17 48 15 38 24 18 14 1 12 23 9 3 40 47
32 416 15 44 19 41 12 39 34 42 43 49 26 9 5 21 14 4 38 31 44 36 1 25 40 10 30 24 8 27 23 45 18 7 22 11 28 29 46 3 47 15 13 37 17 50 6 20
33 577 8 30 16 36 40 35 32 12 9 33 13 24 50 11 43 34 20 25 42 44 29 18 21 30 28 1 23 2 6 19 3 4
34 529 20 38 39 22 24 43 40 28 47 11 41 8 32 38 21 49 44 26 50 33 10 42 4 6 13 14 48 9 46 19 7 36 20 12 25 45 34 2 23 5
35 177 9 39 41 25 20 36 6 46 26 15 27 11 19 34 1 24 16 18 39 37 42 29 22 43 30 32 13 10 33 2 28 9 21 14 35 7 38 45 47 31 3
36 351 17 11 2 28 1 19 35 22 16 39 46 9 29
37 248 6 50 20 46 47 19 4 22 41 42 29 28 45 43 12 9 35 7 15 32 44 11 23 38 37 1 24 5 31 49 16 10 25 33 21 40 2 18 27 13 30 50 39 34 8 3 14 36 48 6 26 17
38 25 1 21 48 37 8 45 46 11 22 41 14 26 34 13 18 44 39 38 43 32 25 23 6
39 545 5 46 20 10 38 2 24 15 33 4 49 34 47 28 30 23 41 48 18 17 8 14 26 31 46 19 44 42 40 3 36 22 35 27 39 1 45 13 11 12 25 50 5 16 29 32 43 21
40 310 7 22 41 42 23 2 25 11 24 34 29 3 48 33 12 15 14 22 5 6 43 18 46 38
41 334 19 6 6 43 32 2 33 45
42 263 9 15 23 39 6 21 20 8 14 9 48 45 1 10 15 24 35
43 415 14 34 19 50 20 34 37 43 29 15 42 49 13 11 14 8 18 5 41 40 32 27 1 25 16 12 28 35 38 24 10 30 2 39 48 46
44 32 2 12 3 29 35 8 5 47 40 18 16 36 31 27
45 255 2 37 19 29 3 11 30 10 6 34 49 45 43 47 16 50 5 25 13 31 39 9 22 41 26 28 23 35 21 8 48 18 7 42 40 38 2 24 17
46 109 8 31 22 21 48 44 32 2 43 25 49 29 26 8 4 33 41 28 35 15 13 40 47 39 46 11 12 42 27 16 24 10 18
47 284 3 19 49 7 18 20 5 3 36 44 13 31 27 40 15 21 17 16 30 2 50
48 381 3 2 33 3
49 491 9 48 50 7 1 27 36 32 43 5 48 26 49 28 31 3 40 39 24 11 22 6 46 10 44 29 37 14 9 12 33 45 35 38 8 4 17 13 20 30 34 42 19 23 21 41 2 25 15 47
50 408 19 32 38 3 44 11 2 6 48 8 36 19 22 49 26 4 12 15 16 40 17 50 43 28 14 47 39 5 1 25 29 9 33 35
51 366 18 40 21 50 33 40 11 17 48 31 26 25 18 29 14 49 24 20 34 9 15 37 27 1 23 32 42 38 28 10 12 43 35 39 47 36 8 30 5 19 16 4
52 370 18 21 31 22 26 46 24 10 47 32 33 49 7 15 40 29 25 43 9 48 44 4 36
53 559 7 12 20 42 5 28 49 48 6 41 13 22 44 37
54 132 0 38 2 20 45 14 29 33 4 24 38 27 10 35 28 32 15 17 11 21 36 16 23 42 31 12 26 43 25 49 39 3 8 18 46 47 5 7 40 44
55 76 16 49 35 38 40 49 10 5 41 6 42 23 22 19 12 21 32 4 29 34 45 43 47 1 18 37 50 48 20 44 3 36 33 26 28 9 15 30 13 8 2 16 25 17 27 14 31 7 46 11 24
56 169 19 20 6 27 2 25 48 30 28 37 22 38 44 36 39 16 17 9 3 29 49 46
57 235 13 19 28 32 8 40 22 18 6 9 37 45 36 1 21 23 19 25 12 17 43
58 478 20 12 45 40 43 33 20 12 42 39 18 50 21 3
59 154 9 18 3 8 47 12 7 37 42 49 1 46 26 29 4 19 11 38 32 33
60 520 19 47 5 35 21 32 22 38 39 25 45 3 41 43 44 2 31 34 14 16 28 17 37 29 11 23 4 19 49 12 50 48 10 18 30 47 9 46 26 7 40 27 42 20 6 36 15 1 24
61 433 9 35 47 22 18 21 19 43 12 6 7 9 16 13 8 23 48 3 37 49 10 24 2 29 45 50 32 41 26 44 27 39 4 31 35 33 14
62 367 6 16 45 12 46 28 30 21 35 49 26 38 2 15 22 27 25 36
63 185 0 28 49 29 32 45 19 2 39 6 26 27 11 42 46 16 22 47 30 9 13 48 10 14 21 37 1 31 15 25
64 232 14 27 42 9 39 37 3 26 13 47 1 48 18 23 7 32 10 30 8 34 36 50 25 5 16 2 21 20 17
65 305 8 30 21 14 7 4 41 17 32 10 33 39 12 30 2 24 40 37 28 47 50 38 6 34 31 9 25 8 11 49 23 16
66 82 6 11 17 49 2 12 28 4 33 45 48 9 6
67 16 3 10 39 5 31 20 3 38 19 6 17 37
68 588 9 26 8 12 29 43 48 40 32 4 17 35 37 2 46 1 15 49 22 24 16 26 50 3 6 20 31 44
69 286 19 2 30 14
70 99 7 44 39 20 42 18 24 10 38 6 31 49 9 46 4 13 48 32 47 21 14 25 33 29 15 27 3 34 35 22 45 44 36 41 50 40 5 12 30 26 23 37 1 8 19 7
71 244 6 33 14 34 29 23 39 2 13 50 17 28 32 31 25 4 15 33 37 9 26 18 21 8 6 38 46 47 5 11 44 24 48 12 16
72 249 4 7 41 25 14 37 30 46 32
73 255 6 39 23 33 13 3 8 14 41 9 48 31 11 21 15 37 45 35 1 18 44 38 10 32 29 30 22 34 36 4 17 49 19 39 25 26 43 2 50 5 28
74 37 11 33 21 17 22 48 9 1 3 25 5 29 27 45 32 44 7 18 38 24 33 43 50 20 23 28 40 47 2 39 35 30 34 26 31
75 365 20 4 45 5 24 2
76 202 9 34 9 21 22 19 15 1 23 12 47 11 5 40 36 16 46 13 29 38 7 39 10 48 3 8 49 28 37 20 32 45 42 14 2 24
77 340 10 45 18 26 23 3 20 24 30 16 33 37 36 27 25 45 7 10 12 40 21 49 4 46 8 32 22 1 14 34 2 31 17 44 38 28 35 19 47 50 39 48 13 29 15 41 42
78 316 15 34 17 50 6 45 21 20 28 41 25 35 42 18 49 11 34 9 2 30 37 44 48 22 14 10 23 1 29 27 43 16 3 39 12 15
79 87 13 17 11 16 22 5 15 20 42 28 27 48 34 37 50 40 44 46 31
80 139 10 17 41 45 35 39 9 11 26 12 34 13 33 44 3 43 10 48 5
81 209 14 7 32 3 43 12 2 18 16
82 340 8 16 35 23 48 9 7 32 18 11 45 2 16 25 44 50 8 41
83 589 4 14 14 18 34 37 9 2 39 4 25 24 42 20 7 3
84 280 9 50 29 44 16 28 49 50 9 26 19 41 31 17 30 6 43 34 24 46 33 27 14 4 5 42 40 45 8 2 35 1 48 38 10 21 7 39 12 22 13 37 25 11 47 36 15 20 23 32 3 18
85 463 1 14 3 6 46 45 49 38 42 37 29 8 1 2 43 5
86 538 2 10 25 44 48 1 31 11 21 45 29 35
87 225 11 45 44 35 50 37 18 12 24 2 19 34 48 45 32 25 16 30 22 27 29 39 4 38 28 21 20 43 15 14 11 13 17 46 33 42 6 47 36 23 9 7 8 49 26 41 40
88 119 7 48 18 41 9 36 5 29 7 11 14 12 34 46 15 16 50 47 42 24 40 10 28 27 39 26 38 22 30 43 45 13 48 6 2 20 37 8 3 21 23 4 32 49 25 31 44 17 35 1
89 445 6 10 21 24 48 26 10 32 35 31 39 8
90 264 10 40 35 41 11 32 29 7 26 4 46 49 21 16 38 34 40 3 14 42 2 39 30 27 6 25 31 28 23 36 8 17 33 48 12 45 43 5 50 22 18 44
91 273 7 5 21 28 9 11 17
92 114 14 24 37 11 12 35 5 8 38 27 45 42 21 16 44 7 25 26 43 1 18 10 24 2 49 46
93 244 5 34 4 8 22 7 15 3 31 2 10 35 40 36 17 45 19 23 27 26 14 13 24 49 9 39 25 11 12 6 46 38 47 30 43 48
94 213 13 35 7 43 28 9 23 40 4 31 32 5 17 10 27 48 19 11 6 1 8 26 12 50 14 25 45 47 38 21 15 24 2 49 20 36 13
95 284 9 46 23 24 20 33 7 17 31 46 42 32 5 1 16 26 21 29 8 41 19 37 36 28 3 39 44 43 15 35 50 40 45 27 14 47 4 9 22 12 11 48 6 10 18 34 38 30
96 596 12 45 38 11 22 31 16 45 40 43 23 42 47 35 17 7 24 2 18 9 4 1 13 25 50 27 30 6 15 19 10 29 12 26 20 3 32 49 36 5 41 14 21 39 34 44 28
97 470 9 50 23 27 19 34 7 37 38 32 14 30 31 22 33 48 8 26 13 9 35 43 11 44 40 50 42 39 1 6 21 29 28 17 20 2 49 36 16 10 24 5 4 41 47 25 45 18 15 3 12 46
98 69 14 17 18 27 48 41 37 1 22 10 13 43 35 38 7 46 8 5 33
99 71 6 29 27 34 35 30 32 22 1 45 18 15 42 31 50 33 39 49 4 3 5 8 41 13 46 10 12 23 36 25 20
100 476 18 4 12 46 24 7
101 145 10 27 29 43 27 22 37 5 11 9 44 38 39 47 50 40 46 12 24 17 7 18 35 10 8 26 36 19 45
102 310 9 3 45 29 8
103 418 4 36 16 35 7 11 38 5 1 23 20 41 50 9 25 4 33 14 44 37 31 28 19 15 36 49 47 22 17 29 8 46 10 32 48 45 40 34
104 71 18 39 23 24 46 8 41 4 37 30 6 40 44 2 43 35 22 3 17 48 20 16 38 7 5 29 49 47 19 36 13 25 39 15 11 10 9 34 18 45 33
105 25 10 12 1 22 9 20 34 14 35 25 10 45 38 43
106 19 10 45 40 8 41 42 37 47 15 45 12 39 2 4 46 20 14 16 33 36 1 25 9 49 31 28 26 30 7 23 22 32 43 21 10 34 5 50 35 44 29 3 13 11 27 19 48
107 84 0 50 44 6 5 1 25 14 36 32 39 13 12 45 26 30 31 38 28 22 4 11 43 10 7 40 21 27 16 34 50 48 46 17 41 42 24 18 19 47 29 35 15 33 9 8 2 37 49 23 3 20
108 390 7 10 41 4 19 40 49 10 48 6 11 8
109 95 13 27 48 49 40 33 16 11 31 13 2 15 36 39 4 21 9 17 20 50 8 23 18 19 46 12 1 27 44
110 506 2 9 50 36 26 20 24 49 28 35 32
111 292 6 40 29 47 30 14 41 45 18 23 6 17 32 2 16 3 44 19 26 5 37 43 35 21 24 31 36 1 7 8 9 48 11 42 34 39 46 25 33 40 22 28
112 517 16 9 5 29 40 21 35 1 24 26 31
113 383 2 4 34 38 28 18
114 256 18 50 12 9 31 42 47 28 1 27 36 15 14 7 43 17 13 5 2 40 41 16 46 50 20 29 30 3 34 45 33 23 44 25 21 26 6 39 38 37 24 4 49 48 11 18 10 8 22 32 35 19
115 157 6 16 21 40 27 1 33 7 2 46 26 50 24 29 4 15 3 25
116 298 13 24 17 44 43 27 21 47 36 4 38 28 46 3 11 13 48 32 2 14 40 15 16 10 39 29
117 296 18 6 24 7 50 27 6 31
118 270 19 14 45 22 11 39 8 30 13 12 25 31 24 44 17 2
119 581 3 26 39 26 21 18 42 36 19 2 16 22 27 23 41 45 48 13 44 33 4 3 29 43 25 12 32 1
120 37 12 34 34 31 10 24 26 37 5 17 33 7 42 18 23 16 27 29 22 41 3 32 36 20 38 30 45 11 47 4 8 40 44 35 48 2
121 376 18 4 44 20 37 42
122 20 12 14 2 47 29 41 38 17 24 48 28 37 14 20 50 39
123 550 19 30 16 46 10 23 49 13 27 11 35 25 33 43 26 20 7 19 3 30 15 37 34 9 8 36 24 17 45 48 38 5
124 360 3 22 14 24 47 26 34 31 28 25 18 8 40 35 36 19 45 1 39 11 10 4 32 15
125 553 3 18 17 46 43 3 45 5 36 7 19 14 35 42 2 50 23 21 49 18
126 101 13 47 36 31 1 14 50 44 18 24 6 39 49 43 42 40 17 10 20 35 32 22 15 11 41 30 33 16 12 13 28 48 25 37 2 9 21 26 29 47 46 3 45 19 38 23 27 4 5
127 538 16 50 24 27 41 35 16 4 12 50 1 47 22 32 21 10 29 8 7 5 42 11 2 49 43 23 34 6 20 38 9 3 15 39 44 33 48 40 37 31 28 19 13 36 46 25 30 26 14 18 17 45
128 561 4 18 42 21 9 18 30 34 36 11 29 8 24 40 17 7 37 41 16 5
129 360 19 24 24 20 33 41 22 35 8 29 39 1 34 43 13 46 31 21 19 16 49 7 38 47 37 48
130 260 0 5 48 39 11 8 7
131 442 6 39 18 4 8 3 27 37 2 47 25 31 19 10 9 44 46 49 21 22 30 23 41 5 24 20 11 48 35 12 45 14 17 7 6 13 16 43 1 39 15
132 248 15 37 29 44 16 18 8 46 25 24 43 32 48 30 4 49 13 6 10 36 20 26 21 28 17 11 40 9 35 14 7 2 23 27 19 50 3 47 42
133 387 10 35 21 47 1 14 50 3 38 32 29 22 48 28 49 35 5 46 9 24 23 43 34 20 4 36 18 33 37 45 11 26 41 31 27 40 2
134 64 20 9 7 17 23 22 43 6 11 31 50
135 488 19 5 22 6 37 15 16
136 24 19 40 25 23 46 20 19 14 12 13 48 8 42 22 41 3 31 27 29 30 32 11 49 21 34 5 16 17 18 47 9 50 33 26 35 1 44 36 24 39 7 4
137 55 7 17 4 19 13 33 28 36 12 40 29 39 3 24 49 45 1 47 32
138 199 5 20 46 1 20 10 34 28 33 36 5 3 40 24 18 6 29 12 2 16 7 45
139 464 18 7 1 15 12 44 28 7 34
140 457 7 20 4 37 12 48 36 18 41 40 32 13 44 14 20 8 28 6 15 39 22 23
141 546 7 42 31 6 25 16 30 47 4 34 40 27 21 48 11 36 3 19 13 39 20 24 1 50 37 7 26 44 32 33 45 49 14 38 22 23 15 8 29 41 2 46 5 10
142 353 16 21 7 25 45 44 5 41 11 2 49 43 50 20 4 34 21 33 12 39 16 3 6
143 186 6 40 14 25 31 44 30 13 29 48 38 24 1 46 49 17 39 22 21 42 32 45 18 33 27 15 28 4 9 50 41 3 20 35 7 5 47 34 23 12 11 6
144 87 13 10 22 50 15 7 30 18 49 27 44 19
145 490 2 37 44 46 37 4 21 29 40 14 25 15 42 9 48 8 30 38 20 32 26 1 35 13 5 27 43 17 39 10 19 22 16 36 24 7 50 33 47
146 144 15 4 25 8 27 28
147 232 9 7 22 19 23 26 48 44 39
148 485 19 4 12 35 8 16
149 228 0 5 8 9 22 14 40
150 382 17 31 22 39 1 10 21 40 18 43 5 35 25 41 44 42 11 15 2 27 48 34 31 12 26 37 8 32 28 7 47 23 4
151 357 7 24 44 6 29 3 50 39 22 27 42 28 19 15 9 17 1 23 48 35 11 26 14 47 13 16
152 201 0 48 7 5 12 38 13 35 49 27 28 2 11 23 41 17 16 29 24 1 15 19 3 46 31 18 10 32 9 4 36 48 37 45 34 22 42 25 47 26 20 43 14 21 40 33 44 39 8 6
153 219 8 42 20 11 33 22 7 25 35 27 47 16 13 9 39 32 28 5 36 44 34 45 21 1 15 14 46 10 17 4 40 48 6 43 12 26 38 8 42 3 30 18 31 49
154 145 9 17 12 45 5 47 35 26 36 39 22 21 8 25 48 6 9 32 17
155 241 10 7 37 44 24 10 12 9 47
156 491 15 30 22 45 46 31 29 49 38 21 33 9 39 26 11 41 6 14 18 15 42 23 17 44 24 2 35 27 1 3 7 10
157 259 12 13 11 18 47 19 10 26 39 1 27 45 49 9 42
158 417 13 18 23 7 4 16 34 35 40 24 15 11 37 6 10 8 1 9 48 50
159 461 5 13 20 49 37 39 16 9 12 19 7 13 38 17 15
160 182 3 44 45 47 34 32 31 38 19 28 36 10 15 17 33 29 22 21 16 41 27 50 24 30 26 14 1 40 5 35 3 42 48 43 7 49 44 25 2 13 23 6 12 20 9 37
161 147 0 5 30 6 26 25 13
162 538 12 3 50 32 12
163 153 5 1 14
164 323 12 38 25 3 31 38 6 39 28 47 36 45 43 27 26 32 30 41 44 9 5 46 12 49 50 29 42 37 35 33 18 34 16 17 8 15 10 22 40 48
165 374 5 30 7 45 2 16 12 25 40 4 48 13 18 44 3 47 37 8 42 46 27 23 35 33 17 5 1 39 38 22 30 43
166 223 3 29 42 46 11 5 32 48 9 49 26 34 17 23 28 20 6 41 25 22 7 40 47 13 38 33 43 35 1 12 50
167 285 2 3 27 43 49
168 118 4 28 47 29 28 25 36 46 7 15 33 48 24 49 11 17 5 50 12 42 32 30 44 1 2 13 34 19 40 9
169 183 4 7 48 14 13 40 34 10 26
170 541 17 27 17 14 1 39 18 49 41 7 42 6 45 34 15 16 5 26 19 32 33 2 48 24 12 11 25 20 35
171 562 14 13 10 34 39 7 21 35 5 43 11 46 19 9 28
172 383 3 48 40 14 23 27 38 22 24 25 43 1 2 36 4 33 29 32 18 16 50 8 28 13 49 39 42 30 26 11 15 10 34 5 44 3 6 47 7 48 17 31 9 19 20 45 35 21 37 12
173 413 19 25 10 30 1 47 9 49 7 43 33 17 21 6 46 29 25 35 48 24 41 23 4 18 27 38 44
174 180 20 26 15 13 23 5 43 4 26 28 22 24 11 12 39 40 25 48 44 45 41 8 38 7 34 9 29 2
175 113 3 4 1 33 35 43
176 378 0 30 17 21 23 36 8 26 38 49 13 41 40 34 16 29 20 27 32 35 9 15 45 2 42 1 24 37 18 4 28 43
177 528 4 31 36 5 21 39 33 32 43 41 42 9 28 4 14 3 45 7 23 17 12 27 44 49 26 22 24 25 16 30 40 6 8
178 433 8 37 46 45 25 32 18 26 49 48 43 23 37 9 4 22 3 27 21 29 2 33 31 13 17 35 34 36 14 50 6 39 47 41 5 28 30 24 40
179 560 4 38 27 1 26 32 24 15 2 48 21 36 10 9 14 16 45 35 50 33 42 23 28 17 19 43 49 18 13 41 40 47 12 29 4 3 30 11 25 6
180 349 16 41 33 29 43 38 6 21 37 44 30 46 1 28 31 35 27 9 48 19 11 13 25 32 26 45 23 2 41 5 50 8 16 20 42 24 3 36 17 15 12 40 7
181 291 9 42 29 23 12 7 38 49 4 41 15 34 43 11 39 16 28 2 13 25 45 20 47 9 30 42 36 8 10 1 40 26 17 35 50 33 19 21 3 22 14 31 24 18
182 275 5 16 15 4 28 29 10 48 2 18 46 36 30 49 6 44 14 45
183 550 20 40 45 36 20 46 37 44 27 14 49 24 8 9 16 39 1 7 29 2 41 23 38 30 48 12 11 47 32 4 19 17 35 28 5 15 22 33 21 50 43 40
184 583 15 49 24 50 25 37 5 21 18 29 30 49 36 2 38 47 45 15 43 41 7 23 34 11 31 3 14 4 22 9 40 12 39 46 27 42 20 1 17 33 13 32 44 35 10 16 48 26 19 8 6
185 575 11 24 21 35 6 36 33 31 46 45 1 22 49 48 15 3 18 43 4 26 20 10 17 5 8 24
186 254 9 46 6 45 20 2 49 33 25 4 9 17 42 39 46 18 37 13 47 48 15 31 24 7 23 41 22 35 10 29 21 30 36 14 43 44 12 8 1 32 40 16 27 28 3 38 5 34
187 536 5 20 43 10 27 8 47 13 2 37 45 30 14 48 44 23 15 32 22 31 4 46
188 516 6 50 8 33 4 37 18 45 25 15 11 40 7 30 39 41 38 34 1 36 32 35 20 3 22 48 46 14 2 6 16 5 21 43 19 28 27 44 29 50 49 9 42 10 23 31 17 26 12 24 47 13
189 256 12 40 41 39 23 3 25 14 38 31 40 1 20 28 6 12 49 4 42 33 48 27 5 10 29 13 37 45 9 46 7 26 17 11 32 22 44 47 30 8 15 19
190 452 6 2 10 36
191 95 5 26 48 47 10 42 21 15 29 34 41 40 49 32 4 22 39 2 5 1 13 23 31 11 6 43 7 8
192 553 15 15 3 42 7 6 46 31 26 21 37 11 38 18 23 25 13
193 288 0 22 48 19 24 8 15 3 5 18 44 21 34 11 30 27 36 1 23 17 35 49 45 43
194 197 9 30 14 12 48 43 47 31 44 33 22 15 49 46 18 28 11 4 50 9 17 36 13 8 26 23 35 27 34 29 41 37
195 490 0 44 35 49 27 34 22 6 31 44 47 40 15 18 37 3 36 7 33 12 19 29 42 43 8 45 17 10 48 5 11 39 16 2 1 26 32 23 46 28 20 24 50 14 13 25
196 537 1 29 48 21 35 18 30 42 47 3 29 33 1 26 7 22 5 23 13 31 24 9 45 37 16 15 44 17 8 4 38
197 256 7 39 42 18 41 29 46 20 27 11 31 3 34 32 14 38 22 7 39 24 44 16 30 2 48 37 40 1 47 45 50 26 25 13 23 4 6 21 10 5 19
198 126 18 3 18 48 15
199 60 2 46 11 46 2 18 6 12 31 19 33 8 15 24 14 50 40 35 25 21 5 3 7 37 45 39 20 44 9 28 16 13 41 29 42 43 26 27 30 32 36 49 48 47 22 38 4 1
200 533 8 33 14 33 10 31 17 16 22 27 2 34 39 21 6 46 3 7 20 18 15 43 28 36 41 44 50 26 38 42 40 5 47 12 29
201 79 11 3 34 15 21
202 93 4 20 8 18 34 26 47 15 16 9 27 14 21 46 37 12 10 38 20 43 45 50
203 511 0 28 15 11 12 49 16 43 45 23 44 6 38 4 13 24 17 27 3 41 33 1 35 39 37 36 40 22 46 18
204 417 12 34 10 7 32 18 49 40 4 38 46 43 37 11 2 35 27 22 16 41 45 15 24 29 33 31 9 39 44 34 12 25 36 8 30 5
205 117 11 23 14 50 11 7 1 16 29 17 4 13 35 31 28 6 8 38 32 23 15 12 25 43 24
206 591 1 4 5 41 11 3
207 569 0 1 26
208 495 14 41 49 12 21 11 36 25 16 46 3 10 28 35 44 38 22 27 9 48 2 13 42 18 8 45 29 26 4 6 50 5 1 24 32 20 17 37 14 41 19 34 15
209 269 6 21 11 15 10 43 25 39 1 34 31 37 45 14 27 16 24 18 13 3 49 2 4
210 112 0 30 26 1 27 43 8 28 24 20 21 10 25 38 11 49 22 6 34 33 41 47 50 17 14 18 9 19 39 12 13 3
211 238 1 34 10 24 33 2 29 34 37 46 49 30 25 16 14 45 1 7 40 50 32 35 8 6 17 39 3 44 20 31 36 15 38 26 18 9
212 93 18 7 28 40 13 32 18 50 31
213 498 1 40 18 49 14 6 46 7 40 10 32 8 12 39 28 42 15 9 43 47 16 41 37 19 4 11 17 22 13 30 1 38 44 35 31 25 33 24 36 3 23 45
214 62 19 27 12 46 29 43 18 32 31 41 15 19 48 49 38 1 21 27 36 45 33 13 16 40 23 26 22 8 35
215 59 3 30 14 16 19 22 18 27 4 41 43 10 11 13 37 32 2 9 20 49 45 40 31 24 33 26 39 36 5 15 34 46
216 457 5 13 37 49 39 7 44 43 16 31 33 5 23 3 48
217 470 9 13 19 14 12 2 7 17 8 5 47 49 1 11 4
218 167 13 33 14 38 5 34 49 32 18 26 22 3 50 21 48 20 39 1 28 45 10 9 27 40 11 30 47 13 15 19 43 33 2 17 8
219 482 7 11 38 16 33 44 25 36 49 48 21 32 1
220 313 7 47 13 19 38 11 23 32 45 34 30 37 47 22 14 41 44 27 16 46 28 43 10 1 42 39 26 5 31 50 33 36 6 29 9 15 25 40 12 18 35 2 7 24 17 3 8 4 49
221 511 11 11 7 15 3 14 22 18 48 8 44 9 35
222 471 6 14 12 9 34 13 18 25 28 30 26 50 21 31 24 41
223 515 4 16 2 34 32 44 37 43 6 29 46 16 39 50 42 19 3 20
224 325 2 29 16 48 9 34 44 14 7 41 18 46 8 12 27 26 49 50 47 43 19 32 13 35 40 1 21 29 5 4 28
225 74 3 28 50 1 8 31 3 27 12 28 32 5 9 15 25 24 37 33 17 40 48 6 18 13 46 20 4 30 42 11
226 524 5 47 36 25 39 23 17 38 7 29 50 47 15 1 16 3 27 8 24 35 19 46 32 42 5 37 49 12 18 14 45 4 13 48 40 28 41 43 6 33 10 31 2 11 26 30 44 9 21
227 387 5 34 14 15 24 10 13 37 26 17 21 1 31 38 16 36 47 7 20 3 9 46 34 4 19 23 30 50 28 44 33 5 48 35 12 42
228 66 7 2 20 18
229 16 4 32 13 33 24 32 5 44 21 42 2 26 37 18 19 49 48 17 43 14 12 40 38 8 22 1 10 15 27 30 28 4 3 25
230 218 16 5 49 42 11 3 4
231 141 5 47 50 41 43 44 37 20 48 6 30 26 10 7 19 9 46 21 24 33 5 49 2 35 17 29 13 38 1 16 39 47 45 8 34 14 40 3 4 36 28 31 32 23 27 18 15 25 11
232 494 18 44 47 9 5 40 6 22 29 28 15 27 50 43 26 24 37 42 11 45 7 38 18 14 34 23 20 49 33 2 12 30 44 35 41 17 1 32 4 8 13 3 36 10 16 48
233 244 13 30 20 13 28 12 21 9 3 32 46 4 49 19 17 11 35 7 27 15 1 24 39 34 22 26 38 25 23 50 31 14
234 136 1 50 48 37 50 2 20 24 25 46 45 14 3 22 16 41 29 35 30 47 5 49 7 8 43 31 36 1 4 34 44 15 21 19 13 23 18 6 40 32 10 39 33 26 42 27 28 17 11 38 12 9
235 15 9 32 48 3 35 5 44 49 7 46 45 11 4 14 16 15 2 23 47 24 6 38 36 42 20 29 9 10 39 13 37 40 12 33
236 198 9 2 8 2
237 465 11 2 17 31
238 444 19 47 6 25 30 28 5 50 20 31 13 38 33 29 18 42 44 7 12 17 19 40 45 26 47 35 3 10 46 14 11 2 16 1 4 34 8 49 36 32 39 41 27 23 37 24 48 43 22
239 292 8 49 25 1 50 19 3 31 15 38 6 5 47 8 46 27 4 23 39 35 40 36 28 45 16 9 17 43 20 37 12 11 26 48 30 33 7 18 44 13 29 10 42 21 49 2 24 14 32 34 22
240 476 14 13 35 20 9 47 23 25 49 12 29 50 16 21 43
241 351 6 39 16 44 7 25 3 24 13 47 4 23 15 18 10 19 22 40 42 50 45 31 39 37 5 11 9 49 43 41 1 21 32 48 30 36 2 38 28 8 29
242 106 6 13 31 50 12 44 45 41 14 22 3 2 36 24 35
243 592 15 34 20 33 34 22 10 26 44 49 13 50 46 27 43 6 2 48 31 35 32 37 25 40 4 36 30 9 29 19 11 5 18 21 8 1
244 599 3 21 24 9 36 15 29 10 30 42 19 47 40 37 18 32 27 1 7 43 31 50 49
245 465 18 26 29 10 35 39 40 38 13 42 2 45 37 49 25 50 14 11 6 48 17 3 9 33 23 47 46 18
246 378 19 38 13 34 46 47 45 11 36 14 8 21 16 42 32 48 27 26 12 23 28 10 38 5 49 30 15 7 24 29 17 40 20 31 33 1 2 43 6 25
247 120 7 49 23 34 5 3 48 26 20 30 16 2 28 14 42 19 31 21 50 41 18 17 7 6 43 29 46 36 8 39 44 12 38 15 40 49 13 9 1 47 33 37 25 35 45 4 32 27 24 22 10
248 418 1 14 3 46 31 49 2 4 12 27 45 24 32 36 18 20
249 554 20 38 14 32 43 8 30 6 27 1 20 9 17 13 50 26 16 11 31 24 25 4 3 12 46 7 15 37 33 23 41 18 35 29 21 48 36 39 38 19
250 111 3 35 43 25 8 4 21 50 7 45 44 12 37 30 9 49 27 46 17 2 31 41 36 14 34 29 18 10 5 35 28 38 39 40 1 16 6
251 127 1 12 18 15 16 23 27 30 13 24 39 3 17 26
252 140 20 26 50 16 45 42 18 4 46 44 34 41 13 17 1 5 26 30 31 33 28 10 24 48 2 27 36 38
253 452 6 50 39 18 41 46 42 27 16 31 34 50 11 37 40 7 5 44 22 3 15 2 32 28 35 10 43 4 45 17 12 23 33 8 49 36 38 6 24 13 48 20 47 25 21 29 30 1 9 14 26 19
254 195 7 13 11 46 12 4 34 23 48 21 22 24 35 42 30
255 475 7 15 43 35 6 49 50 24 40 4 13 2 9 20 31 26 32
256 429 1 48 13 21 35 18 20 47 9 8 32 44 3 16 15 46 40 14 12 2 24 50 23 30 29 33 7 39 1 26 17 38 28 41 48 42 11 31 4 22 49 25 37 6 10 34 19 43 27 45
257 556 11 9 34 23 15 9 29 50 45 21 46
258 409 19 37 47 17 2 11 32 48 28 34 45 7 8 27 23 25 40 15 21 1 39 42 38 24 36 33 43 29 35 49 30 4 6 44 9 50 14 41 20
259 147 8 24 46 22 42 19 25 18 48 11 10 27 4 3 30 33 23 40 8 36 6 35 26 45 37 5
260 500 11 25 22 15 14 1 2 10 36 13 43 33 28 41 42 30 38 39 3 49 23 35 31 27 7 44 29
261 279 8 27 35 37 33 12 40 32 21 42 13 5 29 27 1 14 46 18 24 48 6 23 26 45 38 25 9 28 15
262 243 17 2 15 39
263 155 15 2 21 5
264 298 20 10 4 10 42 40 28 34 25 44 11 21
265 148 7 41 27 42 7 18 9 1 37 2 10 44 21 43 15 40 6 33 46 29 45 30 34 14 24 16 36 4 5 35 8 32 25 38 48 22 17 49 31 50 39 11 28
266 86 10 30 25 44 2 34 15 32 42 8 48 46 4 31 19 10 35 45 38 23 50 24 3 9 7 13 28 39 12 47 29 33
267 279 2 22 17 5 32 31 4 43 2 36 29 26 12 25 15 22 50 24 16 14 18 48 10 27
268 552 5 37 24 23 5 12 17 34 43 48 27 39 11 32 3 49 44 14 33 6 28 37 47 36 7 42 25 41 26 21 30 10 8 29 20 13 46 38 2
269 597 6 42 42 37 14 43 28 5 19 40 20 29 4 1 9 10 48 36 21 27 18 31 49 12 45 26 47 34 13 8 35 30 3 7 46 17 41 6 38 11 2 50 24 16
270 128 19 29 29 13 25 11 30 34 48 31 10 38 6 21 19 28 1 50 17 15 35 36 26 40 44 39 46 5 9 49 45
271 120 8 45 24 13 21 7 40 4 36 30 38 17 28 37 3 35 45 20 15 48 1 41 46 11 47 39 44 43 49 6 8 26 23 5 22 27 9 29 34 25 33 2 12 50 19 32 16
272 454 7 24 6 37 39 12 2 18 16 21 15 44 26 14 43 25 5 48 19 1 13 36 22 38 20 29
273 84 5 19 19 14 32 18 28 29 3 33 17 4 48 43 26 36 37 10 30 42 16
274 175 19 31 43 42 29 5 7 23 14 44 41 20 22 19 2 49 47 40 18 38 3 26 27 4 1 39 37 33 9 24 36 11 13
275 218 14 30 17 36 23 3 5 20 11 10 16 37 7 4 24 12 1 39 27 35 32 14 28 42 13 29 31 49 44 15 50 48
276 417 14 47 24 8 42 35 12 17 48 28 6 22 47 3 41 13 14 27 23 38 1 2 11 46 32 50 10 49 20 31 45 39 34 40 9 18 43 4 16 33 19 36 15 21 30 5 29 7 44
277 234 15 42 34 29 12 40 37 20 16 22 47 11 33 42 1 24 32 35 26 23 7 43 6 25 19 13 2 36 45 17 5 30 8 31 49 28 38 18 46 50 9 4 44 21
278 512 10 41 17 6 39 16 12 4 20 48 45 1 2 47 14 30 29 15 38 8 43 24 40 34 19 9 27 23 44 35 36 11 7 50 26 42 25 49 22 5 41 28 10
279 502 9 22 36 12 45 22 15 26 48 18 8 3 28 49 33 14 21 13 47 11 27 24 32 44
280 44 19 21 6 3 36 26 13 14 32 11 44 5 37 39 2 45 20 10 18 40 46 21 7
281 455 16 4 32 16 23 42
282 561 5 40 31 25 41 46 20 7 13 1 44 45 22 36 38 28 30 8 49 12 2 11 14 33 15 19 47 37 17 29 5 3 35 50 18 10 48 32 6 21 26 42
283 12 11 10 24 45 11 4 34 44 9 18 12 29
284 236 3 12 4 6 47 5 25 18 34 1 50 49 42 11
285 216 9 2 19 33
286 231 3 8 26 20 8 3 7 12 47 30
287 428 1 27 29 37 18 17 26 45 9 11 28 20 15 5 38 10 1 27 19 34 42 7 41 13 30 50 43 14 39
288 140 2 36 48 4 21 42 38 28 44 9 47 8 16 29 31 11 23 15 2 25 26 49 12 36 6 24 39 14 22 27 37 35 43 40 18 13 33 19
289 371 6 46 13 21 24 8 5 43 26 30 38 41 2 48 36 17 6 42 7 37 12 50 25 14 23 20 3 39 40 45 16 35 32 29 22 47 1 10 19 27 11 18 9 49 31 28 15 44
290 104 7 39 28 47 43 14 23 19 6 8 24 17 25 30 21 40 11 9 27 18 7 50 44 33 16 32 5 15 38 37 2 49 36 1 45 4 35 22 46 29 39
291 483 16 37 30 49 4 38 22 24 19 29 11 45 26 14 15 48 23 46 47 12 21 20 27 28 10 16 33 42 17 44 5 1 43 25 7 3 40 32 37
292 403 5 26 34 5 2 50 46 4 23 31 15 6 38 20 18 47 24 29 41 13 48 16 28 12 42 27 36 14
293 520 13 25 31 16 10 37 43 49 1 33 8 3 47 12 15 2 36 29 13 18 7 25 6 42 34 32 9
294 453 17 1 39
295 163 15 21 2 34 1 4 40 3 38 30 15 45 33 43 22 13 5 6 25 48 10 20 19
296 73 9 47 28 4 7 22 5 8 2 40 41 39 13 24 46 12 44 45 35 31 26 29 18 10 36 23 43 14 37 6 20 11 27 42 17 3 38 9 33 21 34 50 30 16 48 19 15 25 1
297 599 17 47 14 38 4 40 29 39 11 9 47 33 36 24 37 10 32 26 49 35 27 6 5 43 8 48 25 30 17 42 19 45 3 28 12 31 13 23 18 22 44 20 21 34 41 2 7 1 50
298 328 15 10 34 8 43 17 10 5 36 19 40 27
299 364 7 6 43 36 29 2 39 19
300 136 6 1 44
301 337 3 46 14 40 44 36 33 45 23 49 13 6 34 7 19 32 4 38 18 41 3 42 26 24 9 27 28 1 46 50 20 39 30 37 5 21 11 48 8 16 31 29 17 22 2 12 10 43
302 39 20 31 22 43 11 34 9 25 27 12 37 31 3 14 23 46 39 24 36 1 32 50 8 44 35 40 47 21 17 30 20 16 6
303 468 11 25 45 32 47 21 36 4 12 40 3 10 39 44 31 22 20 7 16 26 34 1 28 29 37 49 30
304 304 19 41 12 26 9 48 39 17 25 43 4 21 5 44 1 22 14 29 7 30 2 47 23 46 34 3 24 18 36 33 42 45 16 19 27 37 41 8 10 35 20 38 15
305 142 17 5 26 13 9 45 27
306 511 15 7 40 10 44 50 16 32 38
307 409 17 28 36 49 12 44 23 48 50 39 46 26 15 9 40 27 13 11 4 37 1 19 32 7 14 42 18 22 8 43
308 377 8 8 49 14 43 21 18 45 12 38
309 355 13 15 39 21 34 17 38 44 5 23 47 35 50 36 24 41 1
310 85 7 42 25 2 14 12 16 41 45 21 7 4 24 32 49 28 38 20 48 5 43 13 9 30 15 10 22 44 8 47 23 1 29 27 34 11 36 26 6 37 42 35 50 3
311 510 9 44 43 31 24 15 10 9 17 50 8 27 34 2 41 37 13 25 18 28 35 40 26 48 21 19 1 45 39 5 44 22 32 20 46 23 38 49 36 6 33 14 30 16 42 11
312 486 13 35 43 35 41 18 37 15 4 11 5 14 44 13 46 12 31 29 20 50 24 32 34 28 36 42 1 3 48 22 39 38 49 9 26 23 27
313 20 19 30 22 8 9 42 45 38 12 11 35 40 28 29 27 37 43 30 39 19 7 23 14 3 13 20 6 26 24 17 5 16
314 171 5 3 36 14 48
315 80 20 33 24 22 39 40 19 10 29 35 43 49 45 30 13 12 38 27 17 23 20 4 8 41 3 28 11 50 32 37 47 7 16 18 31
316 129 2 16 5 38 32 20 42 30 49 33 29 37 17 36 7 13 21 48
317 585 7 47 5 23 27 34 11 43 8 32 36 16 47 37 10 1 50 20 24 9 35 7 12 38 41 45 26 44 49 3 33 14 48 17 29 39 15 40 28 31 22 21 13 42 6 18 30 19 25
318 481 2 16 45 47 17 33 35 11 50 29 3 42 10 30 40 28 9 6
319 572 16 49 38 47 32 8 29 11 14 50 37 31 13 21 25 44 45 49 43 24 4 7 27 2 17 1 15 40 6 41 34 18 22 36 3 12 23 19 46 16 9 48 28 5 35 42 10 26 20 39 33
320 144 0 20 24 30 27 26 12 35 1 20 21 48 34 8 32 38 29 14 16 37 5 25
321 414 6 16 3 28 45 32 33 21 11 19 40 1 49 6 36 10 50 30
322 489 15 50 23 37 47 41 46 13 36 22 16 15 40 2 44 19 48 20 45 21 30 3 25 18 7 42 32 4 10 38 11 14 39 31 17 26 43 33 27 6 28 24 49 50 12 35 8 9 34 5 1 29
323 42 9 41 20 39 23 49 42 13 40 26 36 22 3 16 8 17 37 28 4 41 5 14 25 31 38 24 46 33 27 2 10 11 21 15 47 30 1 18 43 45 9 44 34
324 490 6 38 5 48 13 43 29 47 40 24 38 17 36 32 2 14 42 16 28 31 18 46 6 1 23 7 39 27 45 19 35 26 21 10 50 20 30 12 34 41
325 468 11 17 12 25 3 27 47 44 30 11 28 48 22 9 42 15 46 17 45
326 553 14 17 14 27 32 40 37 22 38 36 23 31 25 15 34 45 2 10 29
327 400 20 50 47 37 31 36 13 6 21 15 49 4 8 24 28 38 7 18 23 5 42 50 26 45 20 12 16 41 34 9 22 2 35 46 44 30 40 33 11 29 19 10 39 27 25 48 1 32 43 3 17 14
328 506 6 45 46 33 24 21 7 1 32 15 50 14 9 29 39 6 22 37 13 8 34 45 11 18 19 3 47 36 28 17 25 40 41 10 43 26 30 23 49 12 4 44 42 35 20 31 38
329 553 17 32 26 23 21 41 50 42 38 24 37 16 44 7 29 35 6 5 39 28 45 11 27 34 13 12 32 40 43 48 36 18 25 10
330 517 13 27 49 15 29 26 2 40 35 11 16 5 46 22 33 50 36 43 12 47 34 9 41 45 7 18 31 24 39
331 544 5 43 8 37 43 28 23 41 29 13 49 44 32 21 6 11 42 39 22 48 26 7 17 3 4 27 38 15 46 25 34 10 31 50 5 20 30 1 47 2 9 24 14 33 16
332 530 10 18 16 8 40 33 47 48 26 25 11 19 17 2 4 43 9 50 39 45
333 575 7 31 15 46 37 27 8 10 42 28 1 25 36 44 12 35 32 20 4 49 6 30 41 34 24 2 43 16 22 18 17 26 39
334 307 3 48 21 43 24 33 30 10 34 25 6 36 45 38 40 28 7 20 41 26 12 39 13 17 14 44 49 2 11 31 19 47 9 42 37 16 1 3 35 27 8 22 50 5 23 4 15 32 29 46
335 433 20 50 37 15 25 5 32 40 35 23 11 21 46 34 9 13 28 48 50 10 38 47 12 18 44 3 42 7 26 29 16 49 8 19 45 22 2 6 4 30 1 43 41 14 33 27 20 39 31 24 17 36
336 168 18 16 11 4 49 29 20 23 33 1 26 15 32 22 42 13 12 3
337 439 2 40 13 42 28 25 27 40 17 35 7 19 47 12 22 18 41 23 48 5 37 6 24 46 39 15 30 32 26 38 49 33 14 21 31 20 16 9 2 44 10 4
338 250 6 19 41 45 39 21 2 33 23 32 36 27 25 35 48 11 38 37 44 12 19
339 220 19 29 12 11 20 13 6 31 16 1 43 18 36 9 30 3 5 33 50 10 21 35 49 17 7 15 45 47 8 39 44
340 156 18 26 29 45 1 3 43 44 24 18 7 33 17 19 11 8 25 20 35 32 46 10 26 30 40 2 4 48
341 475 18 4 47 26 6 27
342 532 15 40 14 30 48 38 34 5 19 8 43 10 36 40 2 37 17 47 33 4 46 31 24 11 21 20 50 39 32 6 49 23 9 15 13 18 25 41 27 7 26 3
343 240 12 11 46 44 31 47 29 38 18 23 48 12 15
344 209 3 19 20 3 36 45 21 43 2 48 10 50 25 18 19 42 15 34 4 31 12
345 396 3 35 41 19 32 14 2 1 28 31 27 26 22 30 36 9 23 4 37 33 46 5 17 42 44 38 6 50 12 13 43 34 24 35 3 7 10
346 154 5 11 7 9 29 11 24 6 44 38 13 20 36
347 396 3 28 46 29 34 45 17 31 23 1 19 47 49 7 12 2 20 9 5 26 36 40 48 15 21 25 14 18 30 27
348 278 5 45 15 44 41 47 22 45 24 21 33 49 4 5 7 25 19 39 29 6 13 43 18 1 31 17 34 37 32 26 38 27 14 3 30 50 20 2 12 40 46 10 8 23 9 11 28
349 146 6 43 32 35 47 12 7 23 40 28 20 44 17 22 10 41 2 48 24 6 34 39 27 13 26 8 9 19 29 3 46 16 43 36 45 37 38 15 33 18 5 31 4 21 49
350 583 13 21 25 30 11 27 13 2 26 37 44 33 6 41 14 18 21 23 5 15 20 8 36
351 235 3 25 31 46 11 37 33 49 40 41 13 30 10 28 17 27 26 3 6 14 44 39 12 5 29 21 47
352 195 17 12 29 19 43 2 1 30 40 47 32 16 50 15
353 98 17 7 11 45 25 37 1 19 39
354 310 14 41 45 31 42 1 11 37 26 3 23 44 49 35 27 9 21 30 50 46 47 15 8 18 33 13 41 28 2 16 43 6 38 34 17 40 12 7 5 32 48 14 25
355 419 7 25 28 38 48 14 21 24 1 37 13 20 23 34 33 49 9 43 44 22 45 32 39 25 6 11 2
356 587 4 44 6 49 40 32 8 39 29 38 37 17 33 43 12 1 30 50 19 25 2 20 27 9 45 3 11 18 24 14 22 46 42 4 13 36 28 10 41 34 48 26 31 15 47 23
357 427 17 30 46 35 10 39 13 41 42 50 23 47 31 27 15 16 8 48 34 26 2 49 12 4 6 17 33 29 22 11 40 32
358 477 13 18 21 46 5 11 18 1 41 42 23 44 10 45 4 26 49 38 33 32
359 484 3 26 1 35 20 16 2 15 36 40 28 50 27 43 38 48 44 17 42 21 37 19 5 4 14 45 7 22
360 174 10 7 44 2 22 4 6 14 39
361 290 17 21 21 11 13 31 6 26 40 24 16 18 33 28 10 32 25 49 42 30 4 2 48
362 483 16 6 21 7 34 13 19 43
363 204 6 39 18 5 41 10 44 42 46 45 38 29 30 26 48 16 23 15 12 20 21 13 22 28 1 39 8 3 9 40 4 17 31 25 6 47 49 37 34 7 50
364 62 11 16 44 30 21 29 22 45 37 26 28 13 1 40 18 42 14 48
365 277 9 9 27 35 28 4 16 15 19 32 18
366 263 14 39 38 47 11 28 7 35 15 31 23 48 1 22 20 21 24 18 42 2 43 30 3 50 34 9 49 29 45 14 40 32 6 27 10 17 41 39 5 36 26
367 311 15 24 31 10 28 39 2 33 37 17 30 6 36 27 1 34 48 44 16 22 13 32 5 26 38 24
368 171 4 40 32 43 44 5 4 21 18 23 38 33 9 47 29 8 50 15 31 45 6 22 34 48 2 36 27 40 11 3 49 13 14 1 41 39 30 16 37 17 28 25
369 418 18 34 10 21 18 2 40 39 5 17 23 43 38 47 9 44 49 42 50 31 15 19 3 1 48 33 8 7 24 16 34 25 22 41 4 26
370 315 14 27 31 39 12 37 28 23 3 20 16 40 5 47 11 18 36 48 6 42 38 24 10 13 26 27 25 49 30
371 264 10 26 31 24 26 14 49 13 9 17 15 5 1 41 35 21 44 23 34 6 48 42 20 27 46 4 39 16
372 531 16 7 12 29 14 50 3 17 21
373 278 19 17 40 23 28 1 18 27 14 36 8 12 35 20 50 46 31 2 4
374 558 6 43 21 40 31 10 23 28 1 29 6 19 39 8 43 24 41 37 50 5 20 12 27 14 34 32 35 4 44 30 15 9 16 17 49 36 42 46 2 7 11 25 33 3 38
375 102 15 37 2 14 22 33 19 23 41 45 48 32 11 1 38 3 10 18 17 47 27 5 46 12 26 35 28 39 44 8 29 50 25 24 7 42 49 34 13
376 284 10 50 39 1 24 27 46 9 43 12 33 31 45 8 28 17 50 16 49 13 29 4 2 25 7 23 10 38 44 5 42 47 41 6 18 40 15 26 21 20 32 22 19 48 3 37 35 11 14 34 36 30
377 81 3 41 46 50 36 44 37 26 1 31 6 33 32 24 39 29 23 35 18 45 38 7 13 42 17 16 11 41 21 19 22 49 48 5 27 3 40 8 34 30 20 47 9
378 256 2 5 1 19 13 27 39
379 533 14 47 30 33 42 50 47 43 28 38 27 3 49 34 6 23 18 41 12 48 8 11 15 2 21 14 16 5 44 19 1 36 26 40 13 7 4 31 24 32 22 45 29 46 10 37 39 9 20
380 591 0 40 6 33 12 42 15 49 38 19 29 25 24 32 50 9 28 39 20 8 48 40 22 36 7 13 10 46 30 34 14 18 45 47 43 1 35 37 4 44 2 3
381 351 8 23 31 17 19 46 49 41 23 14 47 26 48 34 32 25 12 36 33 20 35 11 24 2 18
382 237 17 25 46 49 2 14 22 24 18 34 5 36 23 20 15 19 31 39 28 45 17 48 10 1 30 29 40
383 418 0 18 38 49 44 7 10 19 36 26 33 23 37 14 13 9 46 27 35 32
384 202 10 35 12 3 6 45 44 9 21 18 40 48 11 46 17 14 22 19 13 29 5 50 47 2 20 24 27 15 33 28 35 43 10 16 32 36 30
385 313 0 12 28 42 25 27 5 3 39 33 50 10 19 23
386 378 6 2 4 26
387 147 15 9 3 7 48 27 10 40 9 2 23
388 456 13 18 41 30 11 46 48 5 18 10 9 17 7 50 26 37 32 15 36 1
389 249 17 45 49 18 39 47 4 28 16 35 37 41 33 23 3 30 24 36 29 5 19 50 9 48 32 46 22 45 15 42 6 17 12 14 1 27 25 13 38 21 31 8 2 20 7 26 40
390 382 1 32 46 27 34 1 19 42 20 23 15 18 6 10 29 50 28 45 2 25 8 12 39 7 47 35 32 26 17 3 14 31 16 44
391 554 4 23 10 5 14 16 45 32 31 39 42 3 33 44 6 4 43 38 34 30 15 24 41 23 37
392 421 12 11 12 32 35 22 14 18 2 36 31 13 42
393 301 9 43 37 5 44 1 18 20 31 6 12 15 39 49 11 45 9 38 32 13 34 10 14 35 26 22 7 24 46 3 41 40 28 16 8 30 25 48 29 27 42 43 36 33 2
394 63 4 44 27 14 41 35 31 5 45 37 47 34 36 44 20 8 6 12 32 26 19 39 25 21 1 4 18 43 38 24 49 17 13 30 40 33 16 2 9 3 29 15 11 22 7 48
395 419 18 3 20 24 23
396 256 8 12 16 8 27 3 34 45 24 1 19 40 32 31
397 279 2 12 11 14 41 19 8 3 16 10 9 29 20 37
398 301 6 6 16 3 30 23 47 22
399 393 1 22 1 25 4 50 38 22 34 42 45 27 24 23 20 3 26 13 21 15 17 47 44 6
400 69 14 20 18 33 9 29 6 44 49 15 37 46 32 16 5 47 2 39 7 35 36 19
401 492 5 24 3 38 35 33 39 11 16 12 20 41 7 10 50 27 25 34 37 44 48 32 45 23 43 30
402 381 6 3 40 31 47
403 138 4 40 41 14 36 40 47 19 45 30 43 33 3 6 50 9 25 16 46 49 11 29 10 39 7 23 22 12 21 15 17 42 35 26 38 24 28 34 37 1 31 20
404 357 7 48 31 10 25 1 45 27 7 48 28 49 5 41 38 44 23 30 9 16 2 21 8 18 46 19 12 14 36 43 47 34 17 22 35 13 24 6 20 4 15 37 32 50 3 26 33 42 40 11
405 440 0 12 24 4 38 46 45 39 11 12 49 26 36 21
406 64 3 21 28 36 38 10 11 25 26 9 15 41 43 37 32 45 40 21 8 13 24 33 2
407 19 6 43 14 29 25 12 17 23 2 11 43 42 31 1 38 45 24 47 41 50 5 36 48 35 32 44 21 33 40 8 16 22 6 20 10 27 34 28 15 30 26 37 39 4 18
408 235 8 26 13 29 40 22 36 25 47 10 37 38 34 16 2 23 6 1 14 11 27 17 3 39 24 31 4 20
409 554 14 5 50 7 23 10 1
410 216 15 37 1 28 36 33 11 6 50 8 30 3 23 7 40 18 34 27 32 39 24 22 49 21 37 41 12 17 42 13 5 48 35 29 10 9 46 47 45
411 178 11 50 50 45 23 25 29 13 47 26 11 31 42 24 49 8 19 34 16 22 30 38 43 14 10 21 18 3 37 48 41 15 39 6 5 27 9 32 35 20 33 40 44 4 17 28 7 2 12 36 46 1
412 230 15 9 34 44 41 29 43 35 5 11 15
413 417 17 1 46
414 235 14 22 16 18 10 47 4 38 36 37 32 44 39 17 45 43 12 48 11 41 7 27 40 21
415 58 20 18 18 44 10 2 16 47 34 7 13 6 5 22 4 24 1 3 27 49
416 310 17 2 18 25
417 520 3 38 38 12 19 28 2 27 9 46 1 21 13 10 33 34 8 49 43 48 35 24 25 16 39 37 41 15 31 18 45 30 14 11 17 5 7 32 3 20
418 227 2 44 19 25 26 11 46 23 50 39 3 8 24 4 21 12 44 31 7 9 47 35 36 34 28 48 33 38 18 30 43 22 42 10 37 14 2 27 17 40 16 6 20 49 1 45
419 239 2 44 43 32 31 19 48 17 10 13 36 12 35 37 11 8 29 44 18 50 16 2 26 27 38 14 1 24 4 28 6 42 49 33 46 40 3 15 41 34 20 5 47 25 7 39
420 224 2 8 8 39 16 34 45 47 12 31
421 131 0 4 32 19 43 21
422 588 5 45 40 47 12 32 9 41 3 11 6 8 4 14 17 15 36 38 48 26 45 37 2 20 33 16 39 50 43 35 30 23 25 27 34 24 22 28 44 19 5 7 42 13 31 1 49
423 371 4 16 4 12 23 40 19 29 42 44 24 28 17 18 13 50 21 20
424 598 11 50 41 36 16 29 39 32 43 35 34 26 4 21 44 30 12 5 8 50 1 22 28 18 15 45 38 23 31 47 42 7 17 37 6 27 19 13 48 49 11 40 46 33 24 9 10 20 25 14 2 3
425 162 3 30 46 23 39 45 2 26 50 47 29 40 17 21 1 30 8 12 35 19 48 37 33 16 32 6 27 20 14 22 38 28
426 104 2 48 6 11 33 28 38 43 4 14 8 12 25 40 19 46 17 18 10 26 23 22 27 24 45 30 34 42 15 3 7 21 41 5 32 1 31 36 29 35 48 20 2 39 13 49 44 47 50 9
427 478 20 46 23 5 40 33 10 38 41 15 4 21 30 20 43 35 19 2 36 26 25 14 27 22 48 12 46 50 9 32 16 45 8 7 3 6 17 1 49 13 37 24 47 39 29 44 34 31
428 96 18 44 6 37 32 48 21 47 3 8 50 49 15 7 26 27 44 14 29 9 36 46 28 1 18 12 39 20 10 43 42 33 35 38 22 40 17 45 2 16 11 5 31 41 25 13
429 153 17 20 9 34 31 27 24 5 15 12 6 33 7 21 22 47 2 41 14 4 43 18
430 521 10 43 21 2 28 12 26 8 10 17 48 7 37 19 1 33 32 3 22 13 5 34 35 29 47 50 49 42 39 43 31 36 18 4 38 41 45 23 30 15 40 27 6 44 20
431 197 20 50 41 7 22 18 40 30 43 9 44 29 10 17 19 6 33 39 47 4 25 21 23 13 27 34 35 50 16 14 26 38 36 8 32 46 15 5 20 49 12 3 42 24 31 2 48 1 45 28 37 11
432 226 7 32 46 4 3 18 11 13 42 17 49 6 48 16 25 28 41 29 22 7 35 44 2 27 43 36 15 10 33 47 9 23 12 21
433 395 6 46 34 19 37 31 45 14 6 1 26 44 3 8 10 13 7 35 43 49 39 47 2 15 50 4 33 16 48 23 18 42 17 11 40 22 21 29 24 9 32 41 46 12 20 25 5 30
434 222 11 38 45 34 1 22 24 31 37 42 11 49 43 28 27 17 36 30 10 44 7 46 13 8 25 29 21 14 9 26 48 50 41 18 33 35 2 23 47 3
435 169 16 9 12 34 35 28 49 32 47 11 4
436 385 15 7 10 37 49 29 3 36 21
437 582 10 46 40 44 18 32 24 50 4 26 42 10 17 23 11 21 19 43 48 22 7 33 47 37 34 41 3 39 25 16 2 29 30 9 46 28 8 6 15 1 5 27 14 31 36 38 35 13
438 302 9 15 6 22 1 2 29 28 47 21 12 33 24 42 26 14 32
439 460 18 6 27 34 29 11 10 46
440 490 17 38 37 4 1 15 49 47 33 25 41 9 2 13 28 3 14 31 30 48 5 39 26 44 19 38 40 8 35 46 10 12 7 32 43 22 16 18 21 36
441 232 2 34 42 4 30 26 47 35 36 1 21 5 48 3 49 25 28 27 8 34 43 23 29 10 31 6 7 16 15 2 12 46 50 40 24 11
442 422 7 39 20 12 15 38 35 29 46 39 19 47 41 16 3 17 22 9 18 45 33 5 14 44 32 37 34 48 10 40 49 1 26 4 11 43 25 27 2 23 42
443 491 18 6 25 36 37 5 7 24
444 54 5 3 42 2 35
445 94 2 46 32 6 46 27 34 45 3 47 1 40 33 8 35 29 2 19 39 12 25 23 21 49 42 36 14 38 31 48 10 44 15 37 20 4 13 9 50 22 26 11 30 5 43 17 41 16
446 477 3 18 1 11 41 8 9 31 24 35 22 15 50 10 46 44 2 38 5 40
447 49 7 47 50 11 41 48 29 14 22 19 13 47 28 24 9 37 1 30 31 45 38 32 23 4 6 21 39 43 12 2 10 46 3 44 33 49 15 18 27 5 40 36 42 7 8 35 26 25 17
448 84 12 25 11 21 42 10 24 16 39 32 22 17 40 26 15 38 46 23 20 47 9 37 44 13 29 36 6
449 281 12 10 36 41 14 29 5 44 18 26 48 11
450 274 11 35 42 45 44 28 21 35 20 7 48 9 3 17 47 6 36 29 19 43 13 50 32 8 4 11 2 18 10 27 5 38 37 30 12 46 23
451 296 1 31 41 18 40 50 20 6 29 24 19 35 3 5 16 49 22 10 26 1 27 21 2 39 42 33 7 11 23 48 28 12 47
452 350 15 41 37 34 19 14 45 50 25 31 27 11 28 16 24 26 44 48 17 8 23 3 32 6 20 36 46 49 47 29 38 30 41 13 1 12 40 33 18 39 9 7 43
453 459 0 5 38 30 15 46 31
454 372 10 3 46 24 28
455 345 12 42 15 27 20 37 12 16 38 10 17 34 18 33 39 8 19 45 30 31 41 5 13 46 28 6 21 3 22 11 40 4 26 35 42 43 29 47 49 9 32 48 7 25
456 577 0 24 17 46 20 7 43 22 9 34 10 3 42 28 35 16 36 11 19 44 37 38 39 4 21 31
457 175 6 31 50 15 20 35 18 30 32 33 23 21 10 13 48 14 6 47 19 36 8 25 12 11 28 43 49 9 16 24 3 26 37
458 369 6 42 3 37 2 36 17 47 39 45 24 35 38 15 30 32 9 46 22 42 16 40 6 31 13 10 4 20 48 5 28 14 11 29 12 1 50 34 44 7 23 27 43 8
459 449 5 32 23 15 42 19 34 1 48 22 26 45 17 25 36 24 44 11 13 37 33 50 2 47 31 41 14 29 12 39 9 30 35 7
460 176 14 30 34 23 36 8 12 49 32 6 15 25 45 13 16 27 48 21 5 22 33 40 9 35 46 10 2 39 47 20 24 3
461 525 12 25 46 37 10 2 44 43 23 13 39 34 50 3 33 47 19 28 20 4 41 15 24 31 8 17 45
462 87 14 5 39 8 43 33 19
463 373 13 5 24 49 26 14 10
464 558 19 29 45 44 14 32 7 20 4 39 2 33 37 19 23 35 6 15 46 5 17 9 10 38 40 16 42 18 25 8 1
465 435 18 1 16
466 281 10 20 20 1 14 31 12 46 37 15 29 28 30 2 38 3 39 26 44 13 48 25
467 254 1 36 8 50 17 11 18 13 38 39 33 12 46 24 3 45 43 10 23 16 1 4 6 19 20 42 5 2 34 15 21 47 32 27 31 14 30 25
468 319 12 3 8 10 6
469 99 12 48 38 17 48 1 14 12 33 10 37 3 41 6 2 24 15 20 5 11 46 32 30 31 25 35 26 28 36 45 39 43 22 16 47 44 29 42 7 18 34 40 8 49 23 9 4 13 21 19
470 524 9 18 37 1 40 20 45 19 3 7 36 30 17 50 35 15 38 6 33 11
471 459 13 24 33 43 24 23 2 27 29 35 19 40 7 46 12 30 11 3 49 25 42 10 8 16 13 17
472 216 0 10 36 16 28 8 3 27 33 25 30 44
473 460 4 42 12 11 34 3 49 24 35 4 29 36 7 25 32 40 16 47 13 2 28 14 26 9 44 19 37 15 46 30 10 41 45 27 33 5 23 39 6 8 38 43 1 42
474 230 19 5 31 38 25 4 48
475 70 8 44 5 34 21 30 8 2 10 48 17 26 31 28 11 16 23 38 22 27 43 50 45 32 4 39 36 44 1 7 42 46 18 12 49 41 3 9 40 15 13 35 47 33 20 14
476 129 11 1 21
477 177 1 1 45
478 106 7 26 24 42 20 3 46 18 31 14 2 35 21 27 7 15 50 1 17 44 22 8 47 38 12 16 43 30
479 597 13 20 30 45 28 13 23 8 46 48 16 14 11 47 1 10 49 15 40 31 18 44
480 595 14 14 19 14 23 16 21 44 34 41 33 50 31 37 12 24
481 187 11 46 49 4 42 48 11 20 41 37 24 38 3 13 5 27 6 33 9 30 17 32 28 18 25 29 36 8 22 31 43 16 34 45 39 50 23 14 47 12 40 2 15 1 19 35 46 44
482 423 9 33 48 29 3 19 39 10 17 16 4 49 34 12 50 15 5 37 1 40 6 13 21 36 28 22 24 26 41 32 27 30 14 47 18
483 373 1 8 8 25 16 40 27 46 37 21
484 465 17 7 6 1 26 11 10 28 23
485 459 4 45 29 33 20 6 38 47 2 34 16 41 45 25 3 4 15 1 12 13 22 18 27 10 36 21 28 46 44 49 19 50 30 42 32 37 14 31 24 5 43 48 9 35 7 23 8
486 188 14 40 16 12 46 13 40 17 39 30 41 3 4 22 21 28 44 31 25 8 2 6 33 34 7 19 23 47 24 27 45 15 42 35 5 43 37 26 49 18 32 50
487 544 3 3 16 24 30
488 334 18 32 33 27 47 26 14 48 35 49 37 3 15 34 9 25 39 6 10 45 23 20 17 31 11 50 8 41 5 16 44 19 7 22
489 456 18 36 38 50 5 47 28 32 33 44 40 41 24 23 43 30 12 35 45 9 25 34 20 21 8 29 27 11 22 39 10 16 6 48 42 49 17 15
490 35 20 46 2 17 50 46 24 34 43 18 7 30 25 16 36 41 49 44 3 32 31 9 48 11 10 20 39 22 47 1 8 29 19 45 12 33 6 35 40 37 14 21 23 5 27 13 38 4
491 190 8 46 47 48 33 9 6 17 23 11 35 14 39 46 21 16 30 49 26 24 3 42 4 13 27 28 20 31 22 10 44 38 8 7 32 15 29 40 37 25 18 43 50 12 36 34 41 2
492 296 5 43 49 8 33 27 45 17 3 43 25 35 38 16 28 12 36 30 29 42 9 10 46 23 26 5 14 50 19 41 6 47 31 24 22 37 21 44 1 18 34 39 4 20 13
493 170 19 21 37 49 28 25 22 50 40 5 18 24 3 34 11 29 1 31 19 46 45 32 26
494 10 6 17 36 46 43 2 42 1 31 47 22 23 11 14 50 25 37 20 24
495 107 15 34 18 33 48 42 9 25 45 31 41 4 2 20 13 38 3 46 34 43 10 47 26 32 22 44 1 30 5 27 14 24 11 17 8 39
496 344 14 34 49 22 35 5 4 31 17 29 24 16 28 3 26 8 11 9 41 44 21 34 14 25 50 36 40 7 12 30 42 46 38 45 20 27
497 177 15 19 47 4 33 19 27 26 1 40 14 23 11 42 13 31 24 41 39 44 38
498 304 16 29 42 13 25 26 39 29 36 2 1 27 6 3 17 30 16 48 50 24 49 43 23 22 14 19 12 31 9 5 37
499 52 5 9 27 28 6 44 15 3 9 18 5
500 457 15 42 43 8 50 6 27 7 11 2 45 29 20 17 39 37 4 47 19 48 26 30 49 34 15 13 32 28 42 10 14 38 24 22 3 31 21 35 5 25 33 41 46 36
501 243 3 30 41 21 4 15 2 34 40 47 19 35 36 24 18 26 7 39 23 43 9 20 30 42 48 29 49 3 50 14 17 37
502 249 12 6 37 16 26 23 18 5
503 513 2 12 7 10 5 6 33 48 14 37 13 30 46 21
504 195 16 1 49
505 591 3 40 39 5 28 37 34 35 4 12 22 30 6 3 20 9 25 41 36 46 26 7 38 43 40 11 32 18 19 49 10 8 1 47 16 2 21 23 14 31 13 24
506 443 15 50 8 29 1 12 26 31 28 9 50 38 39 4 42 16 25 36 20 13 10 48 35 40 49 32 41 21 44 6 34 15 46 17 3 47 22 5 43 19 11 14 30 45 37 27 33 2 18 24 7 23
507 505 10 11 21 14 46 43 11 47 9 41 33 25 19
508 518 5 38 16 18 8 23 5 20 47 28 44 24 43 29 12 48 37 38 17 13 9 21 10 35 49 26 36 6 14 32 46 50 41 27 15 25 2 39 31 4
509 19 8 10 20 32 15 50 5 22 29 46 7 23
510 286 19 2 32 18
511 52 2 22 42 18 31 35 7 50 4 41 1 47 30 22 16 46 21 44 10 48 36 12 39 27
512 467 8 36 47 16 26 3 22 5 35 32 6 31 42 19 13 49 29 44 46 17 2 30 14 4 11 12 25 27 41 43 28 23 9 45 24 10 20 40
513 39 14 44 49 14 29 31 10 47 34 6 20 26 28 21 15 37 43 18 17 2 45 4 33 11 12 42 7 44 35 19 22 36 5 50 25 27 46 48 38 13 8 41 3 1 16 30
514 23 10 3 46 30 29
515 292 15 28 44 47 50 16 18 3 2 7 8 26 29 24 37 28 43 12 6 10 9 19 14 13 1 30 46 45 17 11
516 594 5 31 3 41 12 44 9 35 25 37 34 1 28 36 42 7 14 8 13 17 48 10 18 33 4 19 11 31 50 6 30 5 21
517 60 3 32 8 27 30 12 31 38 5 48 13 23 7 28 22 24 15 18 16 42 39 32 44 11 26 25 40 3 34 17 2 9 45 10
518 550 5 9 27 16 1 9 14 15 18 29 31
519 147 3 14 45 6 27 24 15 13 9 46 2 47 36 10 22 33
520 520 6 1 45
521 305 7 9 15 31 13 2 43 20 37 44 25
522 269 16 42 49 27 33 37 40 24 8 1 7 34 15 17 4 5 30 38 41 2 14 16 22 43 9 39 35 50 25 47 20 23 44 36 13 46 45 3 28 48 10 11 42 29
523 185 16 13 26 46 45 47 48 43 19 33 44 3 30 27 8
524 56 4 18 38 6 48 32 46 30 49 42 36 45 50 26 13 28 3 11 40 33
525 477 7 34 2 25 27 15 4 38 3 12 11 50 1 37 32 22 42 14 23 17 28 19 24 35 5 45 48 46 43 31 49 26 20 16 7 10
526 69 14 48 6 32 21 26 23 12 16 40 31 48 33 4 22 41 15 45 19 10 30 17 2 43 20 27 9 25 36 1 38 44 46 7 37 29 8 50 24 39 14 35 34 11 13 42 18 3 47 5
527 367 19 45 19 14 31 39 25 45 47 26 43 27 12 11 48 44 42 28 37 10 34 4 41 18 15 23 24 6 17 22 8 3 32 13 1 7 35 30 16 5 20 29 9 2 49 21 46
528 68 7 38 33 29 31 25 14 26 8 18 7 42 43 30 20 22 11 35 40 50 16 47 45 12 36 24 15 2 9 23 13 28 21 37 49 38 48 41 27 39
529 136 9 34 16 12 21 39 25 1 4 7 15 9 36 41 22 13 45 23 31 10 34 19 47 5 27 30 24 43 11 33 32 49 44 17 40 46
530 103 9 23 39 30 1 23 36 24 44 27 31 8 17 13 22 25 38 43 32 46 19 3 2 12 4
531 504 3 22 11 36 4 3 6 48 46 41 40 50 24 49 7 26 20 31 37 12 5 15 38 22
532 424 9 44 38 16 13 47 22 48 23 26 45 9 24 4 21 3 32 10 15 37 29 5 14 12 6 7 20 18 40 25 36 44 8 49 17 27 1 41 35 39 46 42 2 11 30 33
533 97 11 31 46 21 7 18 5 14 15 23 8 12 6 27 9 4 2 34 20 11 28 29 47 40 45 44 37 31 16 39 3 22 17
534 438 6 36 46 34 21 35 17 38 27 4 7 20 1 6 33 13 11 37 25 42 48 39 18 28 24 45 43 26 12 44 2 29 41 10 40 23 22 8
535 157 2 35 40 38 8 17 13 45 12 19 11 26 46 29 41 15 30 14 36 7 42 31 2 5 25 18 10 47 48 37 33 50 34 9 39 4 32
536 87 13 10 23 28 9 11 43 39 4 8 22 5
537 13 3 13 26 24 7 29 40 13 5 33 27 10 15 22 17
538 337 15 8 7 20 46 25 2 15 3 14
539 490 15 34 35 31 25 33 38 12 16 6 3 13 29 4 18 28 21 23 46 43 45 10 17 49 19 34 1 22 32 15 24 42 41 30 39 40
540 558 13 32 34 5 18 43 7 12 36 11 49 42 27 21 2 44 19 33 29 25 4 15 9 14 6 48 26 37 16 24 32 17 8 31
541 44 3 42 21 30 42 14 34 26 1 31 41 37 17 32 35 18 10 44 29 40 8 27 48 49 22 24 25 50 7 3 13 16 9 5 15 4 39 19 28 12 38 36 23 20
542 291 20 15 13 11 34 1 5 27 36 6 45 23 37 30 42 7 21
543 196 12 11 40 20 49 38 11 14 44 16 27 9 2
544 446 18 31 25 32 7 13 20 22 48 17 34 33 12 4 10 3 2 50 14 29 44 24 46 41 38 19 6 40 45 37 30 8 27
545 570 7 21 42 49 20 48 9 13 16 6 17 22 28 32 11 25 2 4 7 39 10 27 12
546 283 9 3 18 2 8
547 179 3 42 39 40 48 25 20 26 38 19 32 22 16 29 41 18 30 43 21 11 15 4 44 7 50 36 35 1 14 42 3 34 13 49 5 2 9 8 6 33 47 46 24 17
548 471 16 29 21 31 7 27 32 41 46 16 40 45 8 48 25 12 1 38 5 15 17 34 2 26 18 4 6 29 43 47 20
549 369 11 38 41 2 20 31 9 14 8 44 1 6 12 30 42 22 28 18 3 4 25 38 47 37 34 10 26 15 46 23 5 16 27 32 11 17 48 7 49 29
550 346 18 37 15 38 22 5 46 20 25 47 37 11 26 33 7 6 35 48 12 21 45 4 41 13 49 43 30 10 34 42 44 29 36 39 23 1 8 18 27
551 467 8 12 27 2 7 22 30 32 21 50 38 1 31 6
552 359 18 44 14 27 13 44 5 6 17 45 50 21 4 20 31 24 7 49 23 18 38 12 48 25 41 22 47 42 36 28 32 2 3 29 37 1 15 10 30 16 40 8 19 46 11 34
553 400 16 43 24 43 3 22 6 11 12 28 18 48 10 2 37 38 8 20 45 15 41 13 26 30 4 29 35 49 7 36 14 31 16 50 23 17 1 33 34 19 39 47 46 40 44
554 546 17 46 13 14 24 44 7 15 25 33 37 20 46 6 40 34 32 21 17 16 38 41 43 29 22 48 1 50 18 31 27 11 23 42 3 45 2 12 5 39 26 49 9 30 28 47 10 36
555 160 17 5 21 15 48 41 49
556 557 13 29 49 46 19 33 3 44 45 30 41 1 9 10 34 20 50 28 12 7 22 21 2 23 15 17 40 36 14 27 5
557 91 1 37 41 5 44 36 32 38 28 15 34 17 2 25 42 10 37 1 35 16 24 12 26 30 8 22 23 45 11 49 33 4 31 18 47 27 3 29 19
558 94 6 36 10 27 24 15 25 8 36 14 33 23 35 9 4 48 6 32 19 11 7 17 42 34 50 21 31 20 26 2 28 13 18 22 1 3 16 37
559 226 14 1 33
560 487 10 48 50 4 5 13 47 17 45 10 33 32 2 23 7 24 31 20 49 6 9 14 28 26 15 40 37 43 27 12 44 18 29 21 48 42 3 35 39 16 36 34 1 38 25 30 22 41 11 46
561 109 8 29 15 39 22 10 44 28 3 36 26 35 34 2 4 24 37 38 41 12 16 13 9 47 43 31 30 19 7 33 23
562 184 0 28 48 17 31 32 29 26 20 15 21 23 28 39 46 33 49 18 4 45 12 36 7 44 34 5 14 40 41 24
563 91 17 32 30 26 11 23 18 13 33 45 8 19 41 6 50 20 44 29 37 27 36 15 10 22 24 42 7 39 21 14 12 34 28 2
564 168 8 30 19 45 4 9 43 28 15 26 10 46 30 50 13 21 7 2 5 8 11 47 37 25 31 14 34 23 44 39 22 38
565 354 5 43 29 7 39 28 4 47 33 16 38 15 23 27 6 11 22 44 13 3 41 45 19 2 30 32 40 26 9 14 10 8 34 37 18 12 20 24 46 25 5 31 42 1 35
566 63 19 30 36 11 4 27 28 15 24 42 5 21 17 10 44 23 19 31 25 18 22 3 9 38 29 7 47 8 41 30 46 50
567 265 14 24 21 32 35 14 17 42 25 3 24 16 36 30 37 33 39 22 7 34 31 26 46 27 13 20
568 358 2 11 5 7 24 39 50 37 35 27 3 8 15
569 296 13 32 33 50 25 35 2 36 21 30 48 6 49 28 47 46 13 31 27 38 20 15 22 45 10 42 39 9 40 1 24 26 37 7
570 236 9 21 6 11 39 32 2 49 31 15 20 14 5 45 27 10 35 24 22 1 34 37 44
571 216 20 36 4 13 9 41 45 30 3 2 15 39 7 32 49 23 22 31 24 12 27 25 43 6 48 44 36 17 20 5 16 47 21 33 18 40 1 42
572 38 0 24 41 37 25 44 32 21 15 19 26 34 38 30 29 35 14 8 13 11 17 42 23 24 46 36
573 303 16 9 23 40 11 29 34 38 25 3 5
574 572 6 36 23 18 44 39 14 49 33 16 21 46 25 10 13 42 30 40 4 7 11 22 3 12 15 37 48 29 41 35 2 27 43 31 45 26 36 9
575 22 12 20 15 1 13 28 50 46 2 26 35 11 10 27 25 48 9 5 17 6 43 19
576 51 9 4 22 3 50 45
577 429 10 44 2 6 21 28 23 24 41 22 17 49 48 13 38 15 1 46 27 31 12 45 26 42 20 33 18 34 39 43 32 4 40 3 10 7 19 37 11 36 9 35 14 29 50 44
578 360 10 17 2 10 38 47 7 9 27 20 15 50 33 12 41 49 6 4 11
579 273 11 14 11 48 25 4 36 5 31 24 18 27 13 10 3 26
580 33 19 10 35 19 20 22 13 27 31 9 50 23
581 116 3 29 25 21 28 34 44 18 3 15 8 6 48 20 12 4 26 23 49 43 29 10 31 24 39 19 36 5 33 1 17
582 224 16 3 42 20 33
583 167 18 18 30 27 3 4 39 42 8 18 14 32 24 41 34 46 48 7 38 16
584 522 6 6 38 22 48 11 32 9
585 577 1 22 28 24 32 5 10 9 16 22 11 15 21 36 38 20 1 3 14 17 13 42 7 46
586 591 20 4 18 13 25 39
587 388 2 6 43 6 16 29 40 3
588 492 19 42 40 35 29 10 23 32 50 22 34 49 19 18 37 31 1 27 42 45 6 4 48 46 14 3 7 41 11 47 20 15 43 30 8 12 25 16 21 17 26 33 28 38
589 486 10 45 20 2 36 18 10 49 7 48 8 37 46 16 22 6 19 3 45 50 32 9 5 27 21 38 15 30 12 43 11 26 24 14 4 47 17 28 31 13 33 44 34 40 1 41 39
590 144 7 28 36 30 10 12 21 15 19 25 13 37 43 35 48 44 6 39 14 7 38 4 41 20 17 22 23 16 49 50
591 358 8 33 39 22 7 26 41 23 2 12 20 10 6 21 9 29 5 3 43 16 30 44 38 36 47 27 31 34 40 46 25 15 11 18 17
592 522 7 36 15 29 41 9 22 10 19 24 3 31 50 49 26 38 12 44 48 28 42 23 21 37 47 33 43 17 25 6 35 39 40 1 7 34 16 14
593 408 7 19 33 5 48 32 19 44 36 1 50 20 11 6 35 12 8 38 3 40 9
594 101 0 3 1 33 38
595 426 20 17 3 13 30 39 6 1 5 15 44 32 7 2 42 24 11 4 10
596 341 1 21 14 19 17 29 24 7 2 3 22 39 16 34 4 47 1 46 18 48 25 10 12
597 504 19 33 29 23 50 19 13 18 15 39 3 45 28 11 9 48 10 6 44 25 1 8 49 5 4 35 32 37 47 30 42 41 12 2 36
598 575 7 3 20 39 47
599 114 3 32 23 14 26 27 46 16 9 49 8 6 45 24 34 2 43 19 21 3 28 48 38 10 47 13 36 40 7 17 37 41 42 30
600 309 19 21 12 22 16 45 41 19 3 43 40 31 13 36 5 48 32 20 26 23 38 34 10
601 196 10 25 24 3 19 6 22 18 32 49 36 33 4 11 13 16 14 25 37 47 7 17 21 43 27 34 46
602 318 19 7 40 48 49 50 26 17 39
603 574 1 39 4 47 44 25 6 18 12 2 38 45 46 21 35 19 22 39 13 23 50 34 15 32 17 41 28 42 33 30 14 49 43 10 31 1 48 5 24 40 9
604 277 9 19 47 9 26 37 22 43 39 21 18 25 7 17 50 27 15 1 32 35 29
605 280 4 41 20 39 3 14 26 22 17 32 5 37 15 9 48 23 28 49 6 18 44 43 35 29 19 27 50 42 12 16 11 24 30 40 36 38 47 1 2 10 25 21 46
606 285 14 7 18 7 8 31 5 13 46
607 538 16 15 11 33 31 8 15 19 14 28 47 7 40 35 44 41 3
608 121 14 3 28 37 17
609 277 11 47 29 1 44 23 19 8 27 35 43 34 21 49 48 20 10 17 45 28 13 37 3 47 18 32 31 16 50 4 39 2 46 40 24 7 22 14 11 38 15 9 41 30 26 25 6 5 36
610 339 1 25 24 40 30 19 37 10 17 22 28 7 48 29 20 18 32 6 47 44 13 23 27 39 42 34 8
611 329 1 12 32 34 1 18 49 48 20 8 41 3 21 2
612 444 3 9 2 16 39 6 49 29 24 35 18
613 12 3 27 13 17 37 8 50 5 19 28 2 47 20 35 27 18 39 6 10 21 48 22 26 23 15 45 34 31 44
614 433 15 28 22 9 50 25 32 3 46 35 23 43 5 48 13 17 45 28 47 7 38 49 41 44 42 14 2 33 34 21
615 392 4 14 2 31 39 44 12 46 16 4 40 43 42 48 14 5
616 449 9 17 47 34 31 5 4 15 17 26 27 9 36 45 30 25 28 22 16
617 226 1 8 4 45 22 49 7 1 35 2
618 190 4 44 32 30 21 19 17 7 11 3 28 45 36 31 46 2 6 49 47 25 20 42 38 9 8 13 16 15 41 48 14 35 4 18 10 40 33 22 12 26 39 5 1 37 24 27
619 594 3 10 26 29 50 8 46 40 37 22 30 3
620 368 8 12 1 50 22 21 28 31 34 11 7 5 18 26
621 226 13 11 15 49 23 38 3 24 45 33 39 1 43
622 233 13 33 3 17 42 14 16 25 26 50 2 5 1 9 40 41 28 15 45 4 13 22 36 44 46 20 7 19 34 23 10 37 11 43 29
623 142 12 25 4 23 26 24 50 34 15 28 29 7 17 44 18 14 31 41 27 25 33 37 12 11 42 36 13
624 523 4 40 6 11 3 34 46 19 32 10 40 50 8 41 38 21 20 4 48 7 15 27 14 1 37 44 17 12 13 18 36 31 39 35 49 9 22 30 43 23 28 2
625 392 13 24 39 33 16 47 23 43 34 19 26 22 44 37 5 30 46 3 11 24 18 1 50 29 45 9
626 509 7 3 47 1 39
627 91 3 31 47 48 40 13 43 34 38 9 20 19 18 22 33 36 30 17 46 26 4 37 11 28 14 32 7 15 29 21 50 10 31
628 313 9 10 37 45 29 23 19 3 2 30 43 47
629 423 6 41 18 6 11 46 40 37 4 19 36 7 23 49 8 2 1 41 14 3 48 39 25 50 9 32 27 20 26 34 29 10 47 28 21 33 45 44 17 38 22 30 5
630 33 3 21 35 41 37 39 4 34 25 31 28 16 42 14 17 20 46 5 38 33 49 1 15
631 65 14 22 19 36 31 48 30 35 29 43 32 15 20 38 27 47 46 23 4 11 8 42 12 16
632 177 17 5 33 26 25 41 44
633 205 4 44 13 7 50 44 16 12 45 38 47 8 31 18 49 34 5 24 21 42 15 2 32 19 37 22 4 43 25 9 27 26 28 30 17 11 46 14 35 29 3 40 48 33 20 6
634 360 11 31 12 1 3 31 44 28 32 9 33 35 42 30 36 17 48 47 8 7 5 23 37 21 18 2 49 24 4 20 16 45 6
635 424 9 4 28 21 11 48
636 453 8 11 26 43 9 42 10 45 48 19 6 1 39
637 375 20 26 43 17 9 32 4 44 3 46 38 42 48 14 15 28 30 25 45 16 22 35 20 34 21 18 10 19
638 142 16 16 14 41 1 22 4 7 37 36 29 5 17 50 6 39 42 3
639 468 16 10 4 12 29 35 46 9 10 47 50 45
640 256 12 41 34 24 35 2 46 12 30 41 9 16 47 5 27 4 19 8 31 40 42 44 25 6 49 10 13 22 1 17 37 18 11 26 28 29 39 3 36 33 48 45 32
641 164 11 25 9 24 7 6 14 20 25 45 26 28 39 3 8 5 47 18 32 29 16 42 13 27 37 41 4
642 448 15 44 23 20 9 21 27 46 47 22 15 24 4 7 34 14 30 49 12 50 35 19 8 31 40 13 43 1 6 29 17 5 2 41 48 16 11 44 39 36 28 37 38 45 25 42
643 509 9 40 1 36 20 45 18 9 19 5 49 29 39 17 12 46 38 41 47 37 26 10 4 13 43 22 14 31 24 33 16 35 8 34 50 30 7 15 11 28 27 42
644 288 15 12 47 23 9 2 48 24 39 36 27 43 45 44
645 468 1 5 44 19 10 14 3
646 142 18 31 47 25 49 43 21 44 28 5 9 26 40 41 35 42 27 36 6 24 1 15 16 14 4 18 46 48 12 38 32 37 7
647 275 13 41 23 13 31 16 25 9 8 26 43 21 35 46 44 40 33 2 11 14 42 19 6 47 20 45 18 29 3 50 24 15 30 1 22 12 34 4 32 39 10 48 7
648 479 3 42 13 48 16 10 23 26 36 15 31 12 29 19 9 21 42 39 2 35 20 50 11 49 40 14 7 24 46 45 34 43 37 32 8 41 25 38 27 6 1 18 22 4
649 478 2 23 49 47 6 20 23 4 12 31 11 16 1 43 34 21 8 14 9 3 22 17 30 40 28
650 364 8 40 8 24 6 9 30 19 20 14 31 42 46 12 49 27 29 45 22 26 1 47 32 7 33 44 37 40 23 13 25 11 2 10 3 15 35 4 39 41 28 43
651 224 8 20 34 40 41 6 44 33 9 32 21 36 18 29 3 19 13 14 23 1 5 25
652 215 19 31 16 50 6 10 29 22 48 5 28 34 14 42 47 7 25 27 32 21 15 30 39 2 8 19 33 45 20 37 46 23 35
653 415 5 19 46 45 9 47 26 14 17 40 3 8 13 28 24 29 22 41 44 7 11
654 145 8 34 23 41 33 49 26 13 10 18 36 21 7 34 2 5 9 42 19 17 15 4 31 44 6 27 35 47 29 50 40 12 11 28 24 14
655 453 6 5 34 40 6 10 13
656 388 4 3 11 43 29
657 230 0 43 17 47 42 13 11 22 29 5 25 33 30 3 10 1 45 43 50 41 26 31 40 35 49 44 27 34 32 7 23 37 4 48 8 21 9 28 24 36 16 15 19 39 18
658 13 16 31 28 6 20 16 24 44 46 42 35 9 18 45 29 15 8 14 48 3 4 40 12 7 37 2 34 5 23 30 36 43 33
659 15 18 37 19 6 20 5 4 50 47 36 29 2 27 41 23 26 31 35 8 33 24 3 40 22 37 1 49 15 10 28 45 46 18 34 12 13 48 39 11
660 343 5 26 31 26 4 20 42 19 40 22 28 46 35 24 5 2 27 45 9 44 23 41 30 18 39 25 3 34
661 548 11 12 21 50 20 16 45 49 48 14 8 4 10 46
662 336 3 42 35 3 27 41 19 17 13 48 15 4 24 22 32 23 18 26 45 49 46 10 5 47 50 44 43 28 7 20 2 14 11 30 31 9 29 38 25 8 34 42 6 12
663 358 17 2 6 32
664 44 7 26 3 47 30 15 6 31 16 45 33 46 34 8 14 40 36 7 49 24 20 13 21 39 11 42 1 41
665 456 5 13 22 46 6 2 1 36 50 29 5 19 39 4 47
666 16 13 47 13 19 3 9 37 34 23 43 4 46 32 20 41 2 25 49 6 27 28 10 11 16 12 45 14 24 18 5 26 1 8 48 50 21 47 40 17 39 44 35 22 15 36 33 31 30 38
667 395 20 26 49 1 44 17 13 18 6 21 39 25 41 15 42 23 30 16 46 2 29 4 9 22 45 36 7 11
668 46 9 21 43 33 29 41 21 48 49 2 37 15 35 32 46 13 7 18 19 14 45 6 25
669 297 12 14 47 28 3 18 14 36 11 38 12 2 5 24 46 13
670 33 17 48 1 12 41 17 15 31 10 7 28 48 5 47 35 20 14 38 23 42 39 2 32 34 4 9 21 33 45 29 3 18 26 24 44 6 30 37 8 43 36 50 40 13 46 19 49 16 25 11
671 23 14 12 37 44 30 43 41 19 39 11 10 1 17 35
672 287 14 9 14 13 6 23 41 38 8 28 9
673 274 12 34 31 27 19 24 50 37 20 14 47 39 10 25 36 13 22 5 6 23 46 33 16 41 32 21 18 3 35 2 1 15 29 43 28 34
674 387 18 14 32 49 15 47 11 29 41 36 13 18 30 45 38 27
675 450 0 13 12 15 18 47 9 17 6 34 8 36 5 41 49
676 315 10 14 33 38 31 36 16 14 27 22 32 48 15 40 11 37
677 214 17 33 15 14 26 25 50 8 21 20 7 43 3 27 33 22 16 13 36 48 19 38 30 35 11 39 9 45 40 10 6 17 1 32 24
678 258 2 50 16 31 21 4 40 34 47 5 8 32 50 45 18 39 29 12 38 37 19 28 20 30 25 6 42 43 33 48 23 35 44 22 17 49 24 11 7 2 26 1 46 36 14 41 15 13 10 3 27 9
679 50 15 24 35 31 32 22 48 14 36 20 17 3 15 24 19 26 9 23 2 7 46 5 40 38 37 41
680 434 19 16 45 22 4 43 26 16 40 27 3 32 18 8 25 10 5 41
681 18 0 17 22 9 42 1 30 27 36 17 6 24 19 11 29 38 35 7 45
682 362 10 24 9 47 6 7 50 48 27 5 13 33 41 2 36 34 44 40 39 43 42 3 15 23 8 37
683 413 7 3 25 40 20
684 318 17 18 20 14 41 27 36 9 2 21 12 49 4 17 10 38 5 40 45 1
685 87 12 28 47 37 40 36 25 41 19 46 30 31 23 45 8 42 48 14 38 22 6 18 15 26 2 9 12 4 24 27
686 205 6 23 8 31 3 34 11 20 41 43 14 36 27 21 23 4 47 49 45 40 50 37 18 25 13
687 341 1 15 1 47 41 37 30 28 46 23 32 24 11 49 35 48 44
688 520 15 29 5 32 43 50 46 22 1 25 13 35 21 14 12 7 38 19 8 44 41 2 24 31 20 6 48 29 16 27 15
689 20 20 17 49 1 48 33 41 12 30 26 39 22 17 8 43 19 21 32 47
690 583 3 1 15
691 455 12 28 3 8 10 46 29 21 15 12 17 49 39 20 34 13 38 50 41 27 9 1 2 30 11 4 23 6 5 35
692 71 4 25 25 4 32 16 44 42 20 27 26 35 11 38 6 30 21 33 36 19 15 41 40 9 47 14 28
693 547 14 14 3 39 16 29 18 7 30 14 47 6 41 28 10 4
694 139 10 27 27 14 16 50 34 28 25 43 9 7 23 3 20 46 44 33 45 10 37 31 30 40 38 17 8 15 21
695 468 17 25 29 3 11 14 24 7 12 42 20 43 2 16 26 50 28 46 44 4 22 18 32 10 36 41 45
696 192 1 13 5 15 20 2 46 28 30 8 37 7 19 50 32
697 196 15 12 28 32 11 1 25 13 14 4 9 37 21 19
698 101 19 37 24 31 37 40 7 39 20 34 33 19 26 9 49 50 30 2 6 36 8 45 22 44 21 42 10 46 12 29 4 18 5 25 35 27 11 38 41
699 474 6 42 45 31 18 3 40 29 37 4 48 10 42 9 49 32 16 2 38 28 20 34 11 27 30 46 23 1 21 43 5 36 44 33 25 47 14 12 17 50 15 41 39 26
700 58 2 31 18 16 30 3 5 6 26 45 24 10 2 37 20 43 42 23 17 34 40 44 7 46 1 4 39 8 50 14 12 15 27
701 30 5 32 8 12 14 23 40 37 7 13 19 48 25 27 49 20 30 9 34 29 42 50 15 5 26 17 45 16 1 21 35 41 43 28
702 92 2 10 18 17 29 2 50 41 49 5 12 45
703 203 12 30 41 9 18 26 13 12 34 6 45 5 35 30 27 42 10 8 47 3 2 28 33 14 16 43 11 15 1 37 29 48
704 341 13 17 32 46 16 6 19 22 21 49 30 12 31 18 47 37 9 3 24
705 213 9 8 40 10 11 19 22 3 31 24
706 391 17 45 40 39 35 47 46 49 37 29 24 4 9 41 32 26 33 19 2 12 5 44 8 27 21 15 3 38 28 31 16 11 20 43 50 1 22 25 45 10 48 13 30 6 18 7 36
707 139 16 50 2 39 49 29 34 41 17 8 7 27 33 32 28 40 42 46 47 16 48 6 24 14 30 26 25 4 3 13 22 35 11 15 37 12 38 18 19 1 10 31 23 20 21 5 50 43 45 9 44 36
708 234 9 30 27 45 9 34 20 7 29 37 12 28 1 21 41 25 2 43 36 26 5 24 40 3 38 39 42 50 49 30 11 32
709 565 9 32 22 10 5 8 43 50 31 11 32 38 13 39 30 1 25 37 20 29 3 34 44 40 14 16 35 6 48 47 2 42 46 36
710 113 4 24 19 45 46 3 25 33 49 39 7 42 47 35 22 24 41 28 43 5 20 27 10 1 9 21
711 198 11 25 35 44 10 4 14 42 16 1 46 3 37 48 17 32 23 33 43 41 36 21 30 29 25 9 11
712 395 20 38 18 44 1 29 34 6 24 32 49 10 3 22 40 47 38 26 20 17 48 46 23 43 35 28 30 42 36 19 27 12 4 13 9 25 31 16 11 50
713 178 15 46 3 16 19 34 33 31 8 18 22 47 13 28 24 5 23 10 35 25 38 7 37 44 12 43 6 29 30 41 2 21 11 26 46 20 45 42 27 14 9 49 40 50 17 48 4 39
714 242 18 16 14 22 30 20 26 39 42 9 48 37 29 35 49 11 6 21
715 596 16 35 38 14 4 7 44 32 13 17 5 12 11 43 49 47 24 33 35 41 2 45 3 26 36 9 15 25 22 50 30 10 16 42 34 29 37
716 177 5 8 3 49 19 42 20 40 23 2
717 440 0 8 6 38 39 44 7 15 24 48
718 126 2 47 8 49 10 13 14 34 2 16 24 30 43 19 42 20 7 12 37 5 11 40 33 38 41 26 50 9 45 32 21 44 46 31 39 36 22 47 18 29 4 1 28 25 23 35 3 15 17
719 533 0 40 48 21 8 26 40 16 24 43 5 6 22 30 11 7 13 34 38 23 50 10 31 19 15 37 46 18 36 12 42 1 2 17 32 14 27 49 4 33 25 20
720 231 9 15 28 11 32 38 3 15 37 19 17 13 20 23 2 22 46
721 324 19 19 17 4 33 37 18 48 42 46 23 36 50 8 29 24 43 6 30 1 39
722 360 6 34 40 18 24 17 12 46 6 22 2 16 8 15 27 3 28 21 31 42 34 25 10 20 13 29 5 19 9 36 26 41 44 33 39 37
723 434 12 19 31 27 29 47 13 28 25 21 8 36 26 39 1 18 37 5 48 3 23
724 102 15 34 39 41 46 17 11 50 29 5 33 21 13 43 19 6 25 36 31 26 1 37 30 49 12 9 28 32 3 14 18 22 4 27 15 23
725 283 15 2 30 46
726 295 13 34 27 20 41 5 25 48 11 44 33 12 39 19 14 45 26 1 40 31 10 18 28 15 36 4 37 16 30 21 32 24 2 35 38 43
727 11 19 35 48 18 22 1 26 29 39 20 45 27 3 12 35 11 50 49 2 37 42 4 6 8 36 30 28 5 44 33 19 23 47 17 15 16 21
728 405 17 27 23 26 6 19 14 8 12 18 50 10 45 22 41 39 15 20 9 47 43 44 28 30 40 16 38 5 24
729 33 7 33 26 22 12 39 30 25 41 21 43 38 14 45 40 15 47 11 36 50 44 20 16 1 6 46 23 18 10 7 24 42 48 32 33
730 170 20 46 26 29 25 43 27 35 14 37 50 13 3 23 10 2 18 39 7 49 4 21 22 11 6 40 42 44 8 47 41 9 28 46 24 19 32 5 34 31 38 1 48 36 17 45 12 16
731 395 11 38 44 21 26 43 35 18 1 39 7 8 36 47 3 19 38 40 28 9 20 2 41 37 42 45 33 22 46 25 16 27 13 14 12 48 29 49 32 24
732 529 1 26 12 43 32 16 33 18 40 45 3 35 6 5 38 30 39 34 29 10 13 47 4 24 27 15 2 28
733 238 0 30 32 44 9 46 18 34 5 50 43 29 23 13 37 10 22 11 36 28 30 45 47 20 31 41 15 25 8 26 12 4
734 317 0 30 1 5 6 45 20 34 29 21 18 39 44 46 22 4 41 50 3 12 40 24 16 49 10 23 7 8 26 36 38 9
735 394 7 32 19 28 33 5 34 30 9 20 17 10 12 27 44 3 16 37 8 36 7 26 42 22 49 41 24 23 29 4 46 25 48 47
736 580 20 18 15 29 41 13 22 3 23 26 47 40 19 32 5 44 9 11 6 30
737 226 11 26 5 46 39 19 8 31 18 20 21 26 38 29 36 4 2 45 3 47 24 28 9 32 34 15 25 16
738 99 15 18 18 40 28 16 44 50 6 30 20 37 14 22 33 4 13 5 10 8
739 529 6 17 32 48 24 16 29 30 41 25 45 26 37 10 14 17 20 47 3
740 164 6 2 28 5
741 271 14 16 8 20 39 5 9 48 18 47 11 22 35 30 38 3 7 49
742 139 20 8 16 23 43 41 49 39 4 33
743 184 2 32 32 12 21 4 45 26 20 38 5 23 2 49 31 37 35 34 10 30 36 39 6 13 43 16 47 28 29 25 33 27 22 40
744 332 1 10 15 23 33 44 8 41 24 2 17 14
745 320 3 15 46 47 27 2 44 40 9 23 34 50 25 24 6 32 15
746 493 10 12 4 33 45 40 17 3 2 37 31 20 34 12
747 267 1 5 6 36 13 16 11
748 217 11 39 24 3 34 47 14 12 49 2 16 42 7 44 27 45 15 22 1 28 33 50 39 13 18 48 31 8 37 9 35 17 6 10 4 40 25 19 21 5 29
749 220 14 41 40 25 3 38 31 17 44 43 21 16 13 46 32 49 26 5 15 48 10 7 50 37 36 23 41 9 22 19 33 42 34 12 6 29 28 11 24 8 1 47 35
750 335 0 47 19 41 50 27 12 6 18 16 7 11 40 21 45 39 49 38 43 35 28 23 44 34 36 17 9 25 15 26 29 20 8 47 4 32 30 3 31 48 46 33 24 14 42 5 13 22 1
751 555 8 6 30 49 42 41 8 47
752 384 2 13 24 49 40 25 27 43 3 26 21 23 41 22 35
753 441 9 41 50 17 13 36 11 12 2 18 43 4 26 33 19 38 14 35 28 1 15 7 32 21 31 29 23 47 20 6 49 9 45 34 5 41 8 40 10 44 30 39 37
754 159 18 22 35 45 39 24 50 29 4 9 43 36 14 42 41 23 44 16 37 11 26 30 8 33
755 540 18 40 30 24 8 39 20 7 45 25 4 44 32 47 1 33 10 36 22 23 17 42 35 49 16 14 38 31 28 15 34 9 27 46 11 37 21 43 5 41 48 6
756 241 18 23 42 20 37 26 28 34 41 27 25 3 2 11 14 43 6 33 16 13 4 45 9 29 18
757 293 19 9 41 1 7 20 21 27 35 50 25
758 517 9 6 9 30 36 47 26 22
759 15 0 14 37 8 28 2 5 17 30 38 9 44 3 19 10 29
760 519 11 32 7 6 42 5 20 26 32 4 50 38 45 3 1 19 11 22 18 44 27 2 24 8 15 43 13 41 29 10 36 14 34 49
761 291 6 9 4 38 36 30 5 20 9 26 10
762 108 17 3 46 34 22
763 414 10 11 36 23 47 9 18 5 17 49 4 38 13
764 599 3 32 26 44 48 24 20 5 2 42 38 31 16 10 15 17 34 27 33 21 7 50 39 12 41 46 22 30 49 28 43 29 3 45
765 15 8 4 30 5 47 50
766 586 5 1 31
767 536 8 8 27 38 20 3 1 45 31 11
768 319 13 3 43 25 13
769 86 13 27 18 39 26 11 25 14 42 9 47 12 3 38 5 36 41 46 20 37 7 23 17 40 30 44 32 43 34
770 120 16 29 11 30 19 34 12 4 16 45 46 27 21 35 3 48 2 50 13 41 31 20 22 6 26 43 24 42 23 9 29
771 56 17 31 41 12 39 8 30 31 23 7 29 34 24 17 43 16 13 28 18 1 48 9 3 2 11 50 35 37 47 26 40 46 22
772 574 20 42 44 27 1 31 13 16 34 33 45 10 46 9 17 37 32 12 38 36 8 24 15 3 35 23 7 20 25 22 29 6 21 41 26 11 48 14 47 30 40 50 28 4
773 274 10 18 41 48 45 6 2 34 8 32 40 18 42 43 5 31 15 35 11 16
774 371 18 28 47 34 9 39 42 20 27 45 17 23 37 40 3 19 44 1 24 21 8 30 2 41 22 36 33 48 46 13
775 437 18 7 7 5 25 31 12 42 34
776 325 16 38 24 3 5 46 27 16 6 17 34 7 15 23 9 13 12 36 44 37 39 8 49 20 29 32 41 30 19 50 11 4 48 22 38 2 47 42 21 26
777 222 6 45 47 35 36 18 6 22 41 46 13 31 40 14 49 27 9 16 37 48 1 34 10 19 26 29 42 30 43 24 2 25 5 11 28 8 3 38 7 17 39 50 20 32 15 44 33
778 271 2 14 24 35 26 32 20 1 44 7 45 36 48 9 11 18
779 537 6 4 15 6 50 47
780 580 4 25 2 45 28 20 14 46 29 40 44 37 12 4 16 33 36 15 10 48 30 6 47 17 19 9 32
781 375 14 36 2 46 47 13 8 23 10 34 37 3 31 48 22 11 12 17 38 7 28 26 20 1 50 43 36 45 42 49 30 19 32 44 21 27 25 4
782 333 12 6 31 8 50 9 44 14
783 158 1 41 41 28 45 43 14 13 21 10 42 17 2 50 38 16 37 39 32 29 18 35 48 5 30 9 15 4 7 6 47 25 34 3 11 22 31 46 20 23 27 8 49
784 458 9 12 14 49 39 15 9 13 19 29 45 34 44 31
785 439 4 28 11 48 4 17 43 34 41 37 18 40 8 38 12 32 36 16 30 45 21 22 49 5 1 39 2 9 44 29
786 159 13 37 30 20 3 4 37 7 8 46 35 25 17 42 32 9 2 31 41 29 21 47 6 13 11 43 28 45 26 15 50 33 48 27 16 10 5 39 1
787 402 8 10 24 23 14 36 25 10 19 12 32 4
788 250 17 14 6 34 47 13 11 26 29 7 23 10 31 2 39 41
789 460 2 22 4 21 8 5 39 35 46 25 45 13 20 15 48 6 28 18 40 49 14 22 16 44
790 218 3 13 47 39 40 5 12 1 44 49 21 33 36 8 9
791 32 8 45 49 6 4 41 15 2 34 25 22 18 32 13 45 40 39 7 46 44 35 38 29 50 43 1 26 31 21 14 16 24 10 30 27 20 12 5 47 9 3 37 36 48 42 8 28
792 123 6 40 8 1 48 50 4 20 19 9 3 35 38 17 14 22 7 26 40 32 25 30 33 41 43 2 6 37 45 15 28 5 18 46 11 12 31 24 16 10 27 47
793 339 1 11 3 46 25 27 49 23 18 16 37 20 14
794 359 17 6 48 16 35 20 11 41
795 330 18 46 39 29 32 13 33 48 30 46 43 41 49 15 27 35 5 16 40 1 4 20 17 25 22 18 47 45 26 28 10 24 7 14 9 2 31 42 23 12 3 38 37 44 6 11 50 34
796 306 14 8 6 21 37 33 25 18 31 14
797 484 15 24 25 50 40 27 22 5 23 42 41 44 26 13 36 3 32 24 10 14 11 6 35 9 12 48
798 160 6 26 46 9 32 30 14 42 49 26 48 23 38 13 29 10 47 34 1 43 16 5 18 15 37 50 6 8
799 212 9 49 41 45 22 20 13 24 27 4 16 25 38 11 50 23 12 10 42 48 31 14 44 7 28 32 1 6 39 34 18 33 43 26 29 30 19 46 47 9 5 36 8 37 17 2 49 21 15 35 40
800 337 12 8 20 8 37 1 21 28 3 16
801 544 10 31 47 2 46 45 22 48 35 38 31 43 7 16 1 6 15 28 25 19 14 8 11 9 17 24 50 41 39 42 18 3 5
802 209 18 40 26 42 8 22 40 38 45 27 43 30 21 15 19 33 17 47 32 2 46 28 13 35 11 37 9 31 36 1 23 12 16 48 6 10 50 7 41 34 5 49
803 224 17 37 27 42 6 19 2 5 10 22 31 25 23 3 44 43 35 41 28 37 46 45 12 17 38 26 34 4 33 14 30 48 9 50 18 11 36 21 47
804 170 17 46 6 39 30 50 42 36 49 16 35 43 7 4 46 1 23 41 31 25 47 5 17 20 33 26 12 19 40 27 15 3 38 28 44 37 9 18 2 34 21 48 45 32 22 24 10 13
805 600 5 10 39 17 26 14 50 6 41 36 11 48
806 291 8 2 10 5
807 503 10 22 43 49 46 19 48 38 16 39 1 22 2 32 41 11 24 23 5 12 28 20 27 37
808 114 6 42 7 41 2 19 28 15 36 17 9 27 24 46 21 8 34 11 23 35 26 20 18 10 50 44 14 6 13 49 16 31 38 30 37 40 1 42 22 43 39 33 25 32
809 57 11 29 10 26 39 13 35 20 30 49 4 46 31 7 38 44 43 8 15 37 50 9 33 5 1 32 27 36 2 45 24
810 497 14 4 28 2 21 1
811 82 9 37 4 12 16 43 38 50 5 10 8 42 20 47 33 24 6 41 14 29 45 23 39 18 31 28 2 3 30 7 44 27 13 40 37 21 26 35 19
812 126 1 36 34 49 3 21 42 46 30 4 33 28 26 50 8 11 29 16 27 40 1 7 43 10 35 32 13 47 2 41 17 12 45 25 36 23 15 19
813 326 10 39 13 23 1 18 39 47 43 46 29 19 12 14 32 17 50 26 21 27 34 44 15 8 30 9 48 37 4 42 38 25 6 24 36 16 41 49 2 31 22
814 317 16 13 38 30 10 25 40 44 47 43 31 1 36 12 15
815 491 20 14 23 34 50 48 27 40 18 42 8 28 37 2 15 17
816 400 0 18 39 37 18 42 30 4 1 7 6 49 44 21 38 27 34 43 46 29
817 42 2 14 1 27 31 4 22 42 45 49 38 47 34 23 12 48
818 225 3 22 13 10 25 31 28 42 24 4 32 38 50 15 49 1 33 16 47 40 43 41 37 20
819 320 15 5 48 13 7 28 2
820 444 8 44 3 16 41 49 31 10 11 45 21 30 44 4 9 8 13 48 28 42 6 43 50 19 33 25 17 38 40 22 46 14 1 12 24 18 20 23 27 35 39 29 7 36 2 34
821 189 8 27 20 34 18 47 5 37 14 40 35 30 23 1 19 3 4 33 24 13 31 8 43 41 7 32 10 15 45
822 519 13 4 10 47 22 5
823 202 16 15 38 15 31 7 36 46 10 30 26 24 11 29 16 43 35
824 270 18 10 15 38 32 47 8 50 30 22 24 10
825 514 19 26 18 34 25 35 29 19 33 17 21 27 23 20 8 40 37 9 30 47 43 49 2 16 36 11 15 6
826 341 11 7 10 1 17 49 14 37 29
827 599 11 12 5 41 18 6 33 27 28 43 7 38 14 47
828 29 15 9 11 18 36 27 46 2 43 19 49
829 322 14 21 49 18 14 20 46 12 42 2 29 33 8 47 25 3 41 1 22 48 11 38 4
830 158 13 26 35 38 21 28 29 2 39 27 33 46 11 13 31 4 43 47 32 5 44 40 30 49 45 15 48 34
831 529 18 27 46 9 2 13 17 5 23 41 38 35 39 32 3 14 27 20 49 6 25 29 45 30 19 21 8 33 42
832 89 15 34 16 9 29 28 17 34 5 8 32 39 24 11 4 10 49 44 36 26 3 13 21 42 40 35 33 20 31 48 30 12 43 45 41 38
833 178 2 20 13 24 11 36 38 42 8 39 22 15 2 50 46 34 4 33 19 14 32 17
834 596 6 43 19 13 22 46 28 2 4 7 38 27 1 5 33 42 50 49 30 12 14 32 15 24 21 3 29 44 36 11 26 31 25 41 16 8 17 37 48 9 39 35 47 18 6
835 218 7 21 15 16 14 40 3 18 50 21 13 9 7 30 26 28 44 29 4 48 34 45 32
836 135 4 32 40 10 49 14 18 4 50 12 39 42 5 25 32 17 2 26 15 3 27 38 24 30 1 11 20 19 9 22 6 48 28 35
837 227 10 20 25 37 12 14 32 30 42 11 24 9 40 16 50 23 28 27 39 41 20 45
838 348 19 22 31 35 11 7 28 47 43 29 34 20 21 50 36 2 23 17 48 41 19 9 37 13
839 177 12 38 28 42 37 48 15 18 27 21 6 22 31 29 47 3 23 36 43 11 46 4 40 30 41 1 5 16 14 2 25 24 19 9 10 35 8 13 12 49
840 524 2 19 27 50 10 7 34 36 16 49 13 24 43 29 12 26 48 20 23 8 47
841 398 8 46 41 43 49 50 33 29 47 5 27 34 9 12 15 10 1 19 2 13 24 38 21 35 26 6 18 36 20 31 16 44 25 42 11 48 4 28 45 39 7 32 22 37 17 3 46 30
842 564 6 7 46 7 5 14 39 27 13
843 272 7 26 23 4 41 5 18 10 31 16 38 24 15 8 27 25 46 39 22 45 9 20 29 17 43 19 48 2
844 63 18 44 19 23 35 5 21 20 45 7 9 31 12 29 41 1 40 27 16 42 32 15 36 6 28 47 11 22 10 39 34 30 26 3 17 43 2 24 44 33 14 48 38 4 49 18
845 134 2 29 20 17 43 2 45 12 29 25 1 8 16 39 19 26 22 34 24 21 15 13 10 37 36 35 9 27 23 47 11
846 132 2 50 6 3 2 5 43 48 23 25 21 33 19 42 22 18 4 47 50 1 7 9 37 29 34 26 30 45 41 12 16 14 44 27 8 17 20 36 32 46 40 35 39 38 24 15 11 31 49 28 10 13
847 296 9 26 31 42 25 48 5 24 18 23 3 40 46 28 6 21 4 9 39 38 41 12 13 35 44 32 43 27
848 10 20 26 37 22 10 39 18 28 47 16 3 5 17 41 46 49 8 9 21 6 32 12 27 2 7 13 43 30
849 451 10 23 43 12 34 44 33 9 21 14 17 6 1 47 45 20 7 16 22 32 26 15 37 35 28
850 330 19 2 27 2
851 507 13 47 46 16 50 49 21 24 18 47 8 15 35 23 39 17 13 22 25 2 29 11 30 3 20 40 36 9 6 45 33 37 28 31 44 27 12 4 43 42 10 34 32 5 1 38 41 14 19
852 341 6 4 10 24 41 2
853 111 9 15 43 16 9 44 39 23 25 11 49 35 5 8 6 41 42
854 152 16 10 39 22 3 16 28 14 47 32 49 8
855 170 0 44 40 37 30 15 8 29 23 32 22 1 41 7 13 16 47 4 33 36 10 31 24 26 43 11 48 6 3 49 17 34 18 19 14 25 20 27 9 42 2 50 38 46 39 35
856 332 15 43 4 30 22 3 23 26 7 41 44 46 25 47 19 34 49 40 36 42 39 28 18 9 8 10 27 48 21 33 16 32 37 38 13 11 1 17 5 6 14 24 15 12 29
857 249 13 27 9 43 28 2 19 39 8 46 31 12 48 15 44 42 3 50 41 35 27 16 18 38 32 10 6 40 37
858 549 17 33 39 31 22 2 12 45 18 46 43 1 40 38 13 30 48 44 28 25 8 21 15 9 23 10 50 5 36 29 6 24 33 34 49
859 529 5 46 38 12 17 15 39 24 30 13 27 37 41 28 35 14 44 23 49 2 50 1 29 10 4 32 46 25 18 26 36 31 19 21 5 6 45 8 42 47 33 40 20 3 22 16 48 11
860 175 4 17 39 40 26 33 13 6 4 25 5 28 8 37 46 12 50 10 34
861 357 14 15 21 37 12 49 17 29 19 24 28 1 34 2 33 31 41
862 270 11 43 24 48 2 47 50 38 6 22 4 7 25 32 5 31 26 33 36 11 39 41 21 28 40 45 1 14 37 12 16 43 35 3 34 46 42 20 30 10 15 8 29 49 9
863 441 20 45 34 30 45 6 32 49 38 26 14 31 1 10 23 41 28 25 19 44 7 4 12 46 16 3 37 9 18 24 11 21 5 42 39 22 13 48 47 20 33 36 17 43 8 15 27
864 157 0 19 23 35 27 26 31 20 22 42 41 10 25 15 43 46 9 12 38 47 30
865 306 20 40 46 5 20 7 29 40 13 19 8 16 3 27 6 48 41 2 49 9 18 36 44 42 37 26 43 21 25 32 14 38 24 34 17 35 47 31 22 11 12 50
866 232 16 16 2 1 32 23 33 9 34 45 21 17 41 28 18 50 27 43
867 423 6 4 6 43 33 48
868 244 13 41 3 1 22 9 25 33 32 23 41 13 20 40 28 37 17 16 39 43 48 26 30 46 4 10 35 27 15 7 14 31 18 24 2 42 47 29 19 49 12 5 11
869 71 1 36 49 22 44 8 38 29 12 5 34 30 24 41 9 4 11 43 13 26 25 6 17 16 14 33 28 35 48 23 2 50 47 21 15 39 7 3
870 369 3 4 42 19 31 29
871 252 9 10 18 22 47 50 1 8 10 2 20 32
872 301 6 42 48 7 49 2 25 39 11 13 6 30 24 26 32 36 21 10 14 19 3 41 40 17 27 44 16 29 50 33 20 42 15 5 9 46 47 18 34 45 12 43 31 4
873 448 12 32 3 47 37 21 20 41 7 11 35 4 42 44 46 33 29 26 39 50 9 16 45 38 40 13 23 27 24 25 49 6 15 2
874 580 13 21 31 38 45 26 5 44 21 47 17 3 49 50 12 10 13 28 27 25 9 19 34
875 489 15 25 29 2 10 6 38 45 36 37 33 40 44 20 26 48 23 21 34 32 13 12 16 25 19 43 50
876 150 4 36 47 45 46 23 39 11 3 36 41 42 48 27 14 49 26 5 15 40 10 4 43 44 33 31 50 9 29 8 16 21 38 34 17 18 12 30
877 73 6 4 20 42 2 27
878 97 18 27 27 20 11 2 7 12 32 15 14 17 9 3 37 36 48 10 1 41 46 5 34 23 40 44 31 49 29
879 421 8 35 36 43 3 42 44 32 37 38 2 26 23 34 29 11 14 33 50 46 10 16 20 28 35 8 7 49 30 31 24 12 40 17 47 21 9
880 504 7 25 47 36 42 46 48 15 7 22 49 16 5 37 9 8 32 34 28 25 3 23 20 44 12 30 24
881 204 16 3 20 14 47
882 12 7 33 21 17 41 7 36 45 30 27 6 29 38 11 40 12 24 5 46 19 49 15 42 22 8 3 48 47 34 14 25 20 2 4 32
883 48 20 3 19 30 34
884 19 1 10 27 11 21 14 31 30 18 41 36 17
885 51 20 41 27 40 21 41 46 8 1 20 28 23 43 25 34 18 36 45 13 5 50 14 38 48 35 7 37 4 44 24 17 39 11 22 26 32 6 3 9 49 15 12 10
886 359 15 4 46 45 43 21
887 95 20 1 9
888 294 1 48 15 27 34 42 46 20 43 40 47 31 11 10 2 4 7 13 14 5 30 29 24 36 6 23 21 33 41 17 16 26 22 48 28 38 3 8 49 37 9 32 39 45 12 1 19 50 35 25
889 146 5 42 19 18 15 50 41 45 33 12 27 21 5 36 11 3 13 31 40 38 47 48 42 28 14 8 32 44 20 22 2 37 7 17 30 10 26 24 39 1 35 25 4 16
890 577 3 42 29 19 17 3 7 28 13 23 49 44 42 36 2 45 43 24 4 1 39 5 10 41 25 40 11 27 20 33 6 35 9 34 14 12 8 30 31 22 50 15 46 48
891 595 14 13 4 7 38 27 43 14 41 39 36 12 32 40 50
892 47 3 15 20 28 3 11 26 5 24 23 15 46 40 31 47 25 2
893 168 16 5 2 32 22 30 43
894 41 20 11 7 4 9 6 23 20 14 22 1 47 31
895 46 0 24 9 24 21 32 19 26 16 15 22 36 33 47 6 20 46 18 41 37 10 29 42 28 23 35
896 549 10 26 18 5 41 28 48 45 11 27 23 10 15 50 33 1 6 40 7 36 2 43 49 8 38 9 46 32
897 43 11 26 21 27 18 29 46 35 42 25 49 43 9 41 3 47 48 13 28 37 5 14 16 38 8 34 33 19
898 400 11 21 25 50 17 15 35 34 24 10 5 37 18 41 13 47 9 43 48 31 23 44 14
899 126 6 37 18 19 13 12 41 44 3 46 23 1 45 9 14 22 4 36 2 10 24 43 33 21 27 7 25 47 29 48 40 26 49 37 8 31 30 34 20
900 144 15 6 21 39 11 22 38 31
901 288 3 46 38 18 37 32 30 42 25 14 4 39 16 33 6 31 49 22 5 40 12 7 2 1 10 29 3 27 26 35 43 21 41 50 24 8 34 46 44 28 23 17 45 36 11 15 19 13
902 499 7 20 44 42 40 8 32 25 37 35 49 26 27 31 30 17 21 1 43 50 45 20
903 111 20 13 21 39 43 4 7 24 50 11 22 45 38 5 19
904 541 14 10 24 46 48 26 32 13 25 20 18 31
905 518 16 11 34 13 16 15 23 42 32 9 28 48 4
906 238 18 7 38 5 6 13 23 20 11
907 417 8 3 36 31 18
908 405 0 46 24 22 31 10 20 2 35 14 44 13 47 37 6 7 3 5 45 28 16 25 38 8 23 18 21 4 19 43 11 48 17 29 1 40 50 27 42 36 34 9 12 32 46 41 30 26
909 113 17 24 38 3 46 2 31 15 12 21 6 41 28 34 24 33 18 16 29 17 42 14 26 50 30 4
910 514 13 25 23 5 15 11 31 18 4 34 40 22 43 41 1 21 2 12 26 38 30 50 29 8 36 37 16
911 424 14 10 44 24 19 25 28 13 5 11 29 22
912 379 14 3 50 46 22
913 334 10 30 40 47 23 41 1 9 19 13 32 5 8 50 49 38 25 15 30 17 33 46 4 37 31 7 21 36 24 16 29 45
914 490 1 34 19 40 4 7 37 1 18 47 21 13 39 49 26 20 29 16 17 2 41 42 38 6 34 25 46 10 12 31 44 32 45 48 9 27
915 319 16 28 41 33 46 25 44 13 31 50 28 1 34 23 18 7 27 22 20 24 43 16 15 30 26 2 19 9 40 48
916 125 15 47 37 29 17 46 41 45 2 50 8 39 48 47 31 23 30 18 12 14 11 38 7 6 44 49 19 42 22 4 36 26 43 20 15 27 16 35 10 1 32 9 21 25 5 3 24 34 33
917 425 14 16 25 16 20 22 5 2 11 48 49 26 47 32 24 12 14 19
918 218 11 21 10 28 35 48 25 3 17 23 21 12 11 31 50 40 14 27 44 34 45 9 15
919 593 8 31 42 27 38 6 46 21 49 12 26 24 50 7 20 10 8 9 11 44 4 16 5 36 45 23 28 22 19 47 13 35 33
920 351 14 47 35 38 6 11 40 15 21 30 18 50 33 25 20 9 45 12 27 43 24 47 49 29 10 37 3 22 16 44 34 19 32 5 28 1 31 46 39 17 7 42 4 26 23 36 14 13 2
921 181 9 39 5 33 11 1 6 27 28 44 8 50 45 40 25 7 10 16 12 31 18 23 42 32 22 29 14 48 9 49 24 3 41 17 4 47 38 21 37 39 46
922 398 5 48 45 8 25 37 33 26 20 39 6 38 9 18 50 17 30 35 21 13 27 46 2 3 34 44 16 14 23 7 31 41 19 29 12 4 36 22 5 32 10 42 47 15 48 28 49 24 1 43
923 345 10 37 3 1 46 23 18 13 22 17 47 24 10 32 50 41 39 25 49 9 31 8 30 35 26 12 20 28 38 6 29 45 16 14 11 48 44 40 5
924 106 17 13 33 18 5 2 35 28 32 14 6 20 50 41 45
925 328 1 29 16 5 21 39 48 40 31 12 47 43 3 38 34 30 45 24 2 32 37 44 50 33 25 36 13 22 41 35 19
926 445 17 4 30 27 15 47
927 536 8 30 43 8 9 2 3 29 12 30 13 31 16 50 38 33 24 44 14 37 20 48 40 25 46 32 27 42 4 41 7 39
928 355 13 33 49 45 39 47 14 35 38 11 20 30 17 13 43 31 16 23 10 33 5 25 3 15 26 37 36 1 18 19 8 44 7 4 9
929 421 18 49 43 46 5 39 11 2 29 12 10 6 7 13 50 24 47 14 38 32 49 45 15 1 37 8 9 31 27 20 34 26 18 33 30 35 23 36 3 44 40 41 19 48 25 17 21 16 22 28 4
930 371 13 13 29 30 26 27 23 16 38 21 33 20 12 44 3
931 63 2 49 45 26 17 48 41 12 11 22 33 10 38 13 18 35 23 9 6 16 46 14 36 27 39 21 5 30 49 25 43 42 37 8 32 34 31 15 47 19 29 7 24 1 20 2 4 44 3 40 50
932 120 8 38 31 14 19 22 48 42 6 16 45 32 46 28 24 2 44 20 17 38 27 36 11 10 39 12 3 37 41 35 29 50 26 4 43 30 33 40 13 1
933 26 14 44 16 26 36 20 6 37 9 1 33 27 44 34 50 10 48 46 43 24 25 18 42 39 4 38 28 12 2 49 32 22 17 13 5 23 7 19 11 35 47 45 21 15 30 29
934 98 12 36 47 48 14 50 8 37 25 6 42 23 22 11 32 36 31 38 46 33 2 10 34 13 27 19 41 39 21 17 35 16 30 24 7 5 26 12
935 43 2 49 17 31 4 11 47 23 28 2 19 44 12 18 27 40 48 35 13 37 39 42 21 16 25 24 36 43 41 32 9 15 38 50 7 49 26 1 45 10 5 8 46 6 30 3 34 33 14 22 29
936 537 16 30 32 48 38 10 27 4 8 45 1 36 47 41 46 15 44 3 31 50 16 26 34 39 2 12 6 25 30 37 28 9
937 412 12 12 39 18 28 46 38 5 36 22 35 8 20 24
938 580 19 40 6 38 41 30 20 19 45 3 24 22 43 13 42 23 48 46 27 50 4 16 7 36 17 18 1 9 47 11 34 21 39 5 49 15 29 14 37 8 31 40
939 419 6 1 24
940 395 4 18 43 23 4 16 35 12 19 9 47 7 33 46 40 15 39 1 21 34
941 101 9 34 41 50 17 29 9 19 11 28 35 34 46 18 5 14 13 39 31 4 22 7 8 24 33 26 44 12 42 3 37 25 23 6 32 1
942 234 17 24 42 37 38 50 45 39 32 33 19 34 3 22 4 44 41 9 25 28 14 5 46 20 27 29
943 589 8 30 46 16 49 48 27 21 4 20 23 43 2 14 50 7 1 44 32 30 3 35 29 42 15 18 9 36 12 13 37 34
944 462 11 18 50 48 31 4 7 9 8 35 30 20 27 29 43 45 24 2 12 41
945 27 17 45 8 16 1 48 24 32 22 49 2 38 41 26 3 4 30 5 29 43 9 27 7 28 17 31 13 12 21 25 11 36 33 47 15 37 14 39 18 23 20 10 42 44 50 46 45
946 583 0 14 30 35 27 13 25 47 43 48 9 19 38 1 4 5
947 277 18 5 41 31 19 37 29
948 448 2 50 2 21 28 22 38 39 37 40 8 9 50 7 41 14 46 44 5 47 42 17 48 19 16 20 25 29 15 43 31 32 34 49 23 11 13 26 30 12 3 24 27 6 18 45 10 36 1 4 33 35
949 291 0 28 45 21 25 29 13 38 2 39 36 50 33 43 22 3 46 37 40 8 32 11 44 23 20 19 41 42 47 14
950 243 11 6 9 23 1 14 40 19
951 389 4 49 29 48 46 41 39 30 28 13 32 10 49 17 36 19 2 33 22 25 18 16 31 7 11 43 9 23 35 45 47 3 42 40 27 38 5 50 4 24 1 26 8 14 20 34 6 37 44 21 15
952 317 17 5 25 42 22 4 33
953 301 9 48 50 40 44 48 16 29 22 32 26 2 12 49 27 46 7 24 23 30 13 10 14 11 34 36 19 6 20 43 35 3 31 21 38 25 8 9 17 33 39 45 28 1 37 5 41 42 18 4
954 597 0 8 17 23 20 33 7 12 43 21
955 197 1 46 42 36 40 35 41 7 27 46 9 39 19 48 44 14 2 47 28 32 30 31 12 6 49 3 8 17 38 22 29 16 10 20 45 43 5 4 25 37 15 24 18 26 33 13 23 11
956 594 15 4 34 15 30 25
957 380 5 28 28 21 16 43 48 17 13 14 5 4 40 23 29 3 30 15 49 32 20 44 7 8 2 47 19 10 11 39
958 54 5 41 29 2 44 49 38 14 20 10 16 37 42 33 4 1 21 27 5 46 28 47 34 36 39 12 24 22 23 40 3 43 6 11 26 8 50 19 15 9 45 48 35
959 427 5 40 38 8 4 36 40 10 49 22 14 47 39 30 23 35 32 43 9 27 28 45 24 18 20 11 50 13 33 19 21 25 5 26 31 3 44 16 48 1 6 2
960 388 18 33 33 16 42 43 8 19 29 37 6 15 14 45 26 28 44 36 50 22 34 47 17 23 41 18 3 24 48 32 31 25 20 9 4
961 14 10 6 12 6 8 21 37 3
962 228 1 12 50 30 35 19 44 36 31 8 14 11 12 22
963 599 8 27 39 15 13 12 47 18 42 31 17 33 5 2 41 11 32 7 27 37 26 38 1 3 19 4 21 40 50
964 261 17 43 47 42 46 20 10 16 21 33 29 13 36 11 32 26 49 44 7 41 8 39 4 24 43 50 35 34 17 23 14 25 19 3 28 45 9 6 2 31 27 12 22 1 30
965 124 3 24 6 32 43 16 50 30 29 17 45 39 10 27 12 38 40 33 42 3 15 26 23 41 11 48
966 193 17 6 27 42 18 19 13 37
967 528 19 43 41 43 47 2 13 37 48 15 50 42 12 17 22 10 25 3 24 46 45 36 34 8 30 20 9 35 23 26 32 31 7 5 16 28 11 21 38 40 44 27 29 4 19
968 285 10 21 3 10 38 25 33 50 16 21 26 46 24 28 7 19 40 31 8 41 2 45 34
969 531 8 47 28 6 35 48 36 30 50 2 43 12 16 23 5 4 39 1 40 37 22 15 10 38 27 24 42 8 13 14 49 19 44 45 9 34 25 3 32 26 33 21 29 11 17 18 20 31 47
970 328 1 5 21 36 12 50 34
971 46 4 38 47 33 25 39 44 49 46 50 3 21 31 32 14 45 36 20 28 10 18 7 42 8 38 12 11 6 43 29 5 16 4 13 26 9 2 17 37 15
972 64 2 8 38 48 5 39 22 12 26 1
973 304 20 43 28 1 20 22 48 23 16 11 3 47 9 5 17 26 18 4 32 38 39 44 49 29 8 43 7 30 14 37 6 46 34 12 42 21 31 24 19 36 33 45 41 35 10
974 107 15 25 27 45 37 32 9 42 1 11 30 17 12 22 34 50 3 4 23 35 46 14 33 6 7 29 16
975 593 0 15 8 9 36 24 25 13 29 15 5 16 23 3 19 2 10
976 360 19 12 32 31 18 44 3 7 40 37 46 30 27 43
977 380 9 8 32 44 12 41 24 17 46 37
978 344 0 42 48 33 30 25 4 29 6 47 49 44 21 43 31 8 13 5 27 41 35 18 38 40 37 32 14 15 19 23 24 20 42 16 46 45 9 36 11 1 10 3 39 12
979 415 6 42 47 25 15 11 16 31 44 6 9 24 20 10 4 40 42 32 5 19 45 33 18 27 43 38 26 37 28 1 23 36 14 49 2 8 12 34 41 35 17 7 30 50
980 183 5 42 11 47 28 25 36 33 5 27 15 34 42 10 17 37 8 29 1 23 32 24 26 6 3 13 31 49 18 46 7 9 38 50 44 4 22 19 2 39 21 45 12 30
981 174 18 35 4 49 28 6 35 31 19 48 5 18 37 36 47 40 15 34 45 13 50 9 42 39 17 14 43 30 26 44 7 11 33 3 10 41 2
982 519 19 32 21 9 30 3 44 4 31 1 24 36 33 15 41 47 11 37 5 45 8 14 20 29 17 2 27 16 35 42 6 28 40 32
983 343 14 16 31 16 50 5 26 4 21 30 19 49 32 25 35 36 15 8
984 393 19 37 23 7 21 36 5 45 6 9 46 35 10 37 48 8 29 11 30 17 24 32 15 25 12 41 50 39 31 4 20 44 18 40 14 1 22 27 42
985 235 19 8 20 22 10 32 18 3 46 5
986 200 6 15 37 33 7 4 25 47 48 10 8 26 6 27 12 18 41
987 413 9 10 13 2 47 43 44 37 4 3 5 35
988 526 14 15 42 24 21 28 12 15 9 13 39 4 17 45 7 43 47
989 191 3 25 7 1 45 11 30 40 42 29 12 44 22 15 16 50 27 38 24 49 28 33 25 8 34 13 19
990 466 10 22 47 18 34 7 27 20 15 25 50 8 36 19 48 37 40 12 23 22 5 2 46 28
991 395 18 42 28 9 11 29 26 25 21 37 42 38 34 46 41 12 44 7 36 20 18 6 3 39 8 32 17 40 24 35 4 45 48 13 22 47 30 1 31 10 5 33 49 43
992 250 10 4 33 23 35 49
993 338 1 40 41 27 42 50 45 17 30 29 20 9 38 10 8 35 46 15 36 21 18 28 5 16 39 37 47 6 1 31 7 11 43 2 49 3 22 12 40 23 48 44
994 218 4 43 14 10 30 48 20 15 8 5 40 16 49 3 12 6 39 23 13 33 17 26 7 25 19 28 11 31 1 41 36 27 43 9 42 38 46 47 32 4 37 35 34 22 29
995 238 11 9 31 28 23 50 30 26 17 11 6
996 473 8 10 21 30 15 41 10 8 35 17 19 48
997 534 18 43 6 43 2 36 44 50 19 48 25 40 20 30 33 41 3 10 28 39 11 37 15 14 13 49 7 29 18 12 38 23 47 26 16 27 4 32 22 34 46 35 1 24 42
998 457 16 3 39 20 49
999 383 20 28 19 11 5 37 7 6 21 3 36 50 9 42 24 29 41 46 8 40 32 35 43 25 47 34 27 48 15 16
1000 400 6 50 35 31 30 15 22 14 41 44 37 26 28 16 27 24 2 47 48 36 33 3 29 11 45 1 20 21 10 49 9 38 25 43 12 5 4 18 13 50 46 34 19 17 7 8 39 23 6 40 42 32
50
1 9
2 10
3 10
4 18
5 11
6 9
7 15
8 18
9 3
10 12
11 9
12 2
13 10
14 4
15 15
16 11
17 14
18 3
19 5
20 13
21 15
22 3
23 11
24 8
25 11
26 16
27 5
28 13
29 6
30 2
31 20
32 13
33 4
34 6
35 14
36 6
37 6
38 5
39 17
40 20
41 16
42 11
43 1
44 7
45 4
46 18
47 20
48 1
49 15
50 17
30
1 1 9905
2 11 757
3 10 633
4 7 853
5 12 547
6 16 687
7 3 767
8 11 775
9 10 438
10 19 866
11 14 724
12 6 412
13 4 839
14 11 674
15 14 960
16 11 866
17 8 394
18 1 551
19 18 618
20 10 983
21 12 493
22 4 681
23 7 591
24 4 675
25 5 748
26 8 380
27 15 659
28 10 888
29 7 877
30 7 858
0
0
