6
1 378 11 49 26 35 30 12 34 8 37 28 39 7 25 49 31 14 22 1 10 9 6 41 33 48 50 21 44 11 43 18 16 19 27 20 3 13 46 40 32 38 29 5 4 15 42 36 17 47 45 23 2
2 75 6 40 35 36 40 25 33 26 13 16 4 15 12 50 48 45 10 1 7 17 32 38 46 42 24 5 31 39 22 19 43 21 41 2 49 44 47 11 20 23 8 18
3 68 9 11 39 25 28 4 48 21 41 29 45 31 37
4 368 4 42 39 42 24 38 25 16 13 41 32 36 2 50 21 6 4 26 31 47 37 48 35 34 5 8 9 10 14 7 11 40 1 29 12 49 20 23 18 27 19 17 30 45
5 506 7 23 9 41 18 28 46 3 44 12 32 15 14 30 6 10 29 47 16 34 49 1 50 39 17
6 129 13 46 45 28 12 14 44 39 11 41 37 2 47 42 10 38 19 36 3 30 20 40 33 49 34 1 16 15 21 24 35 6 13 27 48 43 8 25 7 4 46 23 31 32 17 18 9 22
50
1 17
2 15
3 2
4 4
5 6
6 12
7 10
8 18
9 15
10 19
11 18
12 4
13 3
14 12
15 6
16 10
17 14
18 9
19 4
20 14
21 12
22 6
23 6
24 18
25 7
26 9
27 15
28 18
29 5
30 3
31 7
32 11
33 6
34 6
35 10
36 19
37 16
38 13
39 10
40 7
41 10
42 5
43 3
44 8
45 18
46 3
47 6
48 4
49 11
50 17
30
1 1 50
2 12 4
3 17 3
4 8 4
5 1 4
6 1 4
7 13 4
8 5 3
9 1 3
10 16 4
11 15 3
12 14 2
13 20 3
14 16 2
15 17 3
16 14 4
17 12 4
18 13 3
19 9 2
20 12 4
21 12 3
22 8 4
23 7 2
24 20 4
25 11 3
26 16 3
27 4 2
28 4 3
29 10 2
30 2 3
2
1 2
4 5
3
2 4
1 5
3 6
