100
1 465 18 12 2 40 24 7 15 1 49 39 22 36 14 23
2 406 16 49 12 25 46 38 32 22 39 41 34 36 47 44 1 31 17 13 33 3 30 18 29 24 5 4 6 15 14 42 23 19 49 9 40 7 35 27 8 37 21 50 2 16 28 48 11 10 43 20 45
3 59 0 4 33 43 1 49
4 424 5 9 29 34 46 18 10 44 41 31 48
5 358 0 6 20 23 29 43 14 50
6 463 11 18 46 27 17 14 36 8 19 6 24 33 45 23 32 39 41 30 49 34
7 274 3 44 20 13 46 7 6 45 48 30 40 32 22 31 23 24 21 11 43 38 2 16 35 8 49 10 4 34 44 50 18 3 19 47 27 29 9 17 33 42 25 28 14 36 26 37
8 64 4 19 28 8 18 10 26 27 3 31 48 22 30 6 21 44 46 9 40 25 16
9 132 19 13 44 28 33 23 4 6 13 15 37 5 16 40 49
10 398 9 43 22 37 11 6 13 34 18 5 19 15 4 12 42 24 36 16 46 1 45 28 27 32 33 2 40 29 23 10 43 39 49 47 3 26 14 20 9 8 35 25 30 41 7
11 503 10 46 1 21 36 33 35 42 22 13 25 20 9 14 10 38 3 39 7 19 12 28 50 16 24 32 15 41 27 31 17 40 48 4 47 49 11 43 18 46 23 29 6 26 30 37 5 44
12 165 10 46 12 9 29 13 47 36 41 45 48 30 27 28 21 6 23 24 25 35 14 19 34 43 44 49 16 4 1 38 15 42 39 7 5 50 40 26 33 10 18 32 22 31 37 17 3 20
13 313 1 30 10 2 5 26 12 49 19 13 4 14 16 1 31 7 48 44 47 43 28 32 21 35 30 41 6 24 34 37 45 9
14 456 19 25 31 19 50 36 28 20 42 35 6 7 46 11 39 1 12 44 4 40 41 38 16 3 37 47 26
15 568 19 42 14 39 28 20 18 36 7 42 43 44 45 46 26 31 6 15 9 17 1 49 33 29 22 13 23 50 24 27 3 16 11 38 32 37 47 10 8 2 40 48 41 25
16 248 11 35 27 49 50 8 1 30 23 6 48 26 41 32 5 31 18 19 9 21 11 25 4 35 10 3 40 45 13 47 22 38 36 16 39 37 42
17 591 14 15 30 22 41 10 9 33 36 12 7 20 26 47 1 40 19
18 195 4 43 41 21 37 5 46 33 38 6 42 10 19 39 11 27 49 4 7 3 32 15 28 45 17 8 48 1 47 20 36 2 9 16 35 31 24 18 22 40 25 34 23 44 43
19 200 15 17 14 24 8 42 50 16 49 39 11 27 44 48 35 36 31 26 33
20 100 13 21 23 15 3 27 49 14 16 39 35 31 1 12 45 6 24 13 2 30 5 43 41
21 515 9 44 27 43 24 45 49 42 50 2 5 7 8 41 30 3 37 39 31 16 15 46 38 13 32 1 10 29 19 21 47 4 11 48 33 14 18 36 6 25 44 20 40 35 12 23
22 477 7 5 4 47 41 17 18
23 402 18 17 27 39 47 49 17 19 32 6 7 37 34 13 21 16 23 4 1
24 312 18 27 43 40 23 21 34 17 24 46 35 18 33 37 26 15 50 1 20 44 41 29 4 30 13 19 8 3 49
25 567 0 46 12 10 20 2 42 28 3 36 23 11 46 40 13 21 32 29 16 37 17 43 44 31 26 41 48 50 27 25 35 49 5 33 24 45 18 6 19 7 14 47 39 30 22 4 1 9
26 73 2 39 39 16 25 32 4 27 18 21 19 30 49 11 23 35 40 42 20 31 46 45 5 50 2 7 10 9 24 38 47 1 14 26 33 44 15 48 3 37 34
27 140 11 32 20 19 7 4 31 48 10 28 35 43 13 30 27 24 36 38 1 2 32 12 47 25 46 22 9 8 23 21 5 6 37 34
28 222 13 14 23 30 41 45 37 47 38 14 10 46 1 36 40 39
29 78 4 46 9 18 3 46 47 20 8 34 50 21 16 1 43 13 12 23 28 40 22 35 42 26 10 5 48 32 4 49 19 36 30 7 31 27 11 17 6 39 14 2 15 33 29 41 24 44
30 354 13 37 32 6 40 29 19 25 9 30 18 44 28 8 23 47 45 12 11 50 13 36 43 10 39 38 1 16 17 21 35 37 49 48 27 24 3 31 26
31 262 7 25 11 23 20 40 39 6 2 16 22 41 30 47 34 4 44 15 38 27 45 25 17 29 13 42 10
32 133 1 7 25 10 42 21 45 3 39
33 560 0 45 48 17 33 10 41 2 40 45 21 6 44 35 34 3 23 5 9 15 22 30 42 20 25 29 38 8 4 13 37 18 46 27 43 32 11 28 19 24 31 26 50 36 39 49 1
34 204 11 24 16 17 29 43 25 5 3 46 41 44 35 45 50 21 49 34 47 33 24 28 12 30 1 13
35 559 16 22 26 38 4 11 31 40 47 49 41 18 3 12 7 5 42 24 25 35 10 32 6 17
36 475 17 19 49 50 46 5 48 33 24 14 35 31 47 22 16 23 39 28 25 8 42
37 350 8 20 50 49 16 3 38 42 23 48 29 35 39 17 44 40 30 36 47 27 28 10
38 272 16 5 3 42 20 23 27
39 336 17 33 9 2 28 47 39 12 23 4 49 26 42 50 27 19 17 1 41 37 7 16 21 33 40 14 3 38 11 8 44 31 6 48 34
40 108 20 34 9 19 45 11 26 7 34 8 38 4 30 17 47 42 10 41 5 37 40 20 16 43 33 35 46 31 2 27 23 13 49 32 24 21
41 475 11 14 1 30 50 7 47 28 40 27 20 43 16 14 41 22
42 322 13 8 48 42 21 25 37 23 20 31
43 348 8 44 6 25 34 21 32 15 7 28 30 46 49 16 17 26 2 45 1 39 18 10 3 40 20 5 35 29 44 37 9 47 50 38 22 12 36 42 19 14 23 11 4 48 41 31
44 215 10 5 23 7 1 15 35
45 31 2 34 5 39 19 44 35 45 36 15 11 29 32 41 37 38 48 10 31 7 25 1 23 22 12 28 30 2 34 20 14 13 49 42 6 27
46 460 19 50 47 28 38 19 21 27 50 6 7 5 10 16 29 22 48 18 13 34 43 25 17 24 8 11 40 23 20 30 41 3 44 35 1 36 32 12 37 49 45 31 39 4 46 9 2 15 42 26 33 14
47 138 9 15 21 13 23 28 19 33 6 8 49 35 10 37 16 12 29
48 257 2 50 12 16 21 26 6 24 8 45 19 50 2 28 42 3 13 43 30 14 15 31 35 40 39 9 5 37 20 25 47 18 4 29 44 1 46 7 33 22 36 49 11 17 38 32 23 10 41 27 48 34
49 365 1 26 5 23 34 50 25 47 27 20 49 26 36 9 17 33 11 32 30 3 24 15 37 18 1 21 7 41
50 44 4 34 25 1 35 12 30 37 9 41 49 39 42 18 4 46 29 5 44 31 26 21 33 45 16 13 6 32 28 48 14 8 19 50 36 34
51 216 16 19 50 36 19 49 8 32 16 26 39 13 15 35 14 33 40 37 28 12 17
52 41 10 14 14 9 24 31 25 20 42 28 46 17 40 16 44 12
53 245 15 43 33 17 32 5 12 48 30 11 36 31 37 3 20 38 29 10 39 50 46 2 24 21 49 34 35 40 47 8 4 1 27 14 22 23 25 18 44 6 7 42 16 19 41
54 411 10 32 31 11 3 43 13 23 25 50 33 5 20 15 39 19 16 4 32 6 9 7 34 45 47 17 40 27 44 36 18 8 46 48
55 434 4 17 44 22 37 25 6 11 3 42 45 34 15 49 33 26 48 17 29
56 443 8 18 14 27 44 6 36 21 34 17 26 35 11 19 47 4 16 2 43 33
57 459 16 41 49 20 32 7 47 33 24 37 28 11 48 41 35 14 23 44 17 45 38 26 27 2 29 16 42 15 6 31 5 22 4 3 25 1 19 30 12 8 21 10 46
58 440 15 33 33 48 19 47 28 14 27 24 46 10 16 26 4 40 22 7 34 45 44 50 17 35 36 43 38 29 13 11 25 5 6 18 3
59 241 13 37 37 35 22 5 41 24 8 38 6 48 50 34 39 16 2 9 40 46 10 11 29 42 21 18 43 19 30 45 36 44 7 33 49 26 25 23 12
60 351 18 3 31 11 20
61 423 9 50 26 20 7 34 36 28 29 38 18 35 24 48 22 23 17 41 32 13 42 27 5 44 8 1 46 2 45 9 10 43 47 21 25 4 40 31 16 14 11 15 12 3 50 19 33 39 49 6 37 30
62 430 7 30 18 43 49 38 16 9 24 34 25 15 22 31 6 33 2 35 13 23 32 21 27 50 44 17 41 29 8 10 26 47
63 83 1 1 40
64 447 7 12 7 6 25 49 12 37 31 46 1 40 48 11
65 483 12 19 43 7 17 37 47 1 20 39 9 10 50 8 44 30 38 34 29 46 48
66 515 10 37 41 24 7 31 29 44 34 33 1 22 2 42 19 25 15 3 46 45 27 38 35 17 21 13 6 47 16 23 49 5 10 20 43 32 11 8 12
67 147 4 3 21 16 44
68 544 14 36 13 7 26 14 35 22 21 43 9 48 39 19 6 47 20 17 40 38 24 23 41 27 5 1 50 2 3 8 37 44 45 16 11 15 32 4
69 38 6 45 10 31 18 3 4 26 22 32 6 38 14 42 2 50 29 46 39 45 25 13 11 15 28 9 40 37 36 12 21 20 43 23 33 5 48 34 35 1 17 19 7 8 27 44 24
70 287 0 43 32 13 40 10 1 15 36 41 18 14 11 48 29 39 20 45 4 21 26 16 8 35 47 37 25 17 43 49 28 2 38 33 9 22 50 5 6 31 27 7 23 24 12
71 286 13 47 29 19 46 30 3 20 15 5 22 33 28 45 4 47 27 26 50 2 39 11 14 42 21 34 13 9 40 1 31 7 17 37 44 10 23 25 8 38 49 16 24 48 18 12 32 43 36
72 252 12 23 32 25 8 28 21 15 36 2 20 19 48 47 45 3 14 10 16 40 9 27 42 13 43
73 288 17 45 7 15 41 43 21 17 1 6 36 18 34 10 2 4 24 19 22 35 46 31 16 50 49 9 12 40 8 26 42 3 14 23 20 5 29 45 27 32 11 48 37 44 30 13 33
74 171 15 46 32 14 47 12 48 49 6 28 41 29 39 24 26 11 38 33 3 34 1 16 25 42 40 20 31 13 18 27 36 44 17 5 9 30 23 10 8 7 43 37 46 19 4 45 15 22
75 120 0 8 40 6 41 4 17 46 5 1
76 566 4 15 30 48 16 46 5 27 34 1 47 37 23 11 50 29 18
77 27 4 48 2 31 17 22 26 8 1 16 28 13 20 33 14 45 50 46 29 12 11 40 34 49 5 39 4 38 43 6 42 41 44 37 21 32 36 27 30 18 7 3 47 24 25 10 9 15 19 23
78 461 1 23 40 27 15 35 12 24 23 11 13 33 44 37 1 26 29 2 18 49 45 43 22 41 48
79 42 18 33 6 17 12 26 41 50 32 44 31 27 48 42 37 36 19 34 46 25 20 8 30 24 2 23 39 9 49 40 16 10 15 7 5
80 34 9 30 24 32 5 8 16 50 19 43 2 33 46 11 39 30 47 26 35 31 13 38 1 6 42 37 48 29 3 34 23 12
81 359 6 37 31 44 33 24 3 1 12 5 30 6 37 45 4 48 17 21 43 11 22 16 20 50 36 29 26 47 38 2 9 8 27 41 18 46 42 10 7
82 471 19 9 10 29 27 15 12 26 23 3 5
83 200 0 5 47 29 36 34 30
84 108 17 26 46 27 31 32 18 26 39 30 6 50 8 44 38 33 23 25 7 43 5 10 24 36 22 16 35 13
85 152 13 17 29 9 18 20 11 6 49 41 22 43 37 3 2 31 17 44 1
86 428 9 14 47 12 30 41 45 37 49 8 50 14 40 31 6 29
87 144 12 16 27 5 44 11 46 3 10 8 47 40 43 32 31 12 20 49
88 143 5 33 5 6 37 43 29 33 26 12 25 1 15 27 40 41 44 3 31 4 21 20 46 24 11 13 32 23 18 48 50 30 28 2 49
89 243 14 26 47 45 28 8 6 24 46 16 25 7 43 32 44 38 33 30 5 9 2 20 10 35 14 34 4 17
90 508 5 11 19 25 11 34 36 23 29 43 22 27 7
91 142 0 23 24 23 45 34 1 21 22 46 2 17 4 3 39 27 43 11 15 49 20 33 32 38 16
92 333 7 45 5 15 38 46 47 36 32 19 11 2 13 20 31 26 6 45 9 33 17 40 49 39 7 34 43 30 27 35 23 1 44 3 42 41 28 16 8 50 14 4 12 29 21 25 22
93 15 2 47 4 11 5 17 28 8 45 43 24 2 32 40 10 3 34 38 37 9 36 18 29 30 21 13 50 47 12 1 19 15 49 44 23 22 48 39 14 25 35 27 7 6 41 46 31 16 42
94 412 5 22 1 27 3 18 50 47 14 6 12 21 9 22 38 10 41 31 49 33 17 5 35 13
95 71 10 38 37 18 44 25 21 32 23 50 36 16 3 7 29 20 31 1 10 47 6 38 48 35 9 27 41 5 15 12 40 13 45 39 46 43 14 4 34 49
96 243 20 45 33 37 16 38 26 46 48 3 11 9 50 19 18 1 22 47 21 7 15 43 34 27 2 32 44 39 40 20 4 45 49 5 41 6 24 10 12 8 42 35 17 14 36 13 25
97 547 19 36 49 21 47 36 27 3 17 6 26 18 9 42 28 12 22 48 15 24 33 50 4 29 34 11 20 23 44 13 39 40 14 19 45 38 32 7
98 460 17 22 30 15 3 17 10 7 26 36 27 33 2 21 25 46 22 42 39 28 47 5 41 23
99 495 20 37 41 17 33 45 4 28 50 38 24 27 9 32 15 10 30 3 16 6 43 42 2 47 18 35 7 1 11 34 46 22 12 21 20 13 44 5 26
100 351 1 14 21 28 27 50 1 18 33 40 26 42 2 41 10 46
50
1 13
2 11
3 20
4 2
5 3
6 18
7 11
8 7
9 20
10 12
11 17
12 17
13 18
14 1
15 19
16 7
17 17
18 12
19 19
20 19
21 3
22 7
23 6
24 19
25 6
26 9
27 16
28 14
29 11
30 5
31 6
32 19
33 9
34 2
35 16
36 12
37 11
38 5
39 20
40 16
41 15
42 16
43 12
44 9
45 13
46 20
47 7
48 4
49 2
50 3
30
1 1 977
2 12 96
3 6 38
4 12 47
5 19 35
6 10 43
7 11 89
8 10 54
9 5 48
10 5 68
11 14 66
12 5 46
13 13 48
14 15 62
15 7 62
16 3 72
17 5 93
18 9 42
19 2 58
20 5 65
21 19 58
22 15 69
23 1 73
24 14 64
25 11 71
26 5 65
27 2 73
28 7 84
29 1 81
30 11 97
0
0
