58
1 128 13 22 5 1 36 11 33 39 20 14 24 34 30 31 50 27 16 7 42 32 13 46 12 4
2 434 17 49 42 38 24 11 20 15 17 49 37 45 2 33 1 6 8 29 25 26 35 47 13 41 43 18 44 21 30 14 31 40 39 34 23 22 4 36 7 50 32 27 16 5 10 12 19 48 9 46 28
3 534 15 23 4 48 29 22 5 6 12 39 47 37 26 40 35 10 34 7 2 42 24 23 41 13 50
4 261 20 27 43 19 18 40 46 45 37 49 34 20 14 30 25 8 48 13 15 36 38 50 9 23 27 35 12 29 32
5 293 19 45 21 37 20 40 13 39 45 30 23 6 10 33 48 35 32 8 3 29 36 26 22 50 41 2 44 47 28 7 38 9 14 42 43 16 15 34 18 27 11 49 17 24 4 25 19
6 64 12 32 9 28 8 40 25 30 2 31 18 33 12 19 38 46 45 16 27 4 48 44 50 13 32 11 35 1 47 43 3 39 21 34
7 498 5 6 2 22 33 17 49 10
8 164 20 42 41 10 11 28 16 49 19 7 47 18 35 29 33 45 40 38 42 17 12 37 24 43 4 30 44 46 1 6 13 3 34 31 20 39 2 14 5 15 26 9 23 8
9 469 12 17 29 48 45 12 8 10 28 23 46 4 7 18 6 47 5 3 30
10 309 3 50 48 7 47 2 5 27 25 10 43 29 15 6 37 12 39 45 30 9 11 16 35 22 3 34 28 38 8 4 24 46 21 36 13 49 40 20 31 1 23 33 50 14 41 32 42 18 17 44 19 26
11 164 5 48 6 40 37 25 43 14 33 21 30 17 15 2 42 38 23 27 34 8 22 47 26 45 46 18 48 10 31 29 9 12 7 1 32 11 44 50 19 36 35 49 16 39 5 24 28 20 4 41
12 490 7 25 38 50 26 6 48 19 1 46 43 40 47 4 49 10 18 20 11 42 25 15 41 2 30 23 32
13 114 20 35 7 5 21 23 17 32 16 25 29 3 14 8 30 49 28 19 35 22 1 39 41 24 44 2 33 6 11 4 36 10 45 20 50 26 46
14 370 4 16 37 39 4 24 30 17 44 6 11 16 36 13 38 41 42 21
15 494 13 30 35 45 11 47 24 43 15 6 41 17 38 46 48 10 4 20 30 32 49 22 13 40 28 36 3 23 50 29 16 21
16 18 5 21 40 36 18 34 2 47 35 8 39 13 25 1 29 24 9 7 10 49 30 19 5
17 137 2 5 43 35 16 38 15
18 79 14 32 11 15 8 35 1 9 3 41 43 37 21 48 44 26 47 50 10 6 46 22 20 13 40 14 49 7 5 42 36 2 34 45
19 243 19 32 45 43 11 19 12 23 40 20 24 27 14 50 13 31 18 25 46 29 1 17 10 21 38 44 49 42 6 5 9 47 32 7
20 469 14 24 40 45 26 23 5 22 18 43 41 47 6 34 44 27 7 39 46 29 36 19 30 3 37 17
21 510 5 49 29 33 41 1 18 50 31 16 27 37 26 2 25 44 17 15 5 39 43 13 49 3 10 46 30 40 11 35 7 22 28 9 14 45 24 6 4 42 20 19 32 47 36 34 21 8 38 12 23
22 120 1 7 21 22 30 5 4 26 29
23 504 19 31 2 21 6 27 44 11 9 5 4 19 38 1 30 40 47 50 20 22 41 29 42 16 10 39 24 35 12 33 48 25 28
24 206 9 46 48 8 7 16 18 43 29 35 23 25 6 38 2 39 27 33 49 13 17 37 26 44 42 10 40 14 36 24 4 20 5 1 9 11 47 30 15 50 46 22 31 12 45 3 41 21
25 339 10 16 22 49 15 4 35 16 1 10 46 37 20 32 11 5 45 6
26 160 16 24 8 40 47 42 43 14 11 26 44 9 39 45 16 34 20 15 46 33 48 5 35 30 31 7
27 237 14 3 22 14 44
28 134 6 26 40 33 47 37 25 41 30 45 23 34 38 22 10 12 4 17 48 42 16 7 13 24 36 18 3 5
29 487 2 14 35 15 19 1 46 5 43 37 16 27 21 4 44 38
30 251 6 20 28 22 10 3 32 50 44 42 19 29 5 11 35 47 33 15 7 20 21 40
31 91 8 17 14 1 43 30 45 20 49 22 48 12 28 21 10 19 4 16 47
32 95 20 18 15 33 42 7 11 40 13 23 37 29 25 48 17 3 35 19 21 2
33 406 15 2 47 45
34 152 4 1 45
35 447 19 35 42 29 38 47 27 39 20 28 11 7 3 10 44 49 45 15 46 40 41 36 32 4 22 1 8 17 19 24 14 18 16 35 2 26 30
36 582 16 3 27 16 10
37 533 16 48 45 50 12 14 42 28 33 1 9 15 46 4 16 11 34 48 23 19 31 7 17 35 6 13 32 44 30 39 47 36 43 22 2 25 29 26 5 37 40 10 20 41 18 49 27 38 3 24
38 533 16 32 18 7 45 26 11 48 25 38 46 36 39 37 8 31 6 5 34 19 50 12 15 43 30 20 28 16 4 41 35 14 3 24
39 382 10 39 21 2 8 42 38 20 16 3 35 26 29 31 7 40 25 33 4 50 13 49 30 12 43 1 17 47 32 10 6 19 18 28 24 11 23 41 9 14 44
40 32 1 6 32 34 39 19 3 27
41 172 10 27 25 40 22 42 45 15 19 5 29 47 33 12 2 32 24 27 1 34 46 10 41 30 16 23 49 39 26
42 123 8 13 43 24 36 48 49 22 38 27 6 34 15 11 20
43 240 12 35 47 26 24 1 31 20 3 5 45 33 40 32 44 49 14 8 13 42 12 36 43 15 22 38 35 11 27 50 48 28 37 39 9 2 17
44 24 11 34 38 42 22 4 14 49 29 26 48 17 45 12 1 27 40 6 39 32 43 3 41 28 25 31 8 11 18 36 15 9 19 13 24 2
45 495 5 27 42 22 30 48 45 28 33 15 43 7 8 12 9 25 39 36 46 13 21 5 47 23 44 37 50 3 17
46 96 6 5 24 9 50 21 28
47 393 16 10 28 45 38 13 14 46 17 9 23 10
48 89 15 20 8 35 48 22 7 26 29 30 49 33 43 32 42 18 11 5 36 16 21 45
49 27 13 44 27 38 6 14 36 13 8 23 29 7 34 17 44 45 47 25 28 15 30 19 20 26 40 16 9 2 41 31 49 4 50 11 32 37 48 18 39 22 33 21 43 24 35 1
50 323 19 10 22 25 17 5 2 9 7 13 34 21
51 307 4 40 6 29 10 18 44 11 2 24 33 16 19 43 41 15 47 21 36 31 12 39 17 28 34 37 40 23 5 26 13 42 49 14 48 20 3 8 1 27 46 22
52 215 4 48 38 50 32 47 33 2 16 44 15 26 25 35 40 17 37 18 9 29 21 19 39 1 7 45 5 30 28 10 36 43 20 27 34 31 11 24 41 23 3 6 12 14 13 46 42 48 22 49
53 599 11 13 50 39 10 11 1 44 31 30 2 25 28 38 15
54 587 11 7 34 24 9 7 41 48 42
55 394 2 29 14 19 28 47 49 22 25 44 7 36 10 17 29 1 30 11 20 46 26 8 40 9 37 13 12 23 34 43 3
56 369 14 23 30 33 23 31 49 13 32 47 5 26 17 46 7 44 8 6 25 34 42 21 50 18 39
57 348 10 11 42 30 21 12 33 7 10 36 35 11 29
58 175 12 25 34 35 49 13 30 17 31 20 41 23 50 15 32 8 25 36 24 47 18 12 14 19 7 48 27
50
1 5
2 18
3 17
4 18
5 17
6 3
7 2
8 6
9 10
10 12
11 5
12 11
13 13
14 8
15 1
16 2
17 1
18 13
19 13
20 16
21 16
22 20
23 20
24 17
25 6
26 4
27 1
28 5
29 10
30 5
31 19
32 14
33 1
34 20
35 20
36 5
37 9
38 15
39 2
40 1
41 17
42 8
43 19
44 18
45 18
46 13
47 5
48 11
49 18
50 8
30
1 1 635
2 20 60
3 16 24
4 1 59
5 16 25
6 17 52
7 11 26
8 6 28
9 14 54
10 8 23
11 17 24
12 7 23
13 12 51
14 6 30
15 17 41
16 10 45
17 13 48
18 13 52
19 13 51
20 14 42
21 5 31
22 13 43
23 1 29
24 7 56
25 9 22
26 8 56
27 4 37
28 5 56
29 10 41
30 10 54
10
18 22
19 22
1 28
26 28
48 52
49 52
51 52
52 55
52 58
57 58
22
20 22
21 22
22 23
22 24
22 25
22 26
23 26
22 27
22 28
24 28
25 28
27 28
50 52
52 53
52 54
52 56
53 56
52 57
29 58
54 58
55 58
56 58
