97
1 385 11 18 34 4 45 26 20 9 5 28 17 49 50 43 36 35 24 21 27 6
2 299 0 16 33 45 32 17 8 40 25 29 39 44 23 13 49 2 5 42
3 278 12 26 22 35 30 27 7 37 31 2 25 6 41 46 10 36 24 15 11 45 19 20 26 48 8 14 32 47
4 281 17 29 9 12 42 8 17 34 6 41 18 15 26 13 21 45 14 44 48 50 39 47 32 46 27 49 19 25 31 29 10
5 165 4 20 8 27 29 6 47 17 50 34 36 42 49 48 46 16 12 25 31 38 1 24
6 469 0 27 9 38 48 14 11 40 25 46 17 3 29 43 5 10 42 49 34 45 35 44 47 8 22 4 23 41 6
7 257 8 36 15 30 34 46 5 11 1 7 13 37 50 3 33 32 26 40 48 47 25 19 43 38 10 12 45 23 28 9 16 27 14 29 21 4 31 44
8 206 19 34 35 21 34 13 50 45 47 36 20 1 39 3 49 4 5 14 46 27 48 38 2 6 43 9 42 15 28 25 8 37 29 22 24 18
9 546 15 46 36 31 27 18 6 20 23 12 4 42 50 19 26 11 34 22 14 2 25 44 39 8 41 3 46 35 16 29 10 15 32 38 5 24 21 28 9 49 7 47 45 37 43 30 48 1
10 250 8 32 32 41 22 4 15 11 26 23 44 46 34 25 29 17 6 30 37 21 50 28 14 39 1 33 7 5 27 24 12 20 35 42
11 110 16 36 12 47 31 46 3 49 15 20 43 38 17 5 2 36 6 10 37 25 33 29 27 42 35 45 32 28 23 39 1 4 7 34 24 8 22 30
12 157 6 40 45 33 39 22 49 5 43 15 20 30 29 48 40 17 46 27 38 19 2 3 6 18 37 13 35 44 24 7 32 36 23 47 34 41 16 26 21 42 31 14
13 306 6 21 17 36 22 34 45 30 4 8 19 24 41 13 44 14 21 31 15 16 32 49 10
14 443 17 49 21 26 42 22 50 17 39 33 34 2 31 20 32 13 28 27 46 8 12 18 48 24 41 36 7 14 40 10 37 1 15 9 11 6 29 43 3 25 19 4 47 49 44 23 35 30 45 16 38
15 534 7 38 44 32 1 5 24 47 18 31 38 40 7 12 26 48 20 11 17 43 3 33 42 29 25 28 13 22 10 36 21 23 46 19 41 34 50 35 15 4
16 558 0 49 41 42 46 44 40 13 30 37 29 4 19 47 20 17 8 31 10 15 3 18 24 16 48 9 33 5 35 2 27 28 36 34 38 12 32 11 25 1 26 50 7 43 45 22 6 14 21 23 49
17 269 8 19 11 43 9 29 4 16 10 25 23 30 35 18 8 7 17 20 44 3 50
18 560 15 49 39 12 24 49 45 28 9 3 37 48 25 5 1 44 33 7 30 19 27 32 13 15 46 41 40 18 16 43 10 11 21 35 31 26 22 20 50 8 42 14 34 23 2 4 47 17 38 6 29
19 519 3 40 28 40 12 50 38 4 9 34 24 17 48 15 30 42 36 6 7 14 25 23 46 47 37 16 18 10 3 33 2 41 19 21 13 29 43 5 35 39 1 32
20 226 2 39 28 39 34 16 38 41 13 3 25 30 17 9 37 47 40 46 44 10 11 1 36 22 26 48 15 31 35 21 2 29 12 5 49 33 50 14 43 19 24
21 83 16 3 40 7 23
22 406 19 47 16 18 47 44 50 40 15 4 27 11 38 29 43 45 36 32 33 30 21 48 35 34 1 24 22 31 2 37 9 14 28 42 41 39 13 25 26 6 5 17 19 3 23 10 46 8 12
23 188 7 16 21 34 32 47 31 26 25 29 24 27 49 23 33 45 37 13
24 224 18 35 48 23 3 18 17 12 2 46 15 31 7 25 33 44 37 29 20 47 13 26 11 41 16 5 45 22 28 1 4 19 6 40 43 30 35
25 590 10 33 35 47 29 5 40 17 42 7 41 16 6 9 14 27 26 20 4 34 48 32 44 3 46 28 25 30 10 38 45 13 49 18 21
26 521 7 39 6 37 29 22 45 24 16 44 34 9 20 35 1 28 7 27 41 39 48 50 17 8 12 15 33 40 13 49 21 42 30 4 11 18 26 47 32 23 10
27 63 4 6 5 32 20 4 9 2
28 401 8 22 32 14 37 27 18 28 46 7 12 50 16 13 44 31 10 49 43 26 23 33 1 42
29 551 10 2 20 16
30 345 15 5 24 28 27 4 20
31 526 1 34 24 13 31 27 28 9 47 36 22 29 46 34 20 39 40 6 17 25 42 10 3 26 18 12 21 7 30 43 33 37 19 16 4 5
32 583 0 21 46 4 26 49 23 39 7 16 31 38 24 5 6 22 47 9 19 13 17 20 2
33 19 11 37 31 44 38 5 18 42 2 30 11 20 37 16 29 41 46 24 26 23 8 33 43 4 50 1 49 28 22 45 35 40 15 34 12 17 6 7 39
34 276 20 2 33 8
35 288 12 9 15 5 34 9 24 30 39 18 36
36 555 20 5 25 7 26 14 49
37 315 11 22 14 44 31 6 12 3 48 40 50 8 29 46 23 26 15 18 47 39 25 41 28 4
38 595 11 28 36 44 19 37 22 16 35 49 50 46 3 8 13 12 30 11 43 34 47 25 38 10 48 17 1 40 24 15
39 306 7 49 18 28 3 16 14 50 29 26 7 36 33 35 49 48 47 39 32 5 45 24 21 44 13 31 23 10 22 1 43 34 8 41 20 42 17 11 46 12 40 25 37 38 30 27 15 4 9 6 19
40 421 14 47 43 23 13 41 46 14 45 28 9 49 6 18 31 36 10 19 15 21 50 26 37 8 5 27 25 20 11 3 30 38 12 24 17 1 22 39 47 4 48 7 42 32 2 29 40 44 33
41 401 11 30 16 45 11 41 31 28 15 13 7 23 21 34 36 42 19 20 44 49 48 27 33 14 12 30 43 10 50 3 29 38
42 193 20 3 49 6 2
43 277 15 47 43 24 46 8 44 29 34 47 22 40 7 26 49 31 4 18 23 33 32 21 19 15 17 5 50 35 1 45 39 6 9 48 25 12 16 27 38 37 41 28 20 10 11 30 42 13 3
44 385 5 42 1 10 31 38 47 6 13 11 17 20 36 23 44 41 48 16 5 28 2 46 7 45 19 32 3 34 35 21 26 24 12 14 9 27 43 4 49 39 33 50 30 42
45 581 0 18 18 5 40 7 47 35 3 21 24 33 8 17 1 29 12 10 42 46
46 345 9 18 29 32 42 31 22 1 33 18 25 40 10 48 39 9 28 49 8 30
47 484 12 46 44 43 49 37 48 23 3 16 42 12 46 33 11 39 30 45 26 7 2 15 38 18 19 10 22 41 6 21 4 34 32 24 47 14 31 36 1 50 13 17 25 29 20 27 28 9
48 133 7 44 33 32 9 21 4 24 17 20 28 29 35 12 1 18 2 27 31 7 13 37 41 39 36 15 25 44 47 19 30 34 38 50 45 49 8 40 10 26 46 14 42 22 3 6
49 300 10 14 44 30 9 4 37 41 35 21 11 1 27 13 22 19
50 557 11 39 11 48 45 50 42 31 6 4 23 49 30 2 19 34 27 16 17 33 10 35 1 25 41 9 18 8 22 7 38 29 12 13 26 20 40 37 43 21 47
51 187 15 32 39 7 29 40 27 10 5 44 16 46 28 42 18 50 11 23 14 8 26 13 19 32 35 36 2 47 49 45 24 25 30 22
52 396 0 36 49 34 5 42 18 37 4 33 15 50 27 24 14 8 39 25 20 43 29 11 13 47 32 1 41 48 21 6 28 22 44 10 35 26 30 16
53 425 19 48 5 50 6 7 49 18 35 37 48 30 20 10 12 25 16 11 21 26 27 38 8 40 2 43 24 31 4 15 34 42 33 28 39 44 23 45 13 1 32 46 36 17 41 22 9 3 29 47
54 22 11 41 28 17 24 1 48 43 11 44 31 8 40 41 7 5 25 20 45 50 38 35 42 16 21 47 37 33 22 18 27 32 19 14 34 13 39 36 9 3 15 46 4
55 433 11 27 13 22 31 36 20 5 40 27 8 45 47 16 29 49 35 50 24 3 2 32 44 34 38 48 30 17 18
56 571 19 40 9 41 19 40 20 43 17 10 12 5 15 1 38 26 21 48 30 8 34 31 29 50 39 49 47 44 36 22 46 28 16 7 11 14 27 4 23 37 6 35
57 519 5 33 2 50 49 8 28 15 24 48 46 20 18 29 22 25 10 6 41 32 36 7 12 19 5 35 42 40 30 21 11 43 1 37 27
58 584 19 49 15 49 27 35 14 8 12 20 37 26 48 46 31 17 30 10 9 3 42 25 50 43 13 29 18 4 2 34 23 22 33 44 24 7 6 36 1 41 16 40 47 11 5 38 45 28 32 39 19
59 277 1 21 24 7 3 36 26 37 6 18 38 32 4 1 41 21 2 13 28 48 23 35 47
60 444 5 36 7 39 38 1 40 10 18 35 31 20 27 21 29 33 22 14 44 36 24 45 50 25 28 32 2 48 46 13 42 43 12 17 49 3 30 37
61 257 1 12 45 11 35 20 1 24 29 42 36 41 4 13
62 560 15 17 30 1 13 26 29 43 36 48 37 34 31 49 44 32 46 45 11
63 590 3 41 42 2 14 26 29 31 25 13 19 3 23 50 27 40 11 36 41 39 45 30 15 47 7 6 34 38 49 16 8 28 12 17 4 18 22 35 10 44 21 32 20
64 334 7 34 21 48 26 40 28 25 43 8 31 1 9 45 12 7 4 33 15 39 10 24 30 34 17 36 3 20 32 23 6 27 14 13 49 16
65 81 4 12 1 50 43 15 18 3 28 41 7 47 31 4
66 335 20 46 50 43 19 8 12 30 49 35 36 45 21 33 13 29 23 31 15 10 37 28 5 22 34 40 39 14 11 46 9 24 25 16 17 7 47 1 42 4 6 38 41 18 48 20 44 32
67 598 1 14 27 37 9 12 6 42 10 24 20 8 13 38 16 2
68 366 1 14 10 27 2 44 21 50 16 39 31 22 20 33 35 9
69 301 19 27 15 33 30 40 46 32 17 25 11 36 22 13 49 29 23 1 5 18 6 42 16 19 48 2 7 31 3
70 393 20 39 23 14 1 30 18 10 17 36 50 28 24 25 5 9 47 35 34 27 3 37 12 15 22 26 43 13 45 38 48 44 29 2 21 33 49 4 42 7 19
71 552 19 9 2 5 36 16 25 49 10 40 39
72 336 15 17 2 21 32 36 42 11 43 34 44 6 30 13 46 9 31 20 12
73 238 6 19 1 14 39 43 11 34 7 8 22 31 17 50 46 26 40 35 15 6 41
74 471 17 16 16 3 4 50 29 35 49 26 43 21 13 42 10 15 14 20
75 430 2 28 11 31 24 5 14 30 6 3 27 28 41 4 35 7 40 10 13 20 32 9 22 45 15 29 43 36 37 46
76 599 5 20 21 16 43 27 12 20 3 50 32 42 49 9 47 18 44 13 33 26 40 5
77 315 3 40 14 40 26 6 9 27 4 44 35 32 47 23 1 7 10 49 5 13 46 24 21 25 11 12 33 45 36 43 16 19 2 29 39 41 34 31 50 15 28 18
78 547 17 43 10 37 21 5 12 49 8 23 11 15 22 4 45 19 31 41 13 34 38 29 6 9 50 32 18 47 24 1 27 28 48 36 46 3 35 40 43 30 33 14 16 25 20
79 310 12 39 26 11 14 46 44 41 6 29 22 8 43 7 47 12 33 25 30 27 19 45 40 38 28 17 10 37 39 2 36 23 32 1 50 3 20 21 9 42 34
80 480 1 26 43 6 36 22 34 3 26 10 25 11 5 42 37 44 40 32 31 17 19 47 4 49 21 48 30 24
81 416 4 3 21 48 17
82 419 8 49 4 10 19 40 47 45 27 33 46 2 50 20 49 6 28 5 3 13 34 25 37 36 15 32 38 30 48 39 12 23 16 1 42 9 8 26 11 24 7 21 14 44 18 31 41 22 17 29 43
83 293 20 27 17 5 26 35 13 47 39 7 15 33 20 8 36 38 1 23 27 44 50 22 43 31 28 32 25 45 37
84 343 14 3 19 34 39
85 61 11 26 43 7 2 36 17 45 41 3 29 15 26 30 22 21 50 31 19 38 39 33 14 4 48 28 6 5
86 382 4 36 9 10 21 16 40 13 24 47 23 3 49 45 34 2 6 48 44 14 46 50 36 11 30 19 15 17 5 25 41 28 7 33 1 39 32 8
87 288 1 12 23 19 10 7 21 49 6 12 50 17 5 36
88 387 10 5 39 32 30 38 46
89 578 6 8 38 17 28 33 36 50 23 48
90 392 12 23 41 32 17 35 43 2 26 18 48 31 12 44 37 36 23 4 33 1 25 3 11 6 19
91 18 17 6 22 20 27 14 23 31
92 192 12 37 5 47 12 29 24 16 14 17 50 43 39 31 20 3 41 22 48 35 40 49 21 45 34 36 4 9 25 32 33 44 28 1 2 26 6 42 11
93 331 4 47 7 24 18 36 14 30 1 11 9 12 8 28 19 29 27 15 35 44 34 39 26 32 43 2 31 37 41 49 23 40 33 25 20 45 13 42 4 5 47 48 10 38 17 3 46 6 16
94 585 13 3 19 41 45
95 176 14 30 28 8 34 38 18 32 30 1 19 12 31 40 6 15 45 44 35 43 49 33 24 36 10 7 23 22 47 14 26 37
96 422 20 14 41 19 4 44 37 43 8 47 14 40 29 42 5 34
97 54 13 8 14 5 1 24 36 19 38 40
50
1 6
2 13
3 7
4 20
5 14
6 3
7 14
8 8
9 3
10 11
11 6
12 6
13 14
14 2
15 20
16 2
17 7
18 9
19 7
20 2
21 10
22 2
23 15
24 18
25 12
26 3
27 1
28 13
29 14
30 16
31 3
32 19
33 5
34 11
35 19
36 20
37 3
38 1
39 6
40 11
41 6
42 19
43 5
44 11
45 18
46 19
47 16
48 15
49 18
50 6
30
1 1 971
2 18 71
3 13 65
4 4 62
5 1 87
6 18 45
7 1 80
8 20 46
9 15 57
10 13 77
11 16 68
12 6 74
13 2 84
14 18 94
15 11 42
16 17 63
17 18 54
18 12 54
19 10 48
20 13 77
21 13 85
22 4 86
23 7 87
24 5 83
25 14 61
26 16 43
27 16 35
28 1 66
29 17 63
30 17 75
17
21 25
25 27
1 31
25 31
27 31
56 58
56 60
32 62
59 62
61 62
87 91
89 91
90 91
91 94
91 95
91 97
93 97
31
22 25
23 25
24 25
25 26
25 28
25 29
26 29
25 30
28 31
29 31
30 31
52 56
53 56
54 56
55 56
56 57
56 59
57 60
56 61
56 62
58 62
60 62
88 91
91 92
91 93
92 95
91 96
63 97
94 97
95 97
96 97
