29
1 512 2 25 47 5 44 1 6 26 32 9 20 33 2 48 15 16 37 12 23 19 30 8 28 22 34 7 38
2 567 7 37 11 22 23 43 34 19 13 15 27 28 26 44 30 24 32 36 33 31 17 7 42 1 8 50 37 6 29 16 4 14 18 9 12 21 35 41 5
3 203 6 33 37 17 35 44 16 23 48 9 36 1 18 4 3 12 27 32 5 43 42 29 41 46 45 10 31 39 40 19 33 34 22 15 7
4 424 6 21 27 40 21 32 25 24 13 26 36 45 14 39 42 46 17 6 9 1 35 20 34
5 123 20 30 44 34 4 26 28 1 30 50 11 48 14 12 49 37 15 41 23 7 46 16 38 32 25 17 13 22 18 6 10 5
6 532 17 12 13 5 29 37 31 22 9 38 1 2 25 36
7 213 15 12 20 16 15 47 31 43 13 22 29 12 7 21
8 211 16 40 33 14 5 34 29 9 12 30 1 38 24 10 37 31 43 49 41 4 16 22 32 8 47 48 17 40 28 2 18 36 25 35 7 44 27 13 46 11 15 26
9 374 8 46 10 16 48 47 2 22 38 28 30 37 41 7 12 4 35 24 5 34 31 27 13 9 23 46 6 26 29 19 43 11 1 25 49 42 33 18 39 8 45 17 15 50 21 44 20 36
10 111 10 4 30 12 13 6
11 429 0 29 30 32 20 12 49 23 38 19 16 28 13 8 2 14 33 9 46 26 18 47 11 44 40 4 50 35 48 29 22
12 577 10 6 2 35 31 1 6 14
13 285 11 17 44 49 27 45 37 48 17 46 31 26 22 6 25 1 19 10 43
14 318 7 7 29 32 7 42 36 23 21
15 294 14 35 29 1 5 8 20 16 36 15 4 32 34 47 39 7 24 6 48 37 43 17 38 41 28 9 3 10 11 18 30 22 21 42 46 26 14
16 62 20 17 23 49 7 26 10 37 1 50 43 9 15 11 40 13 3 30 31
17 353 12 50 3 25 46 9 50 2 47 19 10 14 32 16 28 40 37 27 8 6 41 20 31 44 29 42 24 26 35 12 34 21 15 4 43 11 49 7 5 17 23 30 48 39 36 33 22 45 1 13 18 38
18 564 13 18 15 13 46 10 42 32 38 34 29 36 6 26 31 43 23 40 25 1
19 435 5 36 2 46 12 44 22 25 36 50 48 11 34 31 29 47 14 45 1 40 35 8 26 41 49 13 37 15 38 32 18 7 6 39 43 23 28 19
20 354 12 38 31 15 50 44 33 26 38 48 1 9 35 17 12 5 14 32 46 8 27 30 19 21 6 43 22 40 25 47 23 18 4 42 39 28 49 41 36 13
21 517 19 40 43 2 29 16 31 38 21 33 50 3 48 7 1 10 8 12 11 9 13 45 24 6 30 34 28 40 4 19 26 20 18 17 46 35 15 25 42 49 32 37
22 150 11 30 6 2 20 16 42 25 34 33 9 10 39 26 5 13 11 27 31 43 3 35 49 28 45 29 19 7 12 50 38 22
23 368 0 32 5 24 21 7 16 10 44 43 35 25 9 45 2 26 1 12 6 3 38 20 50 22 15 47 30 11 36 8 49 18 19 39
24 532 12 20 40 9 39 4 44 6 22 32 5 33 10 28 1 14 17 49 20 25 13 27
25 265 9 36 18 38 17 16 33 4 20 8 15 30 1 47 9 26 28 21 12 32 29 42 50 27 11 2 23 25 48 41 24 49 31 10 6 5 19 22
26 187 18 47 9 19 5 36 13 16 22 11 37 28 42 3 25 40 15 18 8 1 4 14 2 34 29 33 17 48 20 46 7 35 50 49 47 24 26 44 39 27 32 38 30 41 43 12 21 31 10
27 522 13 27 29 50 41 35 7 40 18 19 15 17 6 23 42 33 47 31 10 22 8 20 9 14 25 24 48 5 27
28 449 18 14 45 4 5 40 26 38 7 37 13 28 27 11 35 39
29 19 0 14 37 29 49 33 17 39 18 24 31 26 32 19 22 47
50
1 20
2 18
3 9
4 3
5 18
6 16
7 4
8 19
9 16
10 5
11 8
12 18
13 19
14 15
15 5
16 12
17 7
18 18
19 9
20 17
21 14
22 10
23 15
24 4
25 9
26 4
27 8
28 2
29 5
30 6
31 11
32 3
33 11
34 12
35 5
36 12
37 15
38 11
39 19
40 5
41 14
42 9
43 13
44 14
45 18
46 3
47 5
48 3
49 3
50 14
30
1 1 311
2 13 28
3 5 18
4 12 17
5 19 16
6 8 22
7 9 16
8 6 28
9 20 21
10 3 27
11 17 12
12 9 29
13 4 30
14 11 24
15 18 21
16 15 17
17 7 12
18 17 19
19 3 12
20 1 27
21 2 15
22 2 28
23 3 24
24 20 14
25 9 12
26 6 26
27 17 20
28 16 21
29 2 11
30 15 20
7
20 23
23 25
24 27
1 29
26 29
27 29
28 29
9
19 23
21 23
22 23
23 24
23 26
23 27
23 28
23 29
25 29
