968
1 457 18 39 28 44 7 10 30 19 39 37 12 50 32 27 9 13 45 49 26 34 38 2 21 16 40 15 22 42 17 31 6 41 46 23 36 47 48 24 35 5 25
2 85 13 30 20 6 42 49 46 43 3 39 10 9 13 21 34 38 17 7 40 23 29 18 35 28 14 47 31 5 22 11 27 19
3 478 5 37 24 6 8 43 46 17 34 4 23 19 2 7 22 9 5 11 38 10 47 37 3 28 18 27 44 48 13 49 25 26 45 29 41 42 16 32 12
4 508 16 26 42 9 19 36 27 24 46 7 23 1 21 26 25 31 4 28 38 12 14 47 18 11 16 49 20 6
5 125 18 13 12 43 22 35 7 9 40 4 13 50 15 37 26
6 169 17 27 10 14 39 29 23 5 46 11 43 2 32 18 3 40 7 33 15 49 31 25 34 20 38 26 48 13 35
7 71 7 28 38 22 30 15 20 32 12 48 50 28 46 40 24 14 45 5 49 8 26 25 19 1 27 34 33 21 44 41
8 375 13 13 48 25 28 15 16 40 45 2 42 14 19 7 44
9 180 5 20 20 10 9 49 18 15 48 14 29 28 50 27 16 47 5 34 30 13 1 35
10 527 10 13 30 8 23 9 41 14 11 26 37 29 1 10 33
11 595 12 36 27 26 48 5 38 39 7 6 17 21 43 49 45 30 36 9 34 19 2 46 13 15 41 18 31 10 1 20 25 44 37 4 40 33 35 11
12 471 6 50 22 10 38 27 3 2 14 46 4 37 6 21 43 42 9 17 7 31 29 45 26 12 28 39 25 8 40 18 34 13 41 36 23 11 48 15 20 44 30 1 50 49 47 19 24 5 33 32 16 35
13 70 13 14 23 24 32 49 14 31 13 42 21 7 48 40 30 11
14 309 9 15 40 20 21 22 36 47 15 30 5 25 19 28 16 27 4
15 339 1 10 23 21 3 32 20 27 43 14 33 4
16 197 2 7 5 4 26 43 15 29 45
17 200 18 20 29 23 35 2 21 33 46 40 8 16 10 17 11 20 44 32 3 18 41 39
18 494 5 5 15 32 17 1 25
19 356 10 6 35 44 17 45 9 34
20 284 8 20 19 48 14 35 41 42 40 23 31 49 37 1 50 27 26 28 32 9 43 21
21 185 15 4 4 6 48 26
22 288 5 17 14 43 42 26 12 19 28 25 47 2 32 33 1 16 7 27 10
23 203 17 40 28 33 26 46 29 3 13 39 47 21 17 20 27 42 50 49 10 9 30 2 4 48 19 40 1 38 15 45 31 41 14 32 6 35 44 37 34 24 16 18
24 82 9 40 14 25 27 38 35 5 3 34 41 44 24 2 16 23 18 28 42 36 9 29 11 8 45 39 13 48 31 46 50 10 21 47 1 30 7 26 49 40 43 22
25 92 6 17 31 28 24 1 37 20 6 49 12 50 27 16 9 42 45 17 48
26 114 12 8 41 6 25 33 8 11 19 5
27 326 6 46 29 19 22 20 11 7 44 16 49 35 21 17 32 18 45 40 47 38 12 9 3 50 13 26 8 36 28 24 41 23 1 15 5 10 2 33 42 25 30 27 48 43 39 34 6 46
28 94 18 21 30 42 4 39 23 14 19 45 20 7 9 49 32 46 22 48 2 11 6 33 25
29 315 3 24 3 33 31 2 22 24 4 10 15 38 45 34 49 17 36 41 8 1 5 44 43 11 50 16
30 310 18 45 11 26 8 35 13 22 24 2 18 1 20 46 6 44 41 23 21 42 27 49 32 3 48 33 12 17 14 50 43 38 29 34 16 5 7 39 9 28 36 31 30 15 25 40 37
31 540 12 43 23 31 46 12 41 6 32 28 43 20 16 36 47 34 8 22 21 18 35 3 40 2 17 15 42 27 9 10 11 48 7 13 19 37 4 33 25 39 50 45 44 24 29
32 73 17 14 22 17 31 37 8 26 45 2 14 6 44 3 36 15
33 310 1 23 35 41 40 7 33 2 21 12 37 15 9 31 29 23 1 22 24 25 20 27 26 28 30
34 544 18 22 33 41 2 12 10 31 8 35 38 18 49 15 25 14 39 11 3 42 23 19 16 47
35 20 11 27 4 38 11 6 19 8 40 49 39 14 10 7 43 50 46 30 48 45 12 33 23 13 37 17 35 36 16
36 112 5 28 31 7 22 50 12 34 37 47 38 14 25 18 11 26 24 44 36 5 4 9 35 17 21 46 28 2 16 29
37 156 3 40 50 10 8 15 23 48 14 31 9 3 24 29 47 44 37 19 17 46 21 22 12 28 39 40 5 13 16 36 32 26 34 41 4 2 7 45 30 1 43 35
38 537 4 13 10 19 29 33 12 16 48 5 49 11 50 3 36
39 415 4 7 7 18 34 21 24 46 28
40 589 0 11 40 3 11 41 13 8 23 17 6 1 45
41 372 11 35 4 45 44 17 34 49 32 46 22 23 11 48 33 5 7 29 37 14 38 13 41 27 28 42 40 16 30 26 9 12 18 39 20 36 2
42 71 9 10 43 31 28 33 11 9 34 50 18 10
43 333 13 32 42 30 15 22 40 9 7 34 24 35 41 37 48 19 31 4 50 33 13 47 45 36 49 44 18 1 23 20 28 17 43 8
44 214 15 47 49 20 33 17 31 13 43 28 29 22 34 30 21 23 40 2 3 38 35 44 46 45 27 42 6 37 50 25 26 36 32 11 15 10 14 4 9 5 8 41 24 1 48 39 12 18 7
45 116 6 36 44 37 42 20 33 1 4 22 5 27 31 16 40 8 18 28 23 12 17 32 48 25 36 11 50 6 26 35 30 15 21 47 41 24 9 14
46 415 10 1 42
47 467 7 43 7 1 24 3 30 2 21 10 22 40 37 27 8 18 12 11 48 5 14 34 47 17 13 29 41 31 6 20 36 39 23 19 46 35 42 45 15 50 9 26 44 16 32
48 410 7 38 8 35 5 39 40 18 10 37 50 11 48 25 21 9 16 28 36 45 23 2 41 19 15 14 43 34 44 20 49 13 6 27 38 17 24 32 22 4
49 347 3 2 5 35
50 125 6 40 19 43 22 49 42 29 12 5 50 46 18 44 10 16 38 27 8 39 31 24 17 48 40 3 45 28 23 32 14 2 41 34 11 30 26 9 25 20 47 15
51 187 1 23 30 25 4 45 21 35 29 5 7 19 11 47 23 36 24 18 14 13 49 15 9 50 28
52 167 16 29 32 24 35 41 34 42 40 28 46 7 9 49 29 33 31 6 8 44 11 26 20 14 39 15 1 43 50 10 22
53 440 4 7 47 10 28 43 15 45 16
54 43 16 46 14 35 31 47 48 22 13 27 17 4 32 15 25 39 45 30 38 3 20 37 6 1 5 11 10 24 43 34 44 23 8 19 49 29 28 21 12 36 41 2 7 46 40 33 50 18
55 227 2 23 43 1 26 41 25 11 40 15 16 31 8 48 10 13 39 50 20 12 47 28 37 36 22
56 501 2 19 48 15 22 9 29 44 10 11 42 8 43 37 14 17 49 47 16 28 35
57 103 2 34 44 38 29 5 21 18 2 39 17 6 23 42 48 13 45 19 27 8 4 14 11 40 32 28 20 47 26 34 33 3 10 49 41 15
58 188 1 27 8 30 44 15 45 41 9 48 34 14 31 23 1 36 29 27 12 3 13 7 6 21 2 5 28 49 42
59 245 6 29 45 14 43 37 2 41 11 22 33 27 44 9 4 35 1 3 32 7 17 42 26 28 47 48 29 18 34 19 12
60 136 17 14 37 41 15 50 8 22 34 31 49 36 46 6 3 33
61 572 1 11 19 35 45 43 16 2 18 30 42 44 9
62 246 20 4 9 20 32 27
63 136 7 39 46 7 3 16 17 6 38 49 18 14 23 21 13 27 35 28 15 40 39 25 22 12 11 44 41 4 33 47 29 34 37 36 19 45 20 24 10 1 5
64 354 20 15 36 14 4 15 25 13 1 40 35 43 9 39 2 38 49
65 499 5 6 21 46 10 31 6 13
66 305 9 27 30 11 28 10 36 17 49 25 31 2 19 38 43 32 1 37 24 5 14 7 26 29 47 22 12 34 20
67 484 16 41 37 50 24 18 11 3 22 44 2 13 14 33 31 41 43 16 17 39 34 26 38 47 4 19 30 40 48 7 32 5 49 46 1 28 8 23 42 27 25 9 15
68 241 8 8 44 20 21 28 45 46 40 17
69 561 9 7 6 2 39 29 33 34 15
70 35 2 37 41 30 18 1 32 2 21 48 9 46 35 42 16 26 50 49 22 23 12 39 19 11 28 34 29 31 40 4 43 10 15 36 44 17 14 47 3
71 161 5 36 8 9 48 18 7 49 41 16 13 25 3 33 38 43 32 46 12 28 37 31 14 10 20 42 30 6 11 5 19 47 1 26 40 45 39 50
72 117 11 22 44 30 31 10 34 23 19 18 12 3 39 26 17 8 5 20 35 48 50 40 2 46
73 497 15 21 3 42 6 32 38 34 48 15 45 9 8 17 27 41 21 40 2 46 43 7 18
74 12 16 11 41 33 43 24 28 34 44 50 5 1 29
75 360 18 31 37 19 3 7 50 1 23 13 10 49 36 33 15 26 11 44 38 5 48 35 47 22 17 9 16 8 6 24 2 25 12
76 289 12 42 19 15 11 25 32 23 12 33 31 22 41 39 2 1 35 6 3 27 37 29 34 17 9 20 50 42 14 44 49 45 10 21 36 7 26 4 47 43 30 8 18 5
77 432 18 31 41 42 48 40 35 10 2 5 18 47 23 30 20 4 13 14 32 17 25 37 39 33 36 21 28 3 9 46 27 7 38
78 366 17 4 39 44 48 40
79 431 16 23 39 20 5 27 2 17 9 22 1 33 18 37 19 50 14 45 48 11 36 15 49 35 40
80 335 8 23 18 14 23 39 31 50 7 4 17 26 43 37 20 1 15 34 5 12 13 10 30 9 33
81 159 4 37 22 10 18 38 32 16 44 3 46 50 26 28 4 31 40 47 35 34 33 42 48 45 14 27 39 5 30 1 24 43 49 15 41 11 6 37 9
82 521 15 4 50 37 14 43
83 531 0 19 27 25 41 7 23 22 12 14 18 8 28 49 37 19 5 16 45 44 4
84 422 7 12 1 13 20 24 39 4 48 19 40 44 7 49
85 215 5 48 5 26 28 38 48 8 15 50 24 34 44 31 29 39 13 46 21 3 1 17 45 41 12 49 35 30 2 33 7 25 23 19 6 37 11 22 40 18 20 43 47 9 32 10 16 42 14 36
86 532 17 16 18 2 15 21 11 41 47 37 17 5 3 38 26 16 32 6
87 34 19 49 43 44 11 5 41 9 49 26 23 20 30 2 13 14 27 37 39 32 22 38 18 34 31 12 17 36 15 47 10 6 33 3 48 50 1 16 29 24 45 28 4 35 8 46 42 19 40 7 21
88 414 8 35 1 32 28 23 22 42 26 7 35 37 47 31 45 3 25 14 20 24 9 38 12 48 4 13 43 36 49 5 21 16 30 39 40 44 6
89 294 1 48 28 1 30 29 22 25 41 5 32 26 38 23 49 21 17 34 11 33 37 16 40 24 14 43 3 50 18 44 2 36 27 35 31 7 4 15 20 8 19 6 39 47 48 42 13 10 46 9
90 573 17 24 23 48 27 34 12 47 21 7 25 46 6 8 39 29 44 30 32 42 50 35 22 16 19 45
91 95 13 38 39 36 12 43 40 41 29 9 34 33 24 31 5 42 49 37 47 10 32 38 28 26 45 46 20 22 1 25 35 18 30 48 14 44 13 3 8 11
92 447 4 49 7 21 17 28 31 10 8 13 12 9 40 38 26 5 36 14 27 15 1 42 37 29 2 43 47 19 34 11 35 23 25 16 48 30 22 32 24 20 18 3 39 41 46 49 6 44 50 4 33
93 177 3 31 11 13 25 45 36 41 9 17 2 20 49 43 42 33 21 39 6 34 28 16 27 38 31 1 4 46 14 50 26 40 15
94 502 12 29 2 39 43 6 20 18 36 13 23 33 16 8 31 22 32 27 14 35 4 28 47 26 9 15 10 12 30 41 42
95 286 13 2 7 23
96 127 10 6 42 16 22 4 47 39
97 20 9 46 33 13 38 50 25 45 4 48 24 40 43 6 42 36 34 3 39 2 41 30 10 7 32 19 9 35 28 12 16 47 1 23 22 26 11 14 5 17 18 29 46 21 20 37 8 49
98 542 11 6 13 12 40 8 30 29
99 252 11 48 10 33 4 32 3 1 26 24 14 34 29 37 17 16 48 43 42 38 31 30 47 15 39 35 25 45 6 44 19 9 12 36 49 20 8 40 23 13 41 7 27 5 46 21 50 2 18 28
100 308 16 2 19 13
101 74 0 29 41 8 20 30 9 4 47 26 17 25 13 1 22 23 43 40 35 15 29 12 7 28 5 31 37 10 3 16 24
102 52 19 47 49 47 21 34 24 20 31 48 8 46 29 13 23 3 37 7 45 36 25 42 43 5 30 2 35 18 33 15 41 16 17 14 10 50 38 28 9 4 19 32 12 6 11 26 44 22 27
103 540 10 41 47 42 5 2 12 34 3 44 43 26 41 31 20 8 11 38 16 49 13 18 23 14 15 50 30 40 9 32 25 7 21 10 39 17 24 4 19 6 29 28 27
104 275 7 24 48 4 7 31 25 39 20 1 36 21 40 41 33 47 16 19 18 30 13 26 44 2 27 23
105 150 11 17 33 11 46 2 15 44 31 9 35 7 16 38 19 43 6 10 22
106 396 8 21 35 39 2 47 12 22 10 32 45 1 15 29 5 24 26 13 36 18 25 40 44
107 289 17 32 34 27 46 40 28 38 31 42 47 15 29 44 22 3 49 50 11 8 14 43 1 16 33 7 41 2 30 19 32 10 48 21
108 474 20 47 9 26 13 31 40 42 2 46 35 1 32 11 30 19 47 45 5 10 18 36 17 37 8 28 50 25 7 27 24 34 21 20 33 4 14 44 6 29 16 49 41 39 38 48 12 15 23
109 95 18 48 10 41 25 34 46 28 39 1 40 11 15 49 4 27 12 7 13 30 16 44 43 24 20 26 45 38 21 3 18 36 31 32 42 33 47 2 6 37 29 22 35 8 9 23 19 17 50 48
110 281 0 48 10 32 40 42 11 17 16 47 41 33 49 8 5 2 29 25 3 39 27 15 48 50 35 21 1 6 37 22 34 9 4 12 13 46 31 7 23 28 24 45 19 18 38 44 14 20 36 43
111 232 4 5 40 50 7 49 34
112 530 0 18 47 4 7 13 25 8 43 24 9 22 2 37 30 20 11 23 34 48
113 44 13 11 41 42 35 27 45 34 10 6 12 24 19
114 183 9 39 22 25 16 42 32 50 5 20 28 15 45 3 48 24 14 49 44 11 7 23 13 18 31 9 43 41 1 38 40 19 6 26 29 4 10 35 21 37 2
115 352 4 14 7 32 50 49 41 44 48 31 17 21 46 45 19 33
116 154 20 20 39 34 3 8 32 42 12 18 29 31 38 20 10 7 11 6 22 28 21 4
117 152 3 8 26 8 37 31 18 48 28 25
118 582 12 26 36 50 6 38 40 17 30 28 27 26 15 32 33 45 14 11 37 24 5 19 48 10 21 22 29 18
119 299 20 29 45 4 31 1 13 25 24 2 33 27 15 43 9 40 28 29 41 26 8 18 3 47 42 49 34 35 32 38 7
120 520 20 34 3 21 33 18 45 26 38 17 2 23 32 28 15 34 10 6 37 27 30 44 24 41 47 35 25 5 19 11 36 7 16 8 39 1
121 357 0 13 9 1 27 46 43 6 22 38 41 15 32 26 44
122 470 1 40 22 34 42 15 47 31 9 23 30 46 17 12 8 27 11 36 40 41 16 5 39 28 49 19 45 43 6 38 37 24 25 44 50 32 4 26 48 1 3 21
123 324 4 33 42 24 48 39 35 21 37 47 25 46 45 4 20 5 12 43 29 32 11 13 28 15 1 38 18 23 22 16 2 50 6 44 31
124 67 7 49 23 3 8 48 35 24 11 29 14 10 22 40 46 13 20 50 32 17 25 43 16 44 42 6 19 33 5 21 2 37 18 36 30 9 4 45 7 27 15 49 31 12 28 26 41 39 38 47 1
125 305 16 21 28 27 46 45 15 31 4 37 36 13 3 32 35 7 9 44 41 17 34 26 23
126 486 14 17 5 28 45 6 16 24 37 35 11 29 10 21 49 47 18 27 15
127 335 13 28 45 28 40 31 10 29 32 35 2 11 16 6 14 26 1 30 38 49 33 34 41 25 19 36 23 43 18 15
128 275 0 39 28 46 49 8 39 45 18 5 22 47 4 48 9 2 27 42 3 38 29 20 17 19 43 36 23 14 7 26 1 41 33 24 13 37 32 15 10 34 21
129 574 5 49 27 6 21 2 24 15 13 47 28 26 50 1 16 23 40 30 46 33 43 22 29 8 49 4 36 11 42 39 45 25 31 20 34 44 35 41 3 9 12 10 38 7 18 37 48 14 5 19 17
130 496 12 5 15 2 45 49 42
131 324 1 14 9 25 4 36 40 5 42 16 48 32 6 26 30 24
132 100 5 42 13 36 22 18 16 17 30 39 28 7 4 41 11 24 31 32 20 37 3 34 29 14 19 2 27 15 49 12 50 40 38 26 5 47 43 6 46 1 45 9 44 48
133 188 19 2 32 22
134 196 11 1 16
135 95 17 23 39 3 5 18 40 21 17 10 23 46 49 19 41 12 45 9 28 20 11 34 4 2 29
136 54 15 14 2 30 31 29 14 49 43 47 12 11 42 20 28 4
137 467 20 3 23 4 10
138 153 16 20 25 31 1 24 20 3 2 42 32 17 11 10 4 43 44 41 22 15 8 45
139 274 1 44 42 43 33 25 28 4 46 41 1 5 15 23 24 48 16 19 50 7 36 45 22 38 14 18 37 31 47 21 49 17 30 13 40 29 39 2 27 20 11 32 3 10 12 26
140 58 12 25 39 15 42 19 48 18 29 31 2 6 36 24 28 47 26 34 23 46 43 35 21 38 3 8 40
141 152 20 24 27 42 13 18 19 4 40 7 11 8 29 25 38 39 41 10 49 22 9 28 35 1 16 30
142 341 8 3 27 5 2
143 102 17 8 26 12 38 32 17 18 43 14
144 33 6 9 14 38 17 1 15 11 19 23 3
145 594 3 32 16 30 35 5 34 10 26 29 48 43 46 18 41 38 42 36 15 28 50 4 23 9 45 49 44 17 31 24 37 14 13 19
146 385 4 37 24 49 26 2 44 29 10 34 9 27 46 12 48 31 38 3 14 15 11 20 33 17 23 47 8 42 16 21 43 13 7 19 32 22 35 5 37
147 49 5 25 23 19 29 39 50 25 1 46 37 21 33 28 18 42 24 38 27 36 49 35 4 3 47 11 43
148 191 10 46 31 21 48 42 7 15 39 11 26 36 37 10 34 43 47 46 29 19 33 3 2 13 49 14 5 16 22 4 1 45 40 9 23 6 17 35 8 32 25 20 12 24 28 44 38 30
149 230 1 17 16 19 5 8 7 34 35 44 40 39 1 26 24 32 42 37 43
150 405 12 42 23 19 33 14 41 8 3 12 9 45 46 25 27 48 22 31 36 6 35 13 40 15 26 29 49 43 42 20 17 44 32 24 1 28 47 50 16 38 10 21 4 18
151 379 10 45 50 27 37 22 6 48 38 42 45 7 32 17 23 21 26 12 19 13 15 29 44 4 39 47 31 24 46 41 40 18 36 20 5 10 25 16 28 1 14 43 3 35 8 30 11
152 443 9 21 1 16 11 40 25 48 37 14 47 35 8 24 19 9 32 7 45 31 38 49 12
153 141 17 48 46 13 40 42 4 21 50 8 2 34 3 32 36 20 17 18 9 38 47 26 41 29 19 25 49 23 24 39 16 12 27 48 1 15 33 45 22 30 7 31 10 6 37 44 35 28 43 11
154 496 11 48 40 19 41 6 18 4 25 33 32 14 13 43 7 8 12 34 24 16 11 45 46 35 49 36 38 39 31 30 20 17 2 5 37 44 10 42 22 27 1 48 50 21 3 29 9 26 47 28
155 499 8 4 12 4 3 40
156 162 20 32 47 33 3 25 20 12 21 9 1 28 27 48 49 50 46 39 2 10 26 13 22 37 44 5 18 34 6 14 31 11 41 16
157 248 19 4 1 13 34 23
158 116 4 11 14 26 19 36 11 4 16 37 44 15 46
159 526 10 40 4 28 23 2 42 13 20 44 49 26 18 3 21 27 12 43 16 37 19 36 31 41 46 6 5 33 40 34 45 22 24 14 9 7 15 47 1 30 17 50
160 140 4 22 16 35 2 32 29 38 11 40 18 23 8 45 1 10 47 37 13 27 25 34 50 4
161 250 7 32 41 29 34 21 48 18 13 30 6 22 15 49 28 12 4 31 47 23 35 24 3 39 26 7 36 8 33 38 40 37 42 44
162 191 10 17 19 37 15 30 28 33 6 38 21 14 32 27 41 7 36 46 23
163 186 17 44 28 29 32 6 43 22 9 16 14 38 27 12 7 13 1 15 39 36 18 42 46 2 40 48 31 19 3 5 41 26 44 35 10 30 21 45 24 17 33 4 25 20 50 23
164 281 2 15 5 48 20 19 38 29 18 22 17 39 14 32 44 27 2
165 212 17 9 50 29 10 13 48 39 47 8 49
166 254 12 38 33 27 47 50 30 29 17 45 3 1 31 21 9 26 32 18 5 42 16 48 43 19 23 40 41 22 44 13 46 6 8 25 15 12 38 11 28 7
167 137 8 29 5 13 50 27 4 37 24 43 15 17 31 25 30 3 48 1 35 28 42 18 7 29 9 2 16 33 38 8 40
168 69 8 38 31 50 29 12 5 45 9 28 17 22 33 44 47 35 40 2 13 4 27 36 16 1 18 46 6 8 14 32 21 48 42 38 3 26 23 37 19 39
169 140 5 47 38 12 45 31 41 14 5 25 23 2 33 8 22 46 40 30 39 11 16 10 27 50 44 7 47 21 43 29 35 4 15 19 13 6 37 26 49 42 32 20 34 24 17 48 36 18 1
170 191 15 21 26 22 12 6 23 34 15 18 4 35 17 28 33 27 1 37 8 7 25 50 46
171 113 11 14 2 29 31 6 5 30 28 32 47 40 26 15 37 27
172 199 13 50 24 14 5 40 12 2 30 9 49 41 32 3 26 22 46 48 39 10 18 7 6 31 19 20 4 37 43 11 35 8 38 27 1 42 29 28 34 45 13 21 16 23 44 36 50 25 47 33 17 15
173 332 15 33 1 26 31 22 38 16 44 30 50 10 49 35 43 25 20 6 3 11 17 41 42 21 40 4 19 46 29 36 34 18 5 47 37
174 193 11 38 27 48 33 22 14 29 38 21 2 7 9 42 19 13 24 4 49 3 25 18 39 10 37 36 30 20 43 15 34 28 6 17 35 12 45 50 47 11
175 281 11 31 42 4 6 28 16 29 18 37 15 45 38 41 12 35 3 24 7 32 34 19 46 36 17 27 8 33 2 44 20 14 13
176 497 15 16 40 4 26 31 45 41 17 13 3 29 27 47 16 10 46 48
177 480 13 4 38 8 39 48
178 586 20 20 33 41 48 25 15 16 46 17 26 6 29 28 30 4 38 20 14 21 3 19
179 315 3 5 31 9 21 49 11
180 218 8 48 11 28 49 25 9 5 45 35 2 41 23 3 15 42 16 4 22 13 21 24 36 32 27 7 8 43 44 39 30 10 33 20 14 12 17 40 18 38 37 19 47 46 31 1 26 34 50 29
181 73 12 24 33 31 42 6 48 32 5 24 20 34 11 28 3 4 12 49 41 38 1 17 47 35 27 43
182 553 20 34 43 31 13 19 29 5 3 9 33 39 15 30 25 22 12 11 50 18 48 8 2 20 27 35 17 49 23 42 32 44 45 46 7 28
183 90 6 6 20 36 5 25 7 8
184 458 9 4 34 38 20 29
185 259 5 7 23 16 28 39 38 31 1
186 281 0 14 27 28 49 17 36 39 15 12 1 37 41 44 3 24
187 532 11 41 47 44 25 37 7 49 11 29 39 21 15 40 38 45 27 14 1 6 46 18 50 3 4 9 26 43 12 33 28 24 42 20 2 17 10 30 19 16 22 35 48
188 209 0 34 47 18 24 11 9 22 42 36 38 44 20 43 7 46 15 32 1 27 28 29 5 16 6 14 45 35 49 8 12 19 48 31 37 41
189 308 3 32 12 26 4 8 3 35 16 13 49 50 39 47 9 1 41 48 29 38 21 46 42 36 30 23 43 22 6 28 14 25 45 19
190 53 6 40 21 38 25 42 41 12 37 24 39 23 27 26 43 16 44 32 28 8 50 47 48 2 40 19 11 20 10 30 14 46 6 4 31 33 13 34 29 17 3 7
191 428 12 4 41 14 15 46
192 470 0 4 34 43 9 16
193 253 9 42 41 20 1 49 29 16 40 6 33 5 7 31 36 43 18 35 38 46 8 21 26 9 19 15 45 34 50 47 42 4 48 11 37 12 2 17 24 32 10 23 13 30
194 426 8 48 6 15 34 9 21 48 37 22 32 19 3 24 2 20 46 29 45 13 44 42 40 23 35 47 14 49 12 38 26 18 28 27 39 33 36 25 17 10 30 16 8 5 50 41 11 4 31 7
195 540 9 17 31 6 28 27 36 12 4 10 19 40 8 43 41 32 48 47 21
196 42 20 41 7 29 33 3 5 8 26 41 17 24 27 16 22 14 18 46 32 20 50 49 30 44 9 34 1 12 23 25 35 43 15 10 11 48 2 4 21 37 39 47 6
197 216 6 41 32 11 36 7 41 18 46 6 2 5 9 39 47 14 26 31 21 29 4 17 40 8 38 43 35 45 24 37 16 20 25 13 42 12 3 50 22 23 44 30 34
198 114 0 5 2 13 19 8 42
199 538 3 4 15 26 33 30
200 113 17 13 3 44 4 2 20 47 30 40 49 42 21 35 39
201 197 13 36 34 11 23 35 32 50 42 14 48 7 46 6 17 36 15 20 4 40 30 1 19 21 29 24 9 28 12 45 10 31 39 8 33 18 3 27
202 519 2 47 3 24 9 5 46 26 8 43 12 17 47 6 14 1 45 30 42 40 33 31 4 10 37 27 15 32 21 13 22 39 16 50 20 11 35 23 29 41 25 44 34 19 49 36 28 18 38
203 310 6 10 47 34 26 21 3 41 7 22 32 5
204 583 20 50 50 48 13 36 17 10 21 14 46 33 38 7 22 15 11 24 5 32 18 16 3 2 39 8 31 12 19 42 37 1 49 45 41 25 29 23 40 43 9 4 27 28 30 20 26 34 44 35 6 47
205 418 0 50 41 48 7 14 42 47 43 8 2 25 16 13 50 27 20 26 45 40 5 37 19 3 17 23 44 36 29 30 11 24 12 1 18 31 28 34 9 6 46 33 32 4 35 10 22 15 38 49 21 39
206 487 1 24 35 10 49 41 1 19 46 43 11 26 45 17 34 21 20 25 12 22 27 7 15 4 13 33
207 171 5 20 29 44 17 3 15 21 12 28 47 4 5 43 32 20 34 30 22 8 46 31
208 505 12 36 19 6 49 1 4 27 33 2 9 39 32 48 14 28 16 50 11 25 17 7 23 31 13 18 24 20 38 15 36 45 46 43 37 5 34 42
209 596 19 36 7 35 20 31 44 10 4 19 42 41 30 34 40 1 5 28 22 23 43 46 12 18 21 38 25 3 32 45 37 36 39 29 27 48 8 13
210 139 12 26 8 40 18 38 1 25 29 47 26 27 21 50 7 42 11 36 2 49 24 34 13 22 23 45 6 15
211 54 15 37 42 6 19 20 21 13 9 45 36 11 32 10 50 35 15 34 5 26 8 4 33 3 24 27 2 14 49 37 46 18 12 40 16 43 48 23 29
212 255 20 50 22 11 30 48 37 33 35 46 21 3 2 9 20 29 5 49 7 12 43 24 26 25 16 32 17 38 40 19 31 6 27 45 28 44 4 13 39 1 10 41 18 8 50 36 15 34 47 23 14 42
213 473 13 35 11 41 5 40 26 8 19 13 38 36 30 50 16 1 44 43 24 49 17 23 10 33 22 31 47 27 42 7 2 6 35 21 46 14 48
214 390 8 34 40 34 47 29 17 35 13 19 7 39 46 27 28 15 22 26 37 42 48 36 31 20 23 24 45 25 14 16 12 6 33 43 8 50
215 363 8 50 15 50 47 20 27 22 13 5 12 46 26 39 3 44 7 2 9 49 10 37 14 43 33 16 21 38 29 1 11 30 4 32 28 18 41 36 6 31 8 24 48 45 19 42 25 23 17 34 35 40
216 267 11 36 7 15 4 8 45 13 27 2 34 6 31 43 28 23 19 5 20 24 14 16 42 10 50 29 9 39 26 48 32 1 41 46 11 33 18 38
217 400 6 5 30 40 11 15 32
218 385 1 6 41 5 42 17 32 18
219 515 10 18 6 32 28 50 33 35 10 43 39 4 40 17 48 46 7 41 21 44
220 266 0 7 28 34 1 46 42 11 26
221 64 16 9 29 45 21 2 15 23 8 31 27
222 540 19 42 38 6 35 27 16 30 44 40 23 31 48 8 9 11 49 26 1 19 17 3 34 10 33 22 43 2 39 20 24 29 28 18 21 50 42 41 5 36 13 46 14 7
223 203 15 43 24 18 20 36 26 40 27 35 47 22 45 41 39 17 6 2 23 3 30 31 43 48 15 9 14 13 11 5 19 49 4 34 44 29 16 33 21 8 10 37 1 38 32
224 575 0 40 14 25 17 5 49 35 1 30 7 36 44 48 26 12 42 6 21 16 45 11 34 13 2 24 50 43 28 47 27 29 15 19 38 37 40 9 41 46 33 8
225 30 2 27 42 23 7 9 12 21 28 35 14 10 33 15 19 6 37 25 41 2 38 11 8 20 24 40 50 31 5
226 451 18 8 42 1 22 16 33 38 24 7
227 277 5 16 26 16 24 45 30 27 23 29 43 32 2 12 17 28 6 15
228 453 4 23 27 31 35 38 36 43 50 3 42 13 33 24 44 40 46 4 47 2 30 18 16 22 23
229 416 8 8 45 2 23 13 3 44 11 4
230 428 10 44 9 3 34 6 40 17 27 24 20 33 11 44 4 23 13 14 28 22 37 38 46 45 10 26 48 49 50 29 35 41 18 16 2 1 30 31 8 5 7 32 21 39 43 15
231 12 11 25 38 7 34 50 30 41 23 10 2 48 6 5 3 12 14 20 36 26 11 29 22 43 31 19 8
232 269 0 11 47 19 10 42 25 18 39 33 13 15 6
233 129 4 9 33 42 25 27 8 12 7 47 13
234 481 5 48 1 50 23 24 16 13 47 8 49 17 21 36 42 6 5 48 15 4 9 40 20 12 29 11 14 2 41 38 31 35 39 26 22 25 10 34 30 44 43 27 19 28 3 37 32 18 45 46
235 532 1 8 15 37 43 40 42 38 10 11
236 137 10 21 45 41 5 21 37 25 24 39 18 22 32 30 33 2 7 28 23 46 4 49 11
237 83 13 40 39 6 9 44 42 15 34 26 5 8 37 27 49 10 17 21 4 31 3 18 12 16 25 14 32 22 40 45 1 30 19 11 43 36 46 38 24 33 28 20
238 244 18 11 50 18 26 4 17 48 42 34 46 14 33
239 413 5 13 4 7 33 18 13 34 46 50 27 12 11 26 23
240 83 4 10 24 37 45 34 28 26 49 10 43 2
241 347 12 21 36 33 18 30 29 50 27 14 43 45 46 6 15 21 13 7 48 4 22 32 44
242 46 16 34 14 43 24 35 48 13 4 8 29 18 38 47 3 39 17 21 45 37 22 23 11 49 27 36 12 34 44 20 5 42 9 28 50 6
243 359 9 1 36
244 91 9 29 39 5 46 12 15 18 36 47 49 45 19 44 33 27 13 35 37 3 9 48 22 20 11 32 34 6 38 23 31
245 138 12 44 19 45 47 3 14 26 8 27 46 9 44 48 20 39 18 22 33 21 41 1 13 10 37 23 30 36 42 16 17 43 40 5 4 31 34 12 2 24 15 25 35 28 7 49
246 330 16 38 47 24 6 17 44 18 25 9 21 13 3 7 41 32 42 12 40 35 1 19 49 36 8 37 50 23 31 26 33 11 46 34 15 27 48 10 28 30
247 485 9 20 38 39 45 8 4 31 6 25 37 44 33 9 46 49 32 1 28 3 14 17
248 451 2 48 39 8 43 34 11 47 42 14 5 7 13 50 4 26 15 28 37 6 36 12 1 31 48 49 45 35 32 46 20 40 22 19 16 30 29 27 9 25 18 17 24 44 41 23 21 10 2 3
249 522 20 33 5 33 49 16 48 35 11 12 19 41 42 30 9 23 1 21 32 39 31 13 15 40 34 10 7 25 18 36 4 17 6 47 38
250 194 11 34 39 23 17 42 15 1 49 46 4 45 44 8 33 13 7 29 35 2 47 16 25 34 6 27 5 24 12 19 48 20 41 22 18 32
251 235 16 13 46 11 43 49 3 20 22 7 24 1 2 32 9
252 216 14 50 50 16 5 37 22 44 48 3 9 12 13 38 2 49 35 25 27 30 26 15 45 43 17 31 33 47 10 1 11 20 39 32 28 41 40 23 21 14 24 19 18 46 42 34 36 7 4 29 8 6
253 267 14 34 28 38 18 48 47 30 15 29 33 24 10 34 40 14 20 32 44 25 43 12 50 37 22 9 23 49 11 3 7 21 1 2 46 19
254 528 14 24 28 17 20 11 49 34 50 26 27 45 10 6 1 42 3 35 14 23 46 43 2 29 32 48
255 596 9 3 21 6 8
256 145 2 40 24 39 22 19 36 48 31 21 9 3 6 34 4 17 8 35 26 42 50 5 44 38 7 33 15 14 49 47 27 20 30 12 46 40 29 43 10 13 11 2
257 107 17 36 15 9 22 28 2 36 16 39 38 13 14 1 24 12 26 33 49 21 43 19 17 10 23 29 3 7 45 50 32 11 48 4 25 44 5 46
258 138 11 28 10 29 37 50 28 33 47 38 30 26 16 20 42 48 40 13 25 32 6 5 43 19 46 36 21 24 9 23
259 84 13 38 33 19 44 30 13 11 9 16 22 40 25 24 18 27 36 26 8 15 45 21 49 4 46 6 47 23 14 32 12 42 41 5 37 3 7 10 38 34
260 554 1 50 41 34 47 35 2 28 20 46 22 36 29 32 19 15 10 14 26 48 24 49 27 16 50 42 1 21 4 3 33 17 9 37 44 23 39 5 38 18 25 11 8 31 30 40 7 43 45 12 13 6
261 138 8 25 43 24 29 15 20 21 46 27 48 44 42 37 17 16 50 4 41 12 23 25 26 34 5 36 22
262 251 13 33 33 29 43 36 32 5 18 17 15 10 4 9 27 12 31 50 30 39 22 46 47 42 28 38 41 37 8 34 49 44 45 35 26
263 558 14 15 3 20 34 25 16 47 10 8 15 49 11 18 17 28 38
264 504 13 26 36 23 15 21 38 6 27 49 28 12 47 22 41 3 13 43 25 46 20 14 1 35 45 19 48 5
265 470 15 1 30
266 175 9 3 16 41 13
267 285 18 17 36 34 49 24 5 32 45 11 33 12 9 38 14 6 19 27 41
268 68 15 27 27 37 24 49 8 3 46 41 50 34 30 33 31 40 15 13 11 5 10 23 18 39 38 26 2 42 25
269 284 17 19 22 18 20 35 13 17 21 42 46 24 28 39 29 44 27 23 50 45 15
270 136 15 44 39 43 40 26 27 38 9 21 11 33 12 16 6 18 44 15 35 1 46 24 20 32 2 31 4 45 50 7 42 29 19 30 10 13 8 48 36 49 28 22 17 25 23 5
271 550 14 18 32 16 41 39 23 34 47 17 2 25 26 11 49 15 29 12 44 9
272 522 0 37 14 9 46 12 47 41 23 16 8 18 38 42 10 30 5 44 36 13 3 26 1 15 39 2 28 40 24 49 37 43 34 6 32 11 4 45 25
273 71 19 10 13 28 26 4 42 12 10 17 14 32
274 230 4 36 23 47 32 39 40 45 13 1 37 8 36 35 24 18 49 44 21 15 5 33 17 25 2 26 10 4 6 34 16 50 29 22 38 41 42 27
275 562 1 39 11 14 38 33 20 46 26 28 47 41 27 6 21 5 43 25 13 37 3 10 8 15 18 16 2 29 36 40 49 39 23 42 4 31 22 50 32 35 45
276 10 2 44 23 22 41 36 35 39 26 10 7 16 48 34 4 2 33 1 8 9 13 5 45 6 3 17 40 37 25 15 50 19 21 14 27 46 43 12 38 32 20 47 42 29 11 24
277 499 14 43 43 16 25 5 2 8 45 26 18 22 41 9 17 6 11 32 21 40 13 50 35 14 19 49 12 44 33 42 36 1 20 10 39 4 7 46 3 48 31 34 15 38 30
278 437 13 20 16 42 38 36 19 20 43 29 6 39 17 2 11 8 35 12 14 13 49 10
279 20 3 37 15 34 24 48 18 29 47 45 2 35 49 22 5 11 20 33 14 3 10 7 41 38 46 23 6 44 40 28 36 19 42 1 43 12 31 50 17
280 127 6 24 21 49 40 8 44 5 22 1 33 25 20 46 12 11 23 14 48 4 39 34 19 45 37 43
281 416 2 4 34 19 10 36
282 405 0 3 5 13 17
283 205 18 30 32 30 10 26 16 19 7 50 12 6 20 13 46 42 31 24 15 47 25 23 9 11 45 28 44 21 2 8 1 40
284 324 4 44 48 9 12 37 43 27 33 30 28 16 38 49 47 4 19 23 2 40 42 45 25 35 34 21 20 13 15 26 24 31 14 5 18 36 44 8 32 41 46 29 39 22 7 11
285 568 3 34 25 46 36 14 11 10 30 40 28 12 29 31 50 7 21 8 41 18 49 34 2 42 26 39 16 27 3 44 35 32 22 17 6 13
286 580 1 43 7 45 15 29 50 40 4 43 6 25 30 37 9 39 46 41 27 22 19 20 11 28 3 18 14 33 17 36 10 21 34 26 16 32 5 48 31 1 47 49 44 23 12
287 559 3 21 33 16 43 37 8 10 35 36 42 45 20 31 44 11 14 46 24 49 48 15 21
288 117 15 34 19 39 10 18 27 40 22 35 42 23 24 3 5 33 8 20 49 14 17 41 15 50 1 16 28 7 21 29 43 25 30 6 48 34
289 240 10 50 23 50 11 7 12 37 28 4 5 20 47 38 25 16 9 48 18 46 10 6 41 19 3 15 22 2 42 13 21 36 34 14 8 33 32 40 39 35 1 44 27 26 45 30 43 49 24 17 29 31
290 28 12 27 41 11 4 37 28 38 40 42 39 32 27 45 34 22 7 44 1 17 13 35 30 2 16 19 15 29 10
291 180 14 18 34 7 33 9 32 2 28 21 5 49 1 17 15 26 35 46 25 20
292 370 17 16 41 26 33 27 12 8 20 30 14 5 46 34 6 39 11 50
293 251 4 1 6
294 366 17 36 7 35 8 24 12 19 38 18 50 2 9 25 5 13 20 1 16 37 48 23 44 21 26 42 49 34 28 22 32 43 40 11 30 14 45 10
295 353 17 25 17 3 1 15 2 18 42 41 43 40 35 49 5 30 8 28 21 12 39 26 9 6 13 14 16
296 179 11 15 33 10 37 30 14 12 3 49 32 44 27 13 39 4 7
297 119 7 9 43 30 14 15 3 36 44 40 49
298 426 13 15 8 22 19 48 47 43 30 2 46 42 5 14 23 45 49
299 186 0 35 43 6 39 2 32 11 31 47 24 10 12 1 19 46 5 33 28 26 27 37 20 14 16 22 18 42 15 7 35 45 13 41 34 50 44
300 277 4 19 7 34 21 4 26 49 39 14 43 32 18 12 50 33 31 3 6 9 29
301 331 20 21 26 30 39 31 12 35 21 27 49 2 50 32 6 15 7 3 18 24 5 38 45
302 546 11 20 16 36 31 6 8 11 15 5 48 33 14 9 3 46 17 27 49 19 43 7
303 446 2 16 20 13 11 41 37 48 10 40 26 33 50 14 17 1 25 4
304 265 15 9 6 21 17 5 31 33 36 37 38
305 139 13 38 27 18 13 23 35 9 45 19 6 37 11 26 3 31 29 17 34 47 48 49 1 42 22 4 7 39 38 40 20 28 50 15 25 24 46 44 14 12
306 250 0 28 1 7 48 4 17 25 41 47 12 23 42 46 13 34 40 21 3 26 50 36 19 11 45 27 18 9 49 43
307 380 17 23 15 18 32 29 24 19 50 17 25 45 12 46 33 31 43 38 27 47 39 1 40 10 20
308 280 0 17 2 13 21 39 28 14 40 3 38 42 32 18 31 47 17 20 27
309 314 17 25 36 16 5 30 39 6 22 35 14 48 34 9 17 10 21 45 42 18 24 3 23 27 40 19 11
310 561 11 24 39 43 21 47 7 45 13 24 27 1 29 38 15 19 50 35 6 11 44 42 18 36 8 14
311 423 10 2 20 6
312 454 1 22 30 41 37 16 31 19 45 26 36 33 42 38 10 1 4 44 34 11 8 50 17 13
313 75 7 44 3 40 24 6 14 2 44 12 16 29 50 1 43 18 19 22 5 21 27 39 13 25 42 26 11 10 49 48 41 20 23 35 9 32 34 28 36 7 30 31 37 45 33 38
314 297 5 16 12 13 15 14 24 19 16 34 33 22 25 39 38 50 9 23
315 35 15 38 44 10 39 35 23 47 49 19 50 46 36 43 11 31 13 33 30 15 42 32 25 48 21 8 26 7 18 29 45 38 41 40 6 16 17 2 24 9
316 119 15 14 5 41 11 36 45 1 42 37 18 22 23 7 48 40
317 99 14 30 1 49 27 41 2 21 37 9 31 42 13 20 30 10 19 35 15 11 12 45 6 4 48 46 32 23 34 29 39 22
318 214 15 35 10 3 45 26 43 29 11 28 47 42 22 1 37 32 40 12 49 39 8 19 46 35 50 25 23 13 4 48 9 15 6 34 14 33 17
319 305 5 19 38 12 23 8 47 28 7 13 49 44 10 16 21 4 5 32 50 37 46
320 362 19 7 2 40 5 20 31 33 24
321 461 4 27 20 21 34 4 2 35 25 29 12 39 45 42 1 24 23 28 16 31 30 8 26 48 14 22 36 27 44
322 38 10 45 43 33 46 23 32 49 44 13 39 7 27 8 36 10 47 41 28 26 21 6 37 31 50 12 3 22 2 24 42 40 16 25 38 9 11 35 15 19 45 20 30 4 1 18 34
323 545 15 20 9 44 39 46 24 34 11 4 25 41 19 13 26 18 10 20 7 32 31 38
324 352 17 18 8 1 13 37 16 2 29 15 26 33 9 22 31 32 41 42 50 17
325 401 12 34 28 46 44 22 1 11 18 41 47 36 48 16 40 19 21 24 34 2 33 29 45 17 3 38 27 32 8 9 35 39 20 23 7 25
326 478 17 33 25 1 43 48 27 50 39 26 41 37 17 8 34 36 21 12 30 40 35 9 28 2 20 3 11 5 44 15 16 31 32 29 47
327 580 16 6 19 7 8 3 48 16
328 439 6 40 41 30 6 31 16 27 7 49 39 45 22 13 34 9 28 43 42 4 11 23 46 3 44 1 8 50 18 48 20 25 17 29 26 40 38 12 33 21 15 32
329 568 5 44 18 29 6 16 34 1 4 26 12 35 41 45 38 47 17 9 50 23 5 8 7 33 46 42 20 48 30 21 27 37 31 14 3 10 15 32 11 40 28 22 49 39 44 2
330 444 15 29 44 42 31 36 50 23 28 26 14 34 35 40 12 29 48 39 9 15 3 21 45 13 11 33 8 37 25 24 6
331 293 10 8 50 35 30 40 32 7 2 23
332 514 14 11 39 4 3 27 18 28 34 47 6 23 22
333 58 0 37 25 12 47 29 40 1 45 10 28 13 41 26 42 30 3 27 7 33 8 9 31 19 15 24 23 20 36 49 35 11 48 6 37 5 34 18 4
334 408 16 27 30 20 5 10 39 28 34 40 17 45 44 9 1 49 50 8 3 16 48 15 7 38 12 6 29 31 41
335 48 14 24 37 17 39 44 43 3 14 50 13 24 15 46 38 47 48 22 8 41 49 20 27 32 34 21
336 381 18 13 38 1 8 10 26 16 43 33 39 34 32 21 5
337 343 5 13 18 31 24 25 19 2 14 16 38 13 48 27 8
338 403 0 1 33
339 545 8 38 9 36 1 48 10 16 43 34 40 32 37 5 14 15 24 45 11 6 46 31 50 19 2 22 49 3 20 27 26 44 29 13 28 4 17 7 25 23
340 314 0 30 22 4 46 12 8 39 3 6 26 20 13 33 40 47 43 16 30 38 45 48 42 37 14 23 49 28 1 29 18 32
341 430 0 47 17 36 46 45 13 23 48 21 4 32 11 49 8 39 18 2 12 28 1 14 15 26 50 37 30 29 40 7 27 25 44 9 42 6 35 3 47 34 41 38 20 5 16 33 19 22 24
342 288 1 13 47 36 31 9 17 41 44 18 4 24 25 21 35
343 340 1 31 1 2 44 20 32 30 22 4 3 26 46 35 11 16 38 24 48 40 21 25 8 27 6 31 50 33 37 36 10 5 45
344 214 5 11 30 37 34 32 14 9 43 38 40 28 49
345 443 5 49 33 37 38 22 5 7 30 14 26 47 45 3 49 43 23 12 40 34 35 25 10 11 16 17 36 46 9 48 2 18 29 13 41 21 28 19 4 39 31 20 1 27 8 44 32 15 6 42 50
346 132 9 25 22 10 15 17 12 14 13 36 43 7 5 42 20 48 11 32 24 6 41 28 45 29 47 27 44
347 308 0 29 24 49 20 11 17 26 8 4 23 22 1 35 10 16 5 19 39 12 6 37 27 28 44 21 36 45 34 50 48
348 482 7 19 4 20 40 17 10 3 44 19 42 15 21 27 12 31 8 39 38 14 34
349 157 17 43 10 17 6 36 43 33 35 3 5 28 26 45 47 22 39 48 19 4 15 49 44 12 34 37 25 41 29 42 38 16 8 27 46 18 40 2 32 14 30 13 21 20 23
350 111 2 44 23 30 12 29 21 9 39 41 20 15 49 17 25 47 14 36 10 4 34 6 38 32 18 43 37 1 42 33 8 50 5 2 7 3 24 35 27 44 13 45 26 22 48 11
351 157 7 15 2 31 40 42 3 20 10 45 17 44 22 47 9 7 49
352 185 7 7 34 3 47 23 20 44 48
353 145 11 45 9 33 34 30 44 5 40 42 37 22 46 11 2 1 19 6 13 4 28 35 24 41 43 36 15 25 17 7 27 29 39 10 16 50 14 32 48 26 18 47 23 31 3 49 20
354 283 5 7 21 31 18 9 42 44 28
355 336 14 46 24 1 31 10 8 47 48 49 38 7 22 28 33 19 11 43 30 26 50 40 34 18 9 44 5 45 21 42 6 12 39 37 23 41 17 14 35 2 3 27 25 20 36 13 4 32
356 583 10 36 32 9 47 20 38 5 14 49 30 13 24 37 25 23 2 29 6 8 28 10 3 43 34 39 46 35 31 1 27 18 7 45 36 40 48 15
357 49 11 49 34 27 26 45 4 7 35 9 42 28 16 29 38 13 41 49 19 22 3 12 23 15 44 14 2 43 25 20 39 10 30 24 1 17 5 47 50 8 31 48 11 46 37 36 32 40 33 6 21
358 564 15 27 32 6 16 24 10 17 3 22 38 23 5 21 13 2 40 48 12 45 46 9 15 4 49 35 39 41 50
359 134 20 24 35 25 14 3 47 45 1 17 11 8 42 43 28 39 31 6 12 10 16 13 50 7 49 20
360 108 5 1 9
361 140 18 42 13 23 31 30 11 38 1 6 17 24 33 29 40 26 43 10 27 3 35 37 50 41 44 20 7 49 47 2 14 5 8 36 21 39 4 32 28 12 46 48 25 34
362 296 3 29 25 26 48 50 11 29 19 47 5 37 6 44 8 31 40 46 36 39 42 2 9 21 27 33 35 15 3 38 12
363 35 9 9 31 42 35 36 50 25 30 9 18
364 44 19 49 37 6 18 1 32 28 47 42 48 22 2 30 15 12 11 34 17 44 24 26 9 45 31 50 16 27 39 40 20 10 21 43 41 14 5 8 3 29 7 19 35 33 36 23 38 25 13 49 4
365 243 4 46 9 20 16 8 3 37 27 50 44 31 11 4 39 38 14 47 1 30 18 41 46 21 12 28 40 2 13 19 33 25 36 23 42 24 49 26 17 29 6 7 15 5 45 10 22 32
366 111 15 16 19 13 5 36 8 45 4 9 40 2 48 10 24 1 50 20
367 402 16 4 10 48 25 27
368 67 17 8 8 16 24 34 42 33 23 37
369 12 2 13 21 38 9 27 20 1 31 5 32 25 12 14 26
370 422 2 2 32 7
371 112 5 11 49 10 43 1 44 18 27 34 35 17 7
372 80 10 41 8 32 14 34 28 42 16 44 6 39 3 22 5 41 50 7 46 49 33 27 37 23 40 24 12 29 38 4 13 19 36 35 20 43 11 26 2 17 10 47 21
373 138 11 32 24 28 44 29 14 39 50 1 47 12 41 22 16 2 36 27 8 40 34 9 18 3 17 31 45 13 48 6 42 25 46 10
374 198 0 37 3 15 6 33 16 24 14 13 34 40 49 7 47 37 19 50 25 8 20 30 48 46 22 29 31 21 10 42 32 9 11 1 26 44 36 27 23
375 437 18 42 27 32 18 45 42 16 12 14 3 15 48 8 33 50 20 11 4 43 21 30 41 46 28 35 13 23 7 10 1 2 34 47 36 5 25 40 26 24 39 6 9 22
376 284 10 33 6 45 33 17 36 7 49 42 50 1 10 14 30 28 37 3 48 12 38 8 41 5 39 46 35 11 16 18 32 19 20 29 43
377 431 8 4 30 32 24 13
378 81 4 24 18 12 1 38 31 9 20 41 45 14 37 15 29 44 23 5 33 40 7 24 39 17 22 16
379 93 14 48 41 25 7 27 47 6 44 34 31 46 15 38 45 35 32 16 36 4 8 29 11 28 24 50 9 10 2 39 22 49 30 23 42 17 1 13 20 21 48 33 14 43 18 3 37 5 19 26
380 464 7 18 28 48 46 31 13 12 15 18 14 49 10 34 21 40 32 47 11 2
381 290 6 3 23 24 2
382 379 9 21 19 2 10 31 21 13 42 27 1 49 4 7 44 24 48 47 16 35 15 45 14
383 549 18 12 11 10 9 14 3 32 12 30 29 20 49 21
384 551 9 4 50 3 42 27
385 441 11 2 16 42
386 391 2 36 21 10 8 30 40 47 43 23 32 14 26 42 12 22 27 4 28 34 48 17 36 3 7 1 41 13 9 45 20 15 29 19 31 5 25 49
387 20 3 50 30 46 5 37 38 41 8 25 43 2 20 22 35 15 33 34 4 27 6 40 16 28 11 29 1 47 18 32 24 50 48 13 31 10 7 17 49 3 45 42 36 9 23 44 14 19 26 21 39 12
388 410 15 29 26 33 37 35 20 17 18 44 5 34 43 39 10 28 14 25 21 41 2 11 27 1 22 42 3 30 32 50 12
389 265 13 6 34 17 14 3 42 36
390 266 3 8 4 44 39 22 14 26 35 18
391 303 8 15 46 19 24 37 21 23 45 20 2 16 14 30 44 32 15
392 199 5 41 15 25 7 45 41 50 26 47 40 22 35 11 10 32 19 20 31 46 2 13 12 28 5 43 39 24 1 27 23 48 21 42 30 33 37 17 8 34 4 6 16
393 556 19 8 40 23 19 24 13 37 41 1
394 404 6 11 20 22 1 2 5 46 23 32 48 12 19
395 335 1 11 45 21 37 20 36 35 4 39 6 23 1
396 588 0 46 26 16 33 21 5 31 10 23 42 48 35 17 11 32 12 4 41 20 27 34 45 1 22 50 13 37 36 7 28 19 40 15 2 49 6 43 24 29 30 46 14 18 3 9 25 44
397 254 1 23 6 29 23 46 30 20 32 9 45 7 2 13 3 34 8 18 44 21 37 42 31 5 11
398 238 20 39 16 15 24 23 35 9 12 19 45 26 41 11 4 33 34 29 42 48 40 21 2 38 14 50 44 7 20 3 36 18 13 43 5 39 28 30 10 31 6
399 528 7 21 36 27 5 50 23 20 30 25 16 12 15 14 38 2 48 6 21 45 3 24 35
400 583 8 12 34 30 19 45 5 10 23 37 4 18 1 6
401 477 14 7 10 15 30 4 12 22 1
402 408 12 35 40 22 42 18 41 19 27 39 25 29 6 21 31 47 12 16 26 8 34 2 17 11 46 48 35 1 43 37 13 50 38 28 49 7 20
403 178 6 36 37 10 24 21 9 25 46 1 34 30 13 20 23 42 40 36 45 16 11 6 32 38 5 8 4 15 12 31 44 41 28 49 47 29 33 50
404 525 14 16 43 20 35 29 16 36 47 31 40 34 48 22 41 28 33 12
405 247 19 30 3 16 29 9 22 34 35 20 50 5 45 6 42 39 37 38 12 8 23 21 28 25 44 43 49 48 1 24 14 7
406 251 14 45 35 41 47 30 3 19 28 26 43 5 12 34 24 13 50 10 44 1 8 9 22 20 6 15 33 25 48 31 39 29 42 46 49 27 14 36 2 23 7 17 32 18 38 21 40
407 140 9 16 27 49 12 41 7 18 42 13 17 20 31 23 1 28 6 25
408 359 19 16 21 47 19 29 40 9 44 18 16 17 49 39 20 46 25 14
409 179 12 26 31 41 10 22 17 30 26 47 19 25 4 50 20 49 21 44 38 18 36 16 42 43 5 15 12 28
410 31 19 8 50 49 9 38 13 16 40 31
411 577 11 16 28 7 50 11 36 21 2 40 25 47 37 35 42 33 22 48
412 316 8 50 6 13 3 15 34 2 41 42 46 39 25 11 14 50 23 22 19 24 20 45 17 21 28 1 26 43 8 7 47 27 10 37 9 18 16 5 35 33 30 32 31 40 36 29 49 4 12 44 38 48
413 475 10 16 44 16 43 32 9 49 6 27 39 25 26 30 11 24 29 17
414 334 3 46 8 36 15 30 34 12 41 49 17 24 21 43 26 38 22 9 40 29 45 5 19 20 37 48 47 7 33 35 2 25 27 13 23 14 4 31 6 44 16 18 32 28 3 11 42 50
415 36 7 7 17 21 33 9 26 40 44
416 169 16 23 14 15 7 40 22 31 6 1 18 21 29 12 8 20 49 45 33 2 10 30 28 44 26
417 45 9 38 7 50 30 36 34 40 29 3 38 12 26 2 27 45 32 46 35 39 20 11 49 44 6 17 28 8 1 10 4 48 43 42 37 25 47 9 24 5
418 70 10 47 17 47 3 13 26 40 36 15 46 39 11 19 8 48 23 27 31 9 37 49 28 43 34 38 2 14 16 50 10 32 29 33 5 1 6 7 4 22 42 35 41 12 30 25 44 21 20
419 341 12 38 21 24 29 47 23 45 34 2 3 33 44 15 38 5 12 22 18 14 41 26 13 4 37 25 9 42 40 43 8 28 16 48 30 31 10 17 50 35
420 143 7 6 49 2 36 45 37 14
421 138 7 25 8 5 2 36 13 11 12 21 33 48 47 49 6 44 20 46 28 1 23 41 24 10 14 19 25
422 500 16 19 27 40 47 37 43 9 42 29 8 15 24 19 33 45 2 44 35 39 18
423 118 18 8 3 43 44 41 37 4 50 22
424 240 14 11 24 15 27 1 38 37 32 21 3 23 47
425 399 1 7 37 1 16 18 44 41 19
426 171 10 22 24 11 50 44 45 14 47 43 3 49 15 20 25 12 31 9 36 28 37 23 16 48
427 286 13 16 27 13 44 6 40 30 25 31 21 45 3 16 17 22 5 37
428 571 16 41 47 14 43 3 41 35 38 31 29 19 8 21 34 37 17 42 7 45 12 39 9 15 46 1 27 25 5 33 49 20 6 13 22 11 18 48 16 40 4 36 30
429 432 9 14 24 42 4 19 40 1 2 38 21 9 25 45 33 7
430 335 0 32 33 25 30 20 41 19 11 23 39 21 4 49 35 16 27 10 13 8 34 1 18 47 40 14 31 9 32 29 3 45 26 15
431 35 19 33 32 13 47 31 9 1 49 35 48 19 29 37 11 41 26 18 7 20 50 42 22 12 45 27 34 5 33 28 23 39 25 8 30
432 192 19 44 46 20 33 6 17 13 37 19 5 45 50 7 43 14 24 22 25 48 26 32 38 15 49 10 39 18 30 9 41 40 4 21 31 2 34 27 29 35 1 11 47 3 44 28
433 364 8 49 32 19 17 34 3 22 11 46 10 21 42 15 5 38 45 20 12 2 6 7 31 23 35 40 18 24 47 16 44 4 9 1 25 39 26 33 28 13 8 29 36 37 43 27 50 14 48 49 30
434 477 7 7 33 20 15 17 29 45 10
435 17 3 8 10 24 17 11 27 8 3 36
436 108 3 34 42 43 18 41 21 5 29 46 32 1 37 22 7 47 40 12 13 31 36 38 34 23 2 10 16 48 3 17 15 20 24 8 6 30
437 268 4 12 32 42 46 16 41 5 18 10 25 43 13 47
438 183 20 15 40 11 8 33 22 23 9 48 20 44 38 19 46 41 6
439 172 15 42 39 7 34 21 18 15 10 8 37 32 38 2 26 49 40 28 24 47 44 17 13 9 19 12 6 4 36 14 42 11 16 31 22 35 41 45 33 43 27 29 25 23
440 280 8 29 18 1 14 21 2 46 20 7 37 5 27 22 12 33 26 28 6 29 41 40 36 24 4 38 45 10 39 42 19
441 251 0 37 9 23 7 41 40 1 14 38 44 47 34 27 12 42 33 17 25 45 31 18 24 26 10 37 3 29 48 22 28 21 39 16 46 5 50 11 49
442 125 14 41 26 10 44 16 39 13 31 5 30 3 49 48 32 45 47 41 33 15 9 20 14 24 6 23 8 29 43 25 34 38 4 2 7 37 1 50 46 36 11 28 12
443 259 5 22 35 41 7 27 4 37 28 5 19 9 13 25 15 26 22 1 36 46 23 49 44 12
444 589 13 40 40 37 28 13 32 18 42 12 23 22 3 20 30 24 25 41 26 19 29 44 46 35 8 2 7 38 16 27 31 21 10 50 5 14 9 11 6 33 43 49
445 43 17 32 9 8 46 36 27 24 12 21 11 2 28 30 7 6 31 15 38 44 42 43 23 39 17 50 4 25 48 35 5 47 3 29
446 240 12 31 48 15 37 49 8 39 40 1 31 23 17 35 20 47 30 46 9 29 32 14 21 2 33 25 3 5 24 16 12 36 18
447 170 5 16 37 17 28 14 39 19 18 50 42 25 15 32 26 44 35 31
448 569 16 49 26 29 22 34 31 13 4 14 11 30 33 44 8 47 7 41 28 18 6 24 40 1 45 17 23 42 16 39 15 35 10 49 25 20 3 32 5 9 2 21 48 12 50 36 46 19 37 43 38
449 110 9 20 25 8 29 18 38 11 4 33 26 27 17 1 40 30 46 5 22 48 7 3
450 79 19 12 24 33 14 13 40 8 28 29 22 10 25 5
451 379 10 34 18 15 37 44 31 9 12 17 38 40 8 13 20 43 2 14 36 27 28 47 24 50 5 41 22 16 1 49 39 4 42 34 26 10
452 362 3 15 36 7 40 5 48 18 31 34 35 39 50 42 17 10 11
453 465 12 43 22 29 31 21 27 11 42 16 30 10 20 3 17 26 7 8 48 46 36 24 43 9 1 41 39 14 23 5 33 38 18 49 50 44 25 15 37 28 34 12 47 32 19
454 503 7 43 26 31 29 1 41 14 35 50 13 39 8 11 30 19 24 23 7 27 38 12 34 17 18 22 4 5 49 47 28 9 16 10 45 3 46 44 6 15 21 2 36 32 42
455 533 5 5 28 43 26 44 42
456 502 9 49 44 1 15 37 22 41 7 20 6 10 33 27 43 12 13 17 24 2 42 8 49 36 35 19 38 14 21 45 39 25 48 16 34 29 18 5 23 47 40 9 30 28 31 3 11 4 26 46 32
457 285 13 29 7 48 16 6 21 30 22 39 10 46 18 42 33 17 13 49 45 2 50 25 28 15 19 37 14 4 9 3 24
458 282 15 12 40 15 23 48 43 7 25 38 47 10 17 49
459 521 16 7 47 40 2 11 43 42 14
460 577 12 6 49 44 25 45 33 22
461 100 19 43 49 48 18 21 20 3 41 37 47 36 32 38 43 13 19 9 12 1 8 26 44 22 2 39 11 46 30 29 16 42 17 14 31 34 25 24 50 40 4 6 33 27 10
462 527 5 13 35 36 41 4 3 34 49 15 44 25 7 30 48
463 516 18 27 1 13 32 15 22 34 21 46 28 2 33 39 11 30 14 35 20 49 19 23 8 36 43 47 27 29 9
464 280 14 16 34 20 5 29 35 1 17 23 45 2 26 25 4 32 39 18
465 428 10 35 21 47 2 8 30 37 11 16 35 13 26 27 6 7 10 24 36 5 29 25 19 38 39 22 45 44 48 1 34 33 14 17 3 20 12
466 104 17 40 31 8 30 23 42 37 9 28 17 50 20 33 41 44 40 3 21 45 7 25 11 14 27 5 6 39 32 34 47 18 12 26 49 24 10 29 4 46 22 2
467 260 1 6 31 11 20 15 47 22
468 546 9 35 44 5 39 45 26 46 21 12 1 2 19 37 28 31 30 14 18 25 8 50 23 20 41 33 13 3 32 11 38 36 16 43 4 15 27
469 196 0 32 39 8 30 41 11 32 13 19 16 4 26 44 37 36 5 22 43 24 49 14 27 50 47 21 15 34 17 12 25 45 2 31
470 366 13 27 16 26 5 47 15 42 43 18 30 50 49 46 29 9 22 37 36 35 17 32 41 21 39 33 10 2 24
471 271 12 10 15 23 49 48 9 10 44 28 4 3
472 399 11 14 42 7 48 2 16 6 50 14 31 10 43 47 20 46
473 366 16 38 28 14 27 1 26 12 22 42 3 37 20 31 32 6 29 43 44 30 45 16 19 48 11 4 24 33 35 8 50 15 25 39 21 40 10 2 13 47
474 104 13 49 39 23 16 7 40 18 6 50 10 9 34 33 12 36 48 49 14 47 35 5 22 25 32 41 4 19 21 38 44 1 24 27 15 43 26 28 31 30 37 29 2 20 42 13 8 11 45 17 3
475 278 6 23 2 25 5 41 24 22 23 16 35 21 33 48 39 4 3 46 28 40 36 8 34 18 49
476 421 17 26 24 23 1 16 18 11 43 12 20 5 8 48 3 19 25 42 41 50 44 35 26 39 40 13 37 22
477 350 0 9 33 25 9 41 12 13 44 31 39
478 351 1 9 26 27 5 47 30 3 13 45 37
479 36 13 1 7
480 207 19 44 24 35 25 44 4 26 30 19 28 8 3 33 42 10 23 16 1 5 36 21 49 43 11 41 12 45 2 22 18 31 38 14 17 27 34 46 48 15 6 47 32 29 37 13
481 132 12 44 20 21 31 7 11 1 37 5 25 23 50 22 12 27 17 18 40 45 34 24 39 10 14 13 16 4 9 19 41 43 3 49 48 26 8 35 38 47 2 6 32 28 42 46
482 425 20 30 38 42 18 35 5 7 29 39 37 40 34 45 14 11 49 2 4 25 33 20 13 48 1 43 30 19 23 12 28 3
483 92 19 23 34 9 23 36 22 43 33 25 30 44 17 26 29 21 3 16 41 15 42 6 5 45 18
484 418 19 38 8 20 30 36 1 31 24 10 22 43 18 33 27 32 47 42 4 38 13 29 28 14 11 9 3 7 39 26 48 40 45 16 49 50 44 12 21 19
485 39 19 41 16 7 14 38 5 32 12 40 9 49 27 31 26 2 44 50 13 43 36 23 18 45 29 25 20 46 1 34 41 22 47 15 11 28 35 3 33 6 37 10 48
486 542 13 8 19 46 8 7 3 13 26 29
487 406 6 43 4 5 19 47 32 42 17 25 27 43 35 3 40 39 46 10 38 33 14 50 44 31 45 8 11 21 49 7 37 36 34 16 48 22 13 9 30 12 24 28 15 29 20
488 191 13 3 39 42 37
489 328 3 11 49 37 21 14 8 24 7 25 12 9 29
490 347 10 42 6 48 25 43 3 42 32 5 15 24 7 18 14 36 11 12 19 49 29 22 17 38 44 46 27 50 13 33 41 16 39 21 9 23 31 8 2 28 4 26 40 47
491 555 5 12 14 15 33 29 11 48 44 41 40 23 32 9
492 219 0 1 49
493 229 5 43 10 5 28 36 9 27 22 32 20 21 4 18 31 26 16 39 11 1 2 38 47 48 29 46 45 49 3 40 23 30 33 34 24 43 12 13 6 14 42 8 19 44 25
494 330 15 42 5 21 47 33 19 36 48 43 39 22 42 44 46 41 26 13 6 7 31 15 18 34 16 38 27 14 23 32 17 8 28 4 29 37 11 12 25 1 40 50 2 24
495 344 6 20 33 23 12 46 3 48 19 45 13 17 28 47 29 22 32 10 50 27 41 2
496 414 19 44 40 21 38 28 14 49 4 1 9 50 32 27 30 24 26 31 34 13 35 29 18 8 22 42 41 10 15 39 47 20 2 12 33 45 23 46 11 7 37 17 6 48 5 43
497 393 2 29 39 16 29 31 28 48 47 36 50 18 15 38 9 2 21 14 37 32 3 5 40 24 7 22 30 6 20 13 44
498 411 19 7 23 43 18 36 16 46 10
499 61 20 29 16 41 35 8 9 12 1 47 6 2 13 25 3 22 28 7 10 45 42 4 26 31 29 24 15 17 37 48 11
500 568 16 4 26 17 1 10
501 10 2 25 47 37 20 16 28 38 12 43 42 35 31 29 2 49 14 15 32 34 48 17 46 30 5 13 11
502 92 6 20 12 4 38 28 3 30 8 29 26 32 31 34 43 37 35 46 11 39 15 1
503 226 0 25 42 43 34 12 9 18 3 31 8 46 29 32 16 5 20 27 39 21 47 36 35 6 45 49 1
504 415 12 44 49 48 31 43 22 37 24 3 39 35 44 28 5 9 29 10 46 36 19 21 50 13 45 2 7 23 27 42 34 1 15 4 40 25 11 30 14 41 26 8 6 32 18 38
505 396 11 11 15 47 23 4 8 33 39 50 14 40 17
506 459 7 32 33 47 15 21 8 46 30 37 6 17 2 19 26 31 35 12 1 22 24 48 36 41 4 44 7 49 23 10 40 18 11 38
507 330 3 33 2 29 14 1 48 44 28 6 20 11 37 50 33 25 13 4 10 8 40 21 34 26 16 39 3 19 24 5 30 17 47 49 43
508 30 6 16 43 8 16 22 47 35 6 17 26 32 34 15 11 7 38 46
509 146 10 1 10
510 259 17 6 34 12 22 16 33 48
511 22 3 1 48
512 21 5 37 21 36 33 20 24 45 16 9 46 19 41 44 4 27 18 8 12 28 29 25 49 42 26 23 14 2 15 3 38 17 32 11 39 37 22 43 34
513 117 19 8 16 39 43 49 20 29 46 23
514 465 11 45 4 24 2 28 18 23 3 38 34 47 16 19 49 29 32 20 46 12 6 41 31 8 7 1 40 36 14 45 13 21 27 44 15 22 50 33 25 26 17 48 37 5 35 30 43
515 192 15 47 37 16 40 17 48 38 45 22 12 3 34 9 28 15 44 14 50 18 7 5 29 46 47 32 8 6 49 10 41 2 42 39 31 24 30 26 23 11 20 43 35 13 33 27 4 19 21
516 368 6 42 48 38 39 35 18 28 47 11 25 19 3 1 16 7 8 30 31 5 49 9 24 34 36 33 21 46 15 13 42 50 22 10 45 26 41 2 37 40 6 14 43 4
517 354 3 40 35 32 10 1 3 11 24 22 18 29 25 50 26 7 49 30 23 38 40 41 33 14 27 15 34 4 39 12 21 48 17 9 42 43 6 28 19 20 44 8
518 405 14 35 30 10 50 41 33 18 7 31 11 26 9 29 35 32 6 45 37 43 20 39 5 8 16 36 19 12 48 15 14 25 47 4 38 27 24
519 193 16 32 46 25 10 12 1 27 4 30 6 24 2 15 11 23 32 9 50 18 7 34 41 29 17 42 20 26 38 3 13 35 45 43
520 318 11 19 2 33 24 50 44 3 11 15 30 34 49 27 45 5 23 37 25 41 8
521 462 17 16 39 31 15 40 8 49 10 3 42 13 33 7 43 34 48 12
522 387 20 28 21 3 27 50 2 24 31 30 8 13 42 18 19 10 48 16 22 46 44 39 9 29 25 28 15 6 36 33
523 392 18 24 17 20 48 42 26 33 50 23 19 31 32 28 46 6 38 16 10 34 39 9 11 3 49 35
524 87 2 38 1 9 36 50 42 29 33 20 24 17 44 34 15 16 11 7 8 19 18 39 3 14 6 2 30 26 13 40 35 5 48 23 28 47 12 32 49 31
525 132 15 35 38 2 14 8 32 13 44 1 30 42 35 12 10 11 7 49 17 18 50 21 25 26 22 15 9 40 27 28 45 37 20 36 4 3 5
526 344 7 29 38 10 7 5 4 48 15 11 22 23 14 29 18 3 8 1 49 28 19 12 2 9 41 40 21 32 16 35 34
527 194 3 37 7 18 42 41 2 14 22 40 46 38 32 47 50 39 33 31 11 48 17 20 13 1 3 34 19 5 43 21 9 30 36 26 23 6 35 28 45
528 247 14 29 11 10 27 13 35 24 49 20 6 34 5 18 16 46 22 41 12 4 19 40 17 28 42 44 15 26 47 37 33
529 134 2 35 37 48 25 20 45 17 14 22 16 9 44 35 4 21 8 29 33 46 47 40 39 10 38 32 19 12 36 49 24 3 41 50 31 2 34
530 284 0 33 1 50 25 44 21 33 26 20 46 15 30 37 6 36 35 40 38 22 12 7 4 19 10 27 2 9 34 18 49 45 17 31 43
531 444 4 16 14 44 35 23 34 21 38 15 43 27 2 36 42 24 29 20
532 429 4 45 32 41 6 12 39 21 1 37 42 48 10 31 30 3 49 34 20 26 8 5 45 25 40 23 44 16 38 50 24 2 14 18 28 7 47 11 17 9 15 19 46 43 13 29 27
533 84 2 19 25 14 30 20 28 36 38 37 47 42 33 3 44 35 2 8 22 10 18
534 300 15 48 33 9 23 43 32 8 18 49 24 35 41 40 39 19 25 45 44 3 27 17 28 11 47 5 31 37 10 2 26 20 21 29 16 42 1 4 38 22 15 13 7 14 48 34 6 36 50 46
535 557 16 32 25 15 33 12 9 28 50 3 17 21 47 4 45 22 20 48 19 38 32 39 35 41 29 11 36 1 27 7 34 16 37 14
536 84 12 5 12 33 22 27 41
537 234 10 19 23 39 48 6 17 20 29 12 2 37 9 25 3 49 11 38 27 22 40
538 533 4 15 27 34 44 49 10 46 19 36 14 26 29 45 1 13 3
539 317 17 34 16 14 22 13 35 44 1 15 37 46 5 11 47 4 8 24 9 34 48 12 40 38 19 17 49 6 27 18 45 43 26 25 28 41
540 446 17 33 24 40 4 5 19 50 33 22 1 3 38 28 42 6 20 15 26 29 21 16 31 47 23 14 12 43 30 7 2 8 37 10 13
541 572 1 33 7 27 24 22 43 33 4 42 26 19 47 32 30 11 45 3 49 12 16 2 5 14 13 25 37 41 46 35 21 17 36 15 20
542 547 13 23 27 41 23 33 50 6 38 39 42 35 46 4 21 43 14 2 7 12 3 13 1 8 47
543 428 0 21 31 12 37 24 29 34 2 42 46 14 35 9 1 44 22 28 13 15 40 50 30
544 304 18 43 14 9 33 32 12 1 31 23 18 5 17 25 13 8 7 6 47 4 3 46 16 15 40 11 26 28 29 24 2 41 22 35 30 38 43 37 48 20 50 45 42 49 39
545 260 19 49 31 40 36 29 5 16 41 15 27 13 45 42 30 48 28 9 35 47 39 18 3 8 7 34 26 10 23 21 43 19 17 37 20 11 38 22 24 12 6 1 49 14 4 32 25 33 50 2 44
546 559 0 40 25 48 31 24 36 39 46 9 3 29 12 17 5 50 35 40 26 45 38 19 16 44 20 32 14 22 28 42 18 10 49 6 41 23 8 7 2 34 4 43
547 546 20 7 31 6 41 30 9 8 23
548 589 7 16 10 7 8 19 21 26 17 30 47 42 18 35 16 44 3 12
549 466 20 33 35 46 22 38 19 37 40 49 10 45 42 7 3 29 15 32 4 6 13 18 47 24 23 2 33 26 11 36 27 44 31 43 30
550 289 13 14 46 48 26 11 15 35 4 13 32 37 18 10 40 22
551 567 0 37 34 25 13 21 12 37 7 35 24 46 44 4 30 40 43 2 23 33 50 8 14 41 9 16 3 19 38 26 29 1 15 36 31 42 49 6 5
552 245 6 27 10 30 36 19 35 28 3 50 44 29 17 26 37 39 46 7 33 24 38 31 34 45 6 5 2 8 41
553 379 9 25 26 25 23 5 43 39 14 9 27 22 32 31 46 42 44 15 2 37 19 10 30 20 6 29 12
554 536 1 14 15 31 34 16 42 27 40 4 3 10 24 25 29 32
555 219 10 25 17 7 50 47 8 46 19 38 23 3 25 11 34 42 41 45 21 18 37 6 9 1 10 26 24
556 573 15 37 13 49 37 28 45 24 10 1 30 4 43 33 42 21 44 25 47 38 40 20 22 17 39 5 36 6 2 23 11 3 29 18 16 50 35 8 31
557 361 4 5 26 46 28 34 22
558 204 8 12 27 18 20 48 6 23 3 44 8 24 19 16
559 102 2 10 38 23 30 34 25 12 28 19 20 14
560 160 5 14 20 30 50 38 34 15 1 21 26 40 36 11 10 24
561 345 11 10 25 29 8 32 13 17 26 12 16 48
562 288 17 31 48 41 6 15 3 39 42 11 33 13 14 27 40 12 29 45 20 30 24 38 50 26 2 16 47 46 37 9 32 25 7
563 93 16 39 12 13 47 36 9 5 40 20 26 34 46 31 8 2 41 44 39 23 11 3 50 37 43 28 16 25 4 10 30 38 35 14 19 42 18 7 21 48 15
564 64 17 8 1 21 5 33 7 4 3 38
565 446 1 4 23 18 15 5
566 203 13 19 37 12 26 22 25 10 34 3 47 32 24 17 27 50 45 49 46 31 7
567 299 15 38 35 28 45 24 49 29 3 30 12 44 9 47 19 14 39 10 21 37 2 33 31 16 43 23 25 27 32 48 34 38 5 50 17 6 1 11 26 22
568 210 13 26 45 27 3 41 15 36 20 32 47 44 39 25 48 21 46 7 10 37 12 5 16 22 4 18 50 29
569 115 7 22 10 34 39 6 44 9 24 8 25 29 1 50 4 7 21 41 48 16 28 42 49 46
570 526 5 38 3 8 47 16 35 43 36 1 37 5 20 10 49 15 40 2 13 46 11 28 39 22 18 21 27 42 19 48 38 33 17 23 45 6 30 41 25 29
571 522 4 29 19 28 40 42 11 6 16 4 33 30 38 1 48 14 22 18 12 8 43 9 24 13 7 15 3 23 32 46 37
572 46 3 49 2 44 48 49 26 19 35 14 27 28 1 33 15 16 29 32 47 43 11 12 7 22 24 25 42 9 4 13 18 23 17 30 38 46 45 41 6 31 37 10 50 36 39 40 21 3 5 34 8
573 533 10 25 20 14 39 9 45 11 38 15 8 29 41 31 40 33 7 23 25 43 32 2 10 12 5 16 34
574 23 20 33 7 47 24 16 1 18 34 3 42 10 11 15 20 27 50 48 32 21 2 13 45 5 23 8 43 35 9 22 12 14 26 46 4
575 176 8 6 30 38 17 13 35 36
576 472 19 14 26 5 30 20 45 1 15 2 13 41 42 17 25 38
577 464 2 22 26 45 30 1 8 33 14 15 2 44 40 32 25 46 38 10 18 42 5 24 28 21
578 118 3 32 39 8 38 6 17 48 40 37 45 23 12 11 49 43 7 32 44 13 50 16 4 33 22 29 25 47 41 21 36 26 15 30
579 389 1 49 15 2 3 27 33 40 17 22 19 5 37 18 41 7 43 16 4 20 25 34 24 44 23 8 47 29 35 32 21 14 1 13 28 6 11 46 50 31 48 42 9 36 39 45 49 38 26 12 10
580 42 17 49 2 41 23 43 9 42 18 12 13 14 45 38 1 26 17 29 22 46 36 27 31 3 28 44 19 50 4 40 49 35 10 6 34 8 39 24 30 5 37 32 21 25 16 20 11 15 47 7 33
581 274 3 32 34 50 43 30 21 6 3 20 17 9 35 22 48 44 4 42 13 27 28 25 41 26 12 23 10 8 40 2 14 38 15 11
582 284 1 13 13 11 16 47 39 41 21 22 45 34 24 2 5
583 305 3 23 3 7 1 31 15 18 46 20 27 10 44 29 42 50 34 33 32 38 45 17 47 4 37
584 334 15 22 47 22 32 21 9 43 6 2 16 3 19 44 20 25 13 27 23 36 29 1 40 34
585 487 11 8 50 12 9 18 49 10 40 16
586 168 4 42 7 13 27 21 48 38 40 44 26 39 22 16 34 8 2 35 43 17 33 6 15 30 11 29 37 5 9 1 20 4 28 36 49 31 47 42 50 3 19 10 12 18
587 193 13 16 16 35 18 48 41 33 39 43 17 44 21 27 9 45 1 14
588 238 10 37 24 37 11 17 49 1 5 2 9 14 29 15 7 31 3 26 48 41 22 6 38 36 32 34 44 10 33 13 8 21 42 20 40 18 27 4 30
589 263 5 3 49 41 33
590 167 9 3 35 3 16
591 506 6 1 35
592 136 16 3 9 17 19
593 132 18 49 34 21 37 6 8 25 26 10 1 5 7 42 15 32 17 23 13 14 24 33 46 2 31 45 36 11 40 49 16 41 39 48 12 28 9 19 38 43 22 27 18 47 50 3 35 29 44 20 30
594 329 12 47 11 29 16 30 38 31 22 36 35 26 2 27 28 24 15 10 3 20 21 7 32 13 17 40 23 6 41 5 47 46 14 33 34 12 19 44 48 25 42 37 4 50 8 18 1 43 9
595 504 9 4 30 31 50 8
596 519 20 27 11 19 10 22 40 21 49 24 27 45 3 5 14 46 28 7 47 29 31 36 48 32 9 17 43 26 25
597 534 4 2 19 20
598 226 6 13 38 36 49 30 19 43 18 13 34 29 23 15 22
599 218 13 45 12 41 29 26 9 8 15 24 20 33 2 34 30 28 5 11 6 46 21 40 14 31 23 16 36 3 49 22 39 1 27 32 37 10 13 44 25 47 43 18 4 38 48 7 35
600 95 18 43 39 1 28 45 22 29 2 18 6 19 46 48 34 7 23 37 5 27 24 42 13 47 49 20 3 36 31 15 16 43 32 12 33 30 25 11 10 8 44 17 38 14 4
601 570 6 34 6 36 38 7 14 10 37 46 20 33 2 34 4 30 18 27 39 50 15 48 5 26 35 3 8 41 11 19 22 40 9 31 16 24
602 458 1 16 37 42 21 44 46 50 23 34 3 38 36 16 32 19 26 30
603 523 11 11 32 29 40 10 27 24 22 41 15 50 39
604 480 20 20 33 49 5 38 3 28 14 43 1 50 19 42 35 20 21 27 44 9 24 25
605 375 5 29 19 4 27 42 7 16 30 48 12 18 24 43 50 20 33 15 25 34 9 35 3 29 13 21 49 36 22 2 14
606 246 18 13 11 29 14 16 50 27 15 2 39 24 6 33 4
607 195 5 13 46 3 28 47 8 45 12 1 37 42 43 30 41
608 165 18 41 35 48 3 13 41 46 21 8 44 45 6 23 24 19 39 38 29 36 40 4 9 33 28 47 10 31 30 16 26 1 14 7 43 34 27 50 11 2 5 12 22
609 493 18 41 6 49 23 48 47 34 46 25 30 37 7 32 20 36 41 11 35 44 2 18 17 9 26 38 12 21 15 33 13 14 39 27 29 31 42 50 4 45 3 40 10
610 97 5 31 23 8 3 42 22 9 21 11 16 37 2 14 41 34 38 7 17 43 46 29 30 25 35 27 45 19 1 47 12 32 28
611 68 18 37 40 36 15 29 3 48 10 16 27 41 13 25 17 50 38 46 35 12 7 21 31 44 45 42 6 47 39 23 43 37 11 32 22 9 1 28 2
612 204 20 36 47 29 50 45 38 4 28 14 49 19 6 25 27 3 8 23 21 35 9 16 17 37 18 30 2 48 22 40 42 26 33 1 7 20 44 12
613 550 4 42 26 16 42 19 4 5 6 13 35 3 30 32 20 39 15 28 10 44 27 24 11 7 2 17 9 45 40 33 37 22 12 25 8 46 1 48 38 34 41 49 43 36
614 362 19 50 48 31 17 38 26 12 24 42 6 44 16 15 50 23 7 29 36 39 46 19 21 25 14 43 1 11 41 22 8 32 30 28 35 27 20 3 4 5 47 45 33 13 10 9 18 34 40 49 37 2
615 383 19 34 31 13 49 2 24 1 36 10 30 32 33 40 17 12 34 19 20 16 45 37 46 4 11 14 18 41 29 7 23 38 21 15 35 27
616 535 7 40 41 11 22 47 42 1 3 12 21 15 10 5 29 24 27 32 50 34 13 4 40 37 26 17 48 35 49 19 38 6 30 2 16 9 18 44 46 7 39 43
617 412 12 27 32 28 25 26 10 7 23 36 33 39 24 37 21 40 5 18 8 48 47 2 22 15 11 16 35 46 20
618 136 13 13 28 48 20 7 39 38 15 11 42 41 12 33 35
619 431 8 22 41 31 23 47 27 4 30 40 12 28 15 38 8 25 42 18 48 6 11 20 1 2
620 550 19 36 34 48 42 20 33 27 47 23 43 21 41 16 6 36 39 5 12 35 19 50 17 13 9 18 40 38 46 30 15 1 31 24 28 11 7 29
621 426 11 41 38 14 37 40 24 5 42 27 23 13 9 34 30 21 45 49 43 8 1 16 48 6 12 29 22 26 31 36 2 10 25 15 3 44 32 28 7 20 4 18 47
622 211 19 5 24 40 13 34 42
623 84 11 38 24 13 4 19 12 14 31 3 6 8 29 25 11 5 16 50 41 33 10 26 20 42 2 28 43 46 23 30 9 32 34 18 48 45 1 40 21 22
624 305 12 48 36 11 46 37 4 1 42 17 6 28 45 39 30 12 31 32 10 22 34 44 3 24 14 7 18 25 15 43 50 48 35 33 40 20 2 13 29 41 9 5 23 38 19 47 16 27 8 49
625 444 9 23 23 32 36 37 39 5 19 44 48 21 10 24 12 40 22 29 8 6 49 26 47 7 3
626 250 8 8 47 16 21 34 12 36 18 22
627 311 12 20 15 16 24 36 20 13 46 49 40 4 30 10 23 19 14 18 29 43 28 47
628 509 8 41 12 41 26 44 19 36 28 18 46 42 8 22 3 11 33 31 45 14 27 20 10 29 37 24 9 38 25 39 6 16 17 15 7 30 23 47 50 34 35 21 5
629 512 8 9 33 49 2 7 1 43 20 19 39
630 260 20 45 7 24 32 11 37 38 48 27 19 45 18 4 35 30 31 40 1 16 23 6 36 25 12 10 50 29 41 3 2 14 15 17 22 44 49 5 13 33 21 8 42 43 47 34 39
631 335 6 47 7 10 17 4 24 5 23 47 26 44 15 1 42 2 37 33 31 41 29 38 39 8 50 46 36 3 6 49 19 9 20 18 14 48 13 45 35 22 40 32 28 21 30 11 25 12 43
632 282 6 47 27 4 7 13 42 16 30 20 35 6 45 1 41 3 5 33 26 21 14 19 37 2 38 31 28 36 10 32 29 44 50 15 9 40 46 48 49 43 8 34 23 47 22 17 39 11 18
633 320 15 37 31 40 18 50 22 3 45 14 8 47 19 30 44 15 20 29 36 11 39 46 26 42 16 2 4 17 7 33 9 1 5 28 23 6 12 34 10
634 202 2 18 7 37 25 27 49 21 30 14 41 10 3 18 9 23 4 38 45 8
635 589 7 31 36 1 23 38 11 40 9 5 19 13 43 49 12 29 41 4 46 48 6 28 3 25 26 47 39 14 15 50 31 44 7
636 259 12 45 44 38 41 9 8 36 21 10 11 4 24 46 28 42 25 15 5 49 20 23 12 22 13 3 30 48 16 14 7 6 1 47 17 27 35 18 34 50 45 19 37 31 33 39 40
637 19 7 12 8 48 45 20 34 4 7 14 16 26 31 49
638 320 14 10 23 16 39 40 4 20 43 17 3 29
639 130 10 42 36 30 20 5 23 8 26 28 31 50 49 15 24 39 3 35 7 10 16 12 38 2 45 33 6 41 43 13 1 44 42 47 34 46 22 29 14 11 40 25 19 37
640 380 1 24 29 33 8 50 46 11 12 18 2 35 42 15 17 7 44 19 10 16 20 47 22 31 41 40
641 208 17 29 26 15 38 23 46 43 14 11 8 7 44 10 19 12 31 22 39 40 9 6 3 41 45 32 17 33 24 28 4
642 333 13 42 11 13 32 17 31 49 19 25 44 18 30 38 12 3 34 41 15 14 4 39 42 9 47 43 20 50 21 7 8 36 2 26 35 10 40 23 48 1 22 5 16 6
643 96 3 49 13 42 43 15 48 12 5 31 38 41 29 8 11 20 28 21 25 35 47 46 9 6 39 30 22 40 3 16 26 1 44 32 17 18 7 34 49 50 27 45 33 2 23 4 37 19 36 14 10
644 521 8 23 28 10 42 13 21 18 26 6 9 4 25 2 34 50 46 32 16 23 37 44 45 11 5
645 299 11 2 44 27
646 247 19 37 47 4 26 24 10 36 46 30 1 18 41 6 17 20 5 43 28 21 13 37 32 31 44 7 50 48 23 49 39 2 25 34 40 38 35 22 15
647 245 15 48 11 33 45 43 10 8 31 46 12 5 38 39 17 32 50 2 28 15 22 48 20 21 29 34 44 26 14 36 24 16 47 37 41 7 3 18 6 49 13 35 42 27 4 23 19 1 40 9
648 444 12 21 29 43 17 12 14 49 23 30 21 10 50 9 27 31 8 20 40 19 26 3 22
649 192 9 39 38 10 41 30 37 44 19 50 22 7 18 21 13 23 17 11 40 14 36 27 45 3 48 46 16 32 5 34 35 26 39 15 4 33 31 49 47 1 24
650 159 4 29 23 36 16 2 28 39 24 45 8 19 10 32 44 3 34 9 17 4 41 35 50 33 15 1 11 37 47 31 43
651 278 18 3 27 2 22
652 115 4 42 37 30 19 38 46 20 11 16 4 27 33 23 40 12 14 21 7 25 26 48 1 41 44 22 8 45 6 34 50 29 42 13 32 47 24 9 39 5 2 10 49 28
653 93 3 13 9 19 45 1 38 15 24 36 50 49 30 20 2
654 362 14 38 39 10 1 27 12 7 21 15 32 4 22 13 30 38 2 23 35 17 25 19 43 26 37 33 41 36 44 6 9 45 16 24 40 34 29 20 47 42
655 374 16 44 4 26 6 7 46 42 15 45 43 19 33 22 32 14 5 12 34 25 20 37 1 44 8 13 16 21 9 49 17 41 50 11 40 23 29 24 48 39 38 28 3 10 2 36
656 542 4 1 46
657 541 10 44 3 34 45 11 41 8 21 4 23 6 35 2 44 29 26 10 32 16 24 20 19 28 12 37 38 17 36 30 9 27 49 18 22 1 7 5 15 42 33 43 31 25 48 50
658 120 7 36 40 2 24 28 30 22 26 18 20 5 43 6 38 39 36 27 50 34 14 48 10 31 21 23 7 3 47 46 9 45 37 42 35 29 11 16
659 329 8 15 13 15 39 33 19 28 40 26 2 18 37 14 48 47 34
660 164 4 27 9 36 25 39 48 3 15 35 23 1 16 12 31 24 30 33 13 26 47 14 37 28 32 6 34 46 10
661 225 20 1 17
662 156 20 45 37 40 20 28 48 33 23 27 9 47 10 16 36 38 43 13 14 32 34 26 22 49 15 12 19 1 4 25 3 42 44 11 45 39 35 31 30 6 18 7 8 41 29 50 5
663 281 17 21 50 42 26 40 18 7 4 35 47 45 23 9 11 39 37 10 27 22 43 31 24
664 552 2 38 12 6 15 29 44 19 36 5 8 21 20 18 43 28 23 17 14 26 41 13 40 33 49 2 4 48 35 27 31 1 25 16 37 46 38 47 22 3
665 390 9 25 22 39 48 11 4 9 20 14 25 46 27 34 1 24 33 44 40 37 7 15 31 19 26 13 49
666 126 6 28 5 26 1 36 8 20 11 9 24 12 23 4 45 2 47 15 41 29 50 49 31 42 17 38 46 10 3 39
667 529 11 45 36 4 11 22 13 28 45 21 3 9 1 19 38 6 26 35 43 40 23 17 41 32 39 16 7 44 12 18 29 37 48 27 25 30 14 20 34 24 31 15 49 10 8 2 50
668 416 11 1 19
669 289 4 50 27 23 9 6 3 24 29 21 7 2 32 36 13 39 41 8 16 42 17 37 15 12 26 31 18 45 44 34 22 46 43 30 38 35 20 25 40 33 49 14 4 11 5 28 1 19 50 47 48 10
670 554 18 19 31 37 48 42 17 26 4 1 43 7 50 16 46 3 9 30 22 44 39
671 525 19 17 3 39 19 25 46 20 21 15 22 11 8 42 13 27 40 23 31
672 185 10 34 6 10 47 27 38 20 43 24 16 36 17 5 3 2 13 15 4 31 30 22 1 37 11 18 50 21 23 42 48 45 44 25 8 39
673 384 5 44 25 35 39 50 33 1 22 34 9 37 24 42 27 18 2 15 10 43 12 7 44 11 20 41 48 13 26 16 46 47 23 28 6 49 30 5 45 17 19 36 40 14 32 21
674 97 6 46 26 3 30 31 13 7 4 43 23 22 19 35 14 48 25 36 32 12 8 49 50 2 11 40 10 28 46 47 18 44 16 27 42 21 33 37 34 15 29 6 45 17 1 41 24 20
675 307 8 10 49 7 29 39 4 17 26 48 18 13
676 226 0 8 34 12 19 44 30 4 2 39
677 493 9 29 46 49 27 9 31 2 8 19 41 33 29 40 5 45 25 16 23 10 1 26 22 14 50 6 37 30 38 15 3
678 369 19 4 24 26 2 10
679 87 7 7 30 4 28 35 7 25 43
680 554 5 26 45 46 34 49 6 37 24 13 39 47 31 8 50 42 43 32 48 12 5 22 29 15 40 2 19 20
681 57 19 29 26 13 11 48 38 10 46 21 43 5 6 4 16 29 39 27 30 17 41 15 20 24 1 50 8 40 42 34 3
682 409 1 2 31 32
683 110 4 2 26 31
684 176 8 24 21 39 43 30 29 31 38 22 13 5 50 7 16 11 24 33 9 45 27 3 18 4 41 34
685 453 4 27 16 18 34 40 30 23 12 13 1 41 37 43 50 21 33 46 6 49 2 32 8 27 26 5 25 38 22
686 363 15 8 30 45 33 9 5 44 8 2
687 407 12 20 4 42 3 38 9 50 39 21 34 24 46 20 2 28 15 32 13 1 26 6
688 95 11 47 43 26 41 37 34 44 1 20 11 10 31 3 7 23 47 36 8 14 30 16 6 17 50 13 22 21 15 4 40 19 38 24 46 2 27 12 18 49 42 33 25 28 5 29 35 32 45
689 62 3 1 31
690 13 9 7 50 39 37 3 16 43 13
691 171 14 40 25 36 30 22 48 40 33 6 46 27 43 38 19 44 1 23 35 8 9 10 41 21 3 7 5 31 26 39 11 16 37 24 49 2 42 4 13 20 29 12
692 158 1 12 17 14 3 25 32 8 22 45 47 50 28 12
693 229 5 47 14 41 25 16 48 20 3 19 11 49 29 36 9 39 28 35 42 26 43 4 7 24 21 13 37 5 32 22 10 45 18 1 47 46 44 31 15 8 2 6 17 30 40 27 33 38 34
694 530 1 10 20 18 11 36 48 19 49 10 33 38
695 571 6 44 34 47 2 42 26 35 41 11 16 18 12 14 30 17 32 1 45 48 23 10 28 6 31 27 37 25 21 44 3 9 24 22 13 50 7 8 43 39 5 33 36 40 15 19
696 46 17 30 15 45 41 46 50 13 24 38 35 28 8 23 18 1 9 36 16 17 14 47 20 7 44 22 30 4 48 37 34 3
697 523 2 7 25 6 29 40 12 38 15
698 278 4 8 26 11 19 12 14 3 23 28
699 358 12 8 30 28 1 33 45 41 44 15
700 378 18 25 40 38 14 7 2 5 1 32 36 34 35 47 22 25 44 6 37 49 33 42 13 30 29 27 9
701 388 17 21 6 1 5 22 29 13 9 43 10 11 17 16 50 28 15 37 26 35 44 36 12
702 217 19 4 43 12 36 24
703 119 9 39 17 3 29 19 22 7 8 9 27 31 16 50 35 28 1 47 5 20 24 32 30 38 44 6 40 36 42 12 13 46 21 49 37 2 26 48 14 41 10
704 172 18 45 10 39 34 38 46 4 43 48 19 47 37 26 28 6 32 14 17 24 50 12 8 40 31 33 9 7 1 5 29 45 36 22 27 35 23 25 42 2 11 41 13 21 49 16 30
705 58 8 21 38 10 8 9 42 44 36 45 33 1 48 11 7 40 16 34 19 47 30 46 31
706 453 19 6 25 32 44 30 29 2
707 37 10 15 17 49 20 21 41 4 13 12 16 6 39 15 3 30 35
708 213 5 19 7 36 22 18 33 14 38 21 16 2 34 19 25 46 10 11 6 31 20
709 363 14 10 13 26 1 18 42 2 5 11 40 47
710 343 16 27 6 14 27 34 30 35 4 16 42 17 9 50 28 13 40 10 18 44 20 43 11 33 5 36 41 39 23
711 333 6 4 36 14 24 16
712 520 13 21 40 1 25 9 30 10 32 20 44 33 29 22 47 23 46 4 26 34 37 28 31
713 170 17 16 3 4 31 47 12 1 7 15 16 42 22 38 27 26 17 35
714 228 11 21 40 44 50 4 29 35 46 41 7 3 2 22 30 32 15 12 24 5 27 42 11
715 259 17 33 27 40 13 45 21 46 10 19 28 33 20 4 15 47 12 50 3 22 6 11 9 44 32 17 31 39 1 43 48 18 36 49 23
716 510 5 13 25 28 12 15 6 33 21 16 24 42 2 23 46
717 262 3 24 33 37 17 25 22 48 28 47 29 45 10 32 2 49 46 36 20 23 3 11 14 24 43 4
718 466 20 36 41 40 49 30 48 20 28 15 38 8 42 18 10 31 13 50 3 24 33 17 36 46 35 37 12 43 6 11 9 26 32 7 16 21 29 34
719 182 16 17 35 19 26 39 6 25 18 20 5 17 49 43 16 23 27 37 3
720 445 5 22 47 30 2 31 25 5 35 13 36 6 49 14 42 44 17 48 8 1 15 40 4 28
721 152 1 12 19 33 23 35 44 16 42 48 49 43 4 20
722 82 18 48 46 35 16 50 13 49 23 24 12 38 41 9 36 27 1 47 17 8 4 37 22 21 11 44 33 45 18 6 19 26 20 2 30 43 32 48 31 39 25 40 15 42 34 28 3 5 14 7
723 19 8 11 25 28 37 48 2 40 23 14 20 27 42
724 104 12 11 30 21 46 4 10 6 45 50 32 17 5
725 380 20 31 49 23 36 15 42 18 30 22 33 21 12 43 8 5 29 28 17 10 46 44 47 19 45 25 35 16 27 9 24 31 40
726 111 3 43 19 22 10 15 1 23 36 41 11 33 8 28 6 34 44 3 50 39 24 9 47 26 42 4 48 16 5 25 21 2 20 18 30 17 45 43 7 32 49 38 29 31 12
727 460 15 6 14 5 2 15 16 36
728 160 19 7 16 13 34 46 48 8 5
729 511 13 27 49 5 42 3 15 14 36 11 12 18 19 35 44 50 45 30 25 29 40 34 20 38 7 13 9 10 8
730 451 6 45 5 9 32 12 2 27 37 40 49 50 41 1 43 33 25 31 17 30 39 46 15 45 13 20 28 8 22 19 18 14 11 10 47 48 38 36 3 21 16 42 29 44 26 24 7
731 319 7 24 8 32 1 18 17 46 45 39 43 26 2 12 28 41 22 20 37 33 34 50 35 31 44 6
732 563 19 22 32 43 39 9 42 23 10 35 27 37 13 8 47 6 7 28 18 3 16 34 36 22
733 20 14 1 5
734 21 18 5 35 22 17 38 9
735 17 20 13 46 35 4 30 48 28 19 39 33 23 24 22 32
736 388 13 44 7 46 30 20 25 11 34 3 5 2 13 49 4 41 6 47 9 12 17 10 50 43 15 37 42 23 27 36 1 21 14 48 16 45 24 8 39 38 31 22 28 33 35 44
737 332 14 46 34 32 46 1 15 41 33 22 30 24 8 20 39 10 13 36 5 6 29 26 47 21 28 38 50 14 16 19 44 40 9 45 49 4 3 18 7 37 17 23 31 43 27 48 42 12
738 302 2 2 50 42
739 92 1 9 23 15 10 24 48 21 44 41 8
740 541 7 33 9 43 42 30 46 21 12 15 38 39 18 7 8 16 11 24 23 47 31 19 49 5 34 45 20 13 44 50 17 1 32 41 26
741 468 7 39 15 25 35 36 19 50 21 41 1 42 33 28 20 6 8 17 4 16 13 26 39 11 5 9 22 7 43 38 31 12 14 18 47 37 32 24 2 29 40
742 256 20 47 49 23 5 2 25 33 22 43 24 27 10 30 32 40 18 37 8 31 1 13 4 6 39 46 34 19 44 11 50 47 21 15 3 29 42 7 14 16 26 48 38 17 45 12 20 35 28
743 504 2 31 3 22 21 49 12 13 15 8 2 10 48 26 47 30 28 6 33 39 7 20 38 19 31 41 50 16 46 34 1 35 45
744 232 14 42 10 1 7 49 2 45 19 15 38 14 3 22 16 25 35 47 8 13 17 6 24 18 32 33 28 23 26 34 50 9 27 11 12 29 46 41 42 40 5 21 39 48
745 314 13 23 40 12 28 23 20 1 45 24 27 19 4 11 3 10 49 36 34 2 42 32 13 30 21
746 495 7 38 24 20 43 40 50 21 10 28 42 7 49 15 48 25 26 36 14 47 45 16 37 41 29 4 22 2 34 33 35 6 19 18 31 11 13 5 3 8
747 516 19 36 5 19 35 34 49 26 2 15 43 13 16 1 31 7 29 4 18 33 47 38 50 23 11 39 17 46 36 21 24 45 41 10 3 6 20 8
748 546 6 48 3 34 45 22 43 38 40 30 36 4 44 14 32 12 7 28 8 29 35 39 13 50 16 24 26 18 10 37 46 6 20 48 11 23 27 25 19 17 15 21 33 2 41 9 49 47 1 42
749 216 6 42 26 47 10 38 17 31 25 1 39 3 15 13 43 19 7 20 48 11 8 24 9 21 28 4 34 6 40 46 14 5 16 32 18 33 44 12 41 36 29 45 22 35
750 434 0 48 17 9 40 24 11 20 30 13 7 28 18 48 2 42 25 4 32 27 50 6 29 49 41 34 45 36 46 23 21 44 16 10 38 5 14 22 47 12 39 43 26 15 3 31 37 8 33 1
751 45 20 9 40 22 32 15 25 39 36 2 26
752 394 7 49 28 8 23 45 50 29 20 39 18 25 5 43 2 46 44 6 9 13 15 24 4 48 27 35 21 40 12 30 22 16 3 37 32 1 33 7 26 17 41 36 11 19 38 31 42 10 14 49 47
753 292 6 19 19 46 33 22 44 15 11 37 42 45 16 20 48 5 17 28 34 13 41
754 17 8 4 4 33 32 16
755 177 10 26 49 5 50 35 28 43 40 31 7 4 10 12 11 44 15 41 32 23 46 37 27 1 13 22 16 21
756 299 10 41 46 44 35 18 24 19 33 37 43 22 28 49 3 25 39 34 30 2 13 50 41 14 4 42 7 29 6 26 8 9 23 16 20 31 38 5 12 36 15 17 47
757 73 12 21 48 1 10 36 12 30 45 14 47 3 17 49 20 13 40 27 42 24 39 28 44
758 243 19 11 9 31 16 15 14 24 35 50 26 36 18
759 207 16 49 47 39 50 43 45 17 35 36 33 41 40 29 37 21 30 3 25 20 8 5 38 10 22 7 12 23 32 6 11 42 31 9 15 44 1 18 28 26 13 48 46 27 4 16 49 14 19 34 24
760 236 6 23 42 32 35 46 9 6 8 24 26 40 28 31 7 15 18 48 10 50 25 14 23 47 19
761 99 12 2 34 5
762 338 3 34 23 25 28 46 15 16 36 32 49 27 34 26 1 30 24 8 19 45 4 29 43 50 22 18 35 37 3 47 13 38 41 10 20 9
763 157 20 9 44 22 9 14 12 39 6 26 31
764 150 16 23 6 15 40 28 2 11 4 48 13 12 14 32 37 17 22 29 19 30 49 34 16 43 26
765 44 4 5 38 41 1 4 23
766 168 0 49 22 35 40 49 25 34 21 42 39 36 12 6 41 38 5 28 33 16 26 9 10 2 37 11 17 30 8 50 7 31 19 47 32 27 23 1 18 29 4 20 45 43 14 15 24 3 44 48 13
767 358 6 42 38 22 28 45 12 23 46 25 42 43 33 40 20 41 3 30 5 4 21 37 31 26 10 13 24 39 49 7 29 9 8 19 1 35 16 48 32 36 18 17 2 14
768 246 0 13 49 40 46 14 21 22 2 44 3 43 37 31 15
769 552 15 39 50 43 15 18 30 1 12 21 35 26 5 33 11 10 24 23 28 19 14 42 27 48 38 49 36 2 34 40 37 3 32 4 22 6 13 44 20 8 17
770 197 20 41 42 21 31 5 48 41 8 3 30 43 24 50 28 17 16 11 1 14 45 36 35 47 13 49 20 37 26 22 32 27 38 15 23 39 34 25 9 44 40 10 2
771 86 6 15 2 13 17 30 27 36 9 47 50 20 49 8 19 29 42
772 397 14 23 32 4 23 24 33 42 40 16 30 34 43 45 13 21 19 35 25 29 44 41 50 49 27
773 400 3 10 16 34 25 27 4 22 47 35 46 43
774 273 9 1 11
775 382 13 8 12 46 29 7 23 40 4 45
776 202 5 1 38
777 340 17 35 40 50 48 34 36 4 24 11 2 37 43 38 35 17 19 25 49 3 41 39 26 7 31 46 9 10 22 20 32 45 44 28 8 42 18
778 445 1 11 4 20 22 12 30 9 31 21 29 25 44
779 486 11 26 14 21 47 32 28 18 35 5 9 19 30 31 29 13 39 25 17 49 41 36 20 4 33 46 16 34
780 398 11 8 44 11 4 40 14 17 32 6
781 378 18 45 50 41 33 7 31 10 14 42 15 37 35 2 1 25 34 17 28 23 26 9 6 43 18 4 36 3 12 20 38 11 27 44 30 16 45 22 48 24 39 19 49 32 5 47 40
782 577 9 21 43 29 8 11 6 38 26 21 36 2 24 39 44 28 42 40 30 1 17 5 12
783 27 4 36 38 40 24 28 23 26 34 31 41 27 30 11 47 37 32 5 39 44 15 50 6 45 42 4 36 9 29 7 13 43 1 18 3 33 20 14
784 157 5 46 31 41 16 46 9 37 4 40 7 38 25 20 35 45 28 32 21 50 8 19 36 44 27 17 14 23 3 12 6 42 48 26 5 24 22 47 34 43 2 49 15 1 29 30 11 13
785 238 1 7 10 3 42 23 44 11 17
786 408 17 27 45 19 21 25 50 24 6 30 3 41 16 4 22 42 11 31 44 9 2 32 17 5 1 13 28 43 40
787 396 7 36 23 49 22 1 25 48 8 34 28 13 44 15 31 14 19 4 11 20 47 43 3 16 10 39 41 12 37 30 46 29 6 9 35 17 33 45
788 201 2 38 19 28 46 15 35 3 6 38 22 24 17 40 26 50 12 21 48 31 33 7 41 11 8 43 47 32 9 23 2 1 42 44 27 45 36 30 18 20
789 403 1 4 4 40 2 14
790 264 6 44 11 44 4 47 37 9 31 46 30 22 42 18 10 20 27 49 17 36 26 7 41 40 32 1 14 25 34 43 45 23 16 2 24 39 38 3 13 19 35 29 5 6 15 21
791 353 4 17 9 20 7 33 35 10 38 32 27 34 16 31 28 50 26 12 5
792 200 10 21 11 35 22 46 34 27 41 37 21 36 18 13 23 1 30 24 31 38 44 12 16
793 95 9 22 17 21 24 46 30 38 20 1 4 32 25 50 11 3 18 37 28 44 27 34 42 19
794 534 20 50 18 1 9 6 49 34 4 22 5 48 21 3 14 28 13 43 7 44 8 26 2 24 46 30 35 45 47 25 38 10 19 23 40 29 31 37 17 36 33 16 20 41 32 39 15 42 12 27 50 11
795 549 18 21 19 7 39 37 41 12 1 8 38 24 21 9 5 3 40 14 45 23 4 43 29
796 597 4 39 36 11 48 18 29 17 32 28 13 12 47 35 22 4 21 25 1 15 10 46 23 19 20 27 31 34 33 45 3 37 39 38 49 7 2 14 41 9 26
797 189 8 28 21 27 48 23 33 46 49 44 36 40 24 11 18 20 38 10 15 22 26 47 7 5 29 19 16 32 41 31
798 29 12 20 36 8 30 3 5 48 26 1 23 25 20 13 32 46 40 45 31 44 49 41
799 422 19 6 35 27 36 19 33 14
800 183 3 10 22 7 2 27 1 43 44 3 36 29
801 316 17 13 40 6 49 34 10 8 18 25 46 45 21 26 42
802 274 6 9 6 3 50 26 39 13 36 24 41
803 376 10 43 5 10 40 35 25 26 44 15 16 36 18 22 14 27 1 46 49 2 24 48 42 47 3 33 9 19 7 39 6 23 8 45 43 28 20 13 34 4 11 21 30 31 12
804 66 12 44 41 46 27 25 20 8 4 22 11 13 16 44 45 39 26 21 42 24 40 50 28 19 36 2 14 15 37 32 18 48 38 10 33 34 43 31 35 6 12 1 30 7 47 3
805 96 20 18 13 39 43 2 45 20 27 7 29 24 46 37 3 4 8 19 49 40
806 278 7 16 24 40 22 39 37 34 1 43 30 26 28 31 47 25 5 23
807 114 19 10 15 9 16 36 22 2 34 41 21 46
808 415 9 25 8 43 39 19 23 13 30 44 33 12 6 17 38 20 5 40 46 29 14 16 27 10 2 36 41
809 82 6 45 4 25 49 43 35 38 50 1 27 8 30 47 16 18 44 40 23 46 6 39 19 15 45 31 42 5 37 22 3 21 33 29 24 13 32 2 48 10 34 17 7 12 28 41 14
810 138 5 46 47 30 37 24 41 9 22 14 31 33 50 48 1 18 25 4 39 44 10 23 17 32 28 15 27 2 35 43 19 11 38 34 12 21 6 36 16 40 13 26 45 20 29 49 7 8
811 208 13 1 17
812 25 5 36 25 10 11 49 30 39 36 40 16 43 3 1 12 26 22 15 31 6 47 17 34 27 4 24 38 7 9 35 8 33 48 45 18 23 41 2
813 216 2 19 15 26 31 34 11 14 18 41 2 8 7 9 19 37 17 50 22 12 43
814 78 13 33 8 3 22 2 38 34 40 11 32 33 4 12 27 16 7 23 24 30 47 6 20 9 1 21 49 39 46 42 19 45 25 31 41
815 74 3 30 37 47 40 48 1 25 23 16 5 26 20 10 19 18 45 50 3 46 14 39 28 22 4 7 15 36 6 12 49 33
816 502 16 29 17 19 43 22 30 2 35 13 33 12 28 11 41 23 42 48 1 5 31 32 18 20 10 47 25 40 38 29 4
817 513 11 31 50 43 29 10 41 35 34 12 32 3 27 36 19 1 5 16 46 18 25 39 31 4 17 38 30 37 33 22 49 28 24
818 270 19 28 36 21 10 17 37 40 38 13 27 33 29 5 39 49 44 41 25 22 24 26 11 8 20 28 3 42 35 43
819 600 1 2 30 28
820 203 20 18 21 13 23 2 18 28 12 46 44 33 37 17 9 31 29 47 4 39
821 444 16 30 19 24 2 18 34 16 10 26 21 39 12 32 4 48 38 15 6 14 49 11 7 46 25 50 23 17 31 5 36 41
822 517 1 11 42 4 27 7 8 12 36 16 46 23 47
823 554 18 44 44 23 50 32 21 45 41 3 17 37 26 11 16 8 49 7 31 40 14 1 9 39 20 25 35 4 2 42 34 5 27 33 30 43 22 28 24 18 6 36 47 19 10 38
824 383 11 23 7 49 10 18 9 11 16 30 28 46 5 41 42 2 21 15 39 17 1 22 23 32 43
825 520 4 25 6 46 36 22 5 21 3 20 11 14 30 29 7 49 18 24 23 42 44 16 27 35 48 43 33
826 543 17 34 31 37 13 29 34 14 40 3 27 43 28 19 25 24 30 8 20 48 5 50 46 49 1 16 33 41 26 21 22 32 15 35 44 47
827 37 15 45 30 44 32 21 19 45 43 22 24 41 2 16 23 25 27 49 37 10 8 28 50 35 31 40 47 11 5 7 4 38 9 14 26 12 29 46 17 42 33 39 13 36 48 20 3
828 326 5 11 34 27 13 15 3 23 19 28 42 32 7
829 415 8 44 19 46 18 17 20 44 42 16 27 47 2 30 50 23 13 22 15 48 7 34 45 31 39 25 8 36 4 26 35 10 24 38 12 33 41 3 43 11 37 28 21 14 5 1
830 138 10 16 46 6 34 13 28 1 15 26 25 32 16 3 38 21 30 29
831 288 7 25 35 32 21 18 26 4 12 45 25 22 27 23 34 37 6 39 50 30 11 24 29 2 16 41 33
832 77 3 35 31 1 30 48 47 4 28 29 2 37 5 33 23 41 21 6 11 42 39 10 27 38 24 14 9 46 12 44 15 20 35 49 17 16 43
833 108 10 49 15 33 37 34 49 36 24 40 38 42 14 2 10 30 32 17 48 46 7 39 4 5 47 21 50 44 1 23 25 9 6 3 20 16 29 35 31 41 43 19 18 45 27 11 12 28 8 13 22
834 332 15 2 25 7
835 122 5 43 40 14 2 22 17 37 5 7 35 36 6 48 26 46 3 11 4 12 24 44 47 1 42 28 16 21 18 27 13 31 23 49 34 32 19 30 9 50 39 25 43 10 45
836 361 11 36 11 38 23 42 31 33 9 27 40 41 47 36 19 34 43 6 16 18 21 46 4 50 26 14 39 3 49 13 44 32 8 25 24 17 48 37
837 457 7 29 38 27 8 15 26 39 25 29 46 32 1 48 12 7 43 35 42 28 2 34 45 4 11 5 9 40 44 47 20
838 509 14 35 4 15 49 18 41 9 12 39 23 30 16 37 14 19 13 3 43 45 26 44 38 42 20 25 46 7 17 31 6 29 8 22 5 21 35
839 234 8 46 20 4 38 32 22 12 8 19 1 27 5 6 30 17 40 47 26 35 41 23 37 24 46 16 29 28 43 34 48 11 33 10 44 42 49 3 9 13 15 7 21 25 31 18 50 36
840 246 18 43 4 24 50 43 45 19 36 2 14 27 32 46 40 30 39 23 34 35 48 49 12 20 17 3 21 15 8 9 41 47 33 31 5 10 37 1 42 26 22 6 38 25 7
841 136 5 25 16 46 38 6 35 7 30 44 21 18 49 4 23 37 50 10 8 24 11 17 32 14 27 26 19
842 94 0 29 4 20 29 5 47 6 25 23 32 21 15 39 7 36 48 14 12 38 30 45 17 13 42 10 31 37 35 33 26
843 84 8 32 19 44 1 40 49 35 48 12 15 38 27 9 39 28 22 2 4 41 31 8 25 37 26 10 3 46 34 36 33 20 47 6
844 402 12 1 24
845 296 19 38 28 11 34 46 15 7 49 41 35 5 24 17 23 27 19 2 40 45 4 36 47 37 50 16 26 1 32 14 25 43 31 42 13 29 20 21 44 6
846 555 11 6 17 27 26 46 5 6
847 574 18 10 16 25 10 43 14 24 21 39 17 20
848 563 6 22 36 20 2 31 14 32 40 25 19 45 35 16 4 10 29 49 46 8 38 13 30 48
849 287 3 26 46 49 24 13 11 5 27 42 12 43 34 22 7 39 26 48 45 33 8 44 1 21 20 23 50 17
850 496 7 28 11 14 42 28 30 13 36 16 18 29 38 9 6 43 35 26 8 37 4 39 32 45 33 17 34 49 7 5
851 144 3 36 23 48 2 34 7 19 30 11 40 37 21 39 35 15 45 29 4 1 14 12 38 27 16 49 44 41 47 3 42 24 26 28 10 43 6 9
852 169 19 19 43 9 24 14 29 20 21 33 13 17 34 12 28 41 23 40 45 27 25
853 53 13 49 11 30 31 42 27 5 43 7 48 44 19 18 45 4 34 50 38 23 22 29 37 41 3 8 17 32 25 16 26 2 12 10 40 46 33 28 36 9 13 39 14 35 21 47 24 1 49 6 15
854 175 15 16 39 48 19 12 14 24 22 30 35 9 33 26 27 38 41 42
855 39 1 16 4 28 27 8 43 15 40 50 12 13 36 14 7 39 11 9
856 224 12 46 31 45 6 4 3 10 16 26 32 48 40 18 19 43 7 12 2 21 41 34 23 33 5 28 8 44 30 25 35 29 13 14 17 36 11 27 22 39 20 9 50 37 46 24 1 49
857 270 19 11 40 13 49 50 25 7 21 8 22 23 24
858 594 16 29 25 44 35 48 16 37 30 39 10 17 28 26 45 19 38 29 23 20 2 8 32 41 34 5 49 43 6 3 40
859 440 2 16 22 33 23 16 5 50 34 21 11 37 32 2 44 36 35 1
860 101 9 36 12 1 36 30 25 6 34 43 27 19 24 31 45 18 17 3 49 44 39 20 28 4 21 8 9 15 16 5 41 11 29 37 38 14 2 22
861 330 1 8 49 20 43 12 35 19 27 30
862 182 5 9 28 33 32 2 11 47 41 37 17
863 149 15 49 48 46 27 9 38 37 25 29 39 11 31 28 4 7 13 45 36 17 26 20 44 35 22 8 19 6 16 10 24 47 18 49 23 43 1 30 40 50 21 2 14 42 5 32 41 34 15 12 33
864 70 13 36 38 48 13 16 28 24 8 1 31 4 19 14 43 17 26 6 33 27 47 41 36 2 29 45 22 3 50 35 7 23 46 44 12 15 37 10
865 126 17 43 10 40 44 16 14 8 25 7 45 47 20 1 4 33 49 37 23 36 29 39 19 17 21 38 12 26 24 11 32 41 13 27 43 31 28 9 50 3 15 5 2 34 46
866 107 20 16 38 14 20 27 7 49 19 37 18 26 44 28 23 40 36 41
867 391 16 10 16 42 46 38 9 14 4 34 47 37
868 32 3 35 45 34 25 3 46 11 23 22 30 35 42 17 6 21 2 36 5 19 10 39 14 33 31 38 16 26 48 37 41 18 8 28 43 40 32
869 566 3 24 8 42 11 46 16 29 37 47 38 4 44 35 40 2 24 39 32 9 27 23 30 22 48 19
870 224 1 49 50 10 37 38 31 46 33 18 13 44 19 41 9 5 27 7 14 4 21 39 32 28 15 25 3 20 47 11 2 42 8 23 17 16 22 35 36 24 30 26 40 45 34 49 48 1 12 6 43
871 565 13 42 38 29 35 20 4 49 2 17 8 11 6 25 3 21 28 22 23 12 31 40 33 41 45 32 16 39 43 10 42 18 36 48 34 15 1 26 37 9 47 44 19 13
872 332 12 33 26 21 24 40 41 4 10 23 33 12 16 14 34 32 37 46 36 50 13 7 1 35 18 42 39 5 25 8 3 49 38 19 17
873 406 2 13 50 11 32 16 19 21 40 39 5 23 22 25 7
874 115 12 35 32 21 7 1 5 41 20 50 40 35 49 48 10 29 15 6 16 31 28 39 11 17 3 47 19 8 2 18 37 14 46 45 22 27 23
875 169 8 2 24 28
876 135 7 13 43 14 31 45 15 36 16 47 11 29 18 28 33
877 12 16 24 26 40 49 29 13 47 46 42 1 10 7 30 36 23 32 14 27 3 33 35 12 11 17 24
878 63 0 42 11 15 33 36 12 34 35 49 9 30 31 43 39 24 3 13 28 37 29 5 45 22 16 21 26 41 4 42 1 40 23 38 14 2 50 19 10 32 7 20 44 8
879 43 6 21 43 44 36 46 24 1 9 49 27 38 40 12 29 23 7 48 8 10 32 3 35
880 124 13 28 37 7 36 25 21 11 19 43 20 23 35 41 49 42 45 34 24 14 9 48 46 47 17 15 38 12 32 2
881 325 6 48 43 23 49 5 3 33 7 48 40 45 14 39 17 44 36 25 11 13 37 50 18 8 16 1 4 26 31 12 10 29 19 22 9 42 27 15 32 6 46 28 21 34 24 41 35 30 38 47
882 446 15 26 18 12 47 4 41 19 32 38 34 25 26 3 29 15 45 30 6 37 13 28 42 48 39 49 20 5
883 158 13 16 31 20 48 21 4 28 32 43 38 39 37 25 13 46 15 49
884 168 18 25 49 38 23 2 32 8 9 47 6 27 25 18 35 45 5 26 11 39 21 30 14 36 31 7 40
885 217 6 24 36 6 44 5 24 4 49 23 2 46 34 1 43 16 11 25 48 31 32 45 18 39 29 38
886 200 17 2 33 4
887 80 17 47 23 29 41 21 7 34 39 36 38 4 44 33 5 8 22 30 13 12 19 15 14 20 49 18 27 43 25 1 42 47 24 17 31 11 2 45 9 40 37 28 26 32 48 6 3 35 46
888 423 9 30 31 28 23 20 4 45 8 1 21 32 42 27 24 30 9 38 22 37 44 33 2 40 46 25 35 6 29 43 48 13
889 590 14 17 16 12 29 18 44 37 38 6 13 5 15 4 8 21 20 49 28
890 139 1 34 4 34 47 1 24 43 11 40 26 3 17 30 41 14 46 22 42 5 20 27 7 37 6 39 28 19 50 25 9 13 15 21 32 29
891 356 5 49 10 41 44 43 5 17 36 37 45 38 49 50 11 29 7 48 27 20 22 18 16 13 24 42 12 14 35 25 2 8 30 23 21 34 31 1 6 19 9 33 40 3 47 32 39 26 15 46 28
892 555 6 31 38 33 35 5 15 17 11 1 48 44 31 49 42 10 9 37 36 34 46 12 43 30 45 23 41 32 21 4 39 29 18
893 473 13 32 41 2 21 4 32 28 48 17 37 42 49 40 50 26 47 6 10 38 36 20 43 19 14 1 25 30 33 29 12 3 8 5
894 396 16 27 13 37 10 31 14 49 41 35 12 11 8 20 26 4 2 48 30 3 1 47 25 44 50 28 15 24 17
895 139 3 32 12 6 3 24 18 8 22 47 17 5 32 40 2 1 49 50 38 21 36 9 23 35 34 25 7 16 31 10 37 14 20 39
896 459 12 18 47 20 30 23 25 4 44 46 7 6 33 27 10 15 32 31 34 13
897 221 2 50 6 38 31 41 49 35 44 4 32 27 18 42 19 46 3 33 11 45 40 12 50 30 28 20 17 8 47 36 14 21 37 5 13 16 7 9 25 2 43 10 1 26 15 34 48 29 23 39 24 22
898 278 19 21 47 36 43 28 35 20 44 42 32 24 21 48 23 45 46 2 34 37 40 22 49
899 466 7 40 21 35 42 10 30 46 48 41 9 38 1 17 8 44 39 15 28 27 23 14 26 32 11 16 45 43 13 33 4 25 2 40 49 31 12 24 50 19 36 3
900 20 20 37 19 33 36 26 23 40 25 4 24 18 10 45 38 35 15 31 37 13 50 11 5 17 44 14 7 29 16 22 9 8 34 49 12 46 47 20 39
901 239 4 33 28 22 24 26 38 39 2 12 16 8 49 42 19 45 50 30 29 21 9 34 36 35 4 11 3 31 48 13 27 1 5 6 41
902 186 17 25 6 20 34 14 9 33 18 5 48 44 8 7 36 17 1 37 16 27 26 45 13 31 35 10 2
903 44 5 42 43 20 30 46 25 6 50 24 37 35 9 1 32 10 23 48 12 45 18 8 21 5 22 17 36 40 29 33 49 2 27 47 13 44 7 3 26 31 14 41 28 4
904 162 17 35 47 35 44 46 40 22 19 28 29 3 2 14 32 24 36 45 48 12 13 8 16 11 27 7 38 10 5 9 49 34 18 43 21 41 31
905 204 16 27 20 27 34 40 50 10 35 48 9 1 29 4 41 12 38 15 39 32 14 11 18 43 49 26 45 17 46
906 316 1 40 44 16 47 6 23 15 20 29 9 36 5 35 17 30 43 19 2 25 12 38 21 39 33 4 1 40 50 42 11 32 41 37 45 22 10 14 24 26 48 46
907 179 2 2 11 9
908 550 7 39 37 28 20 38 1 23 48 50 49 27 39 43 16 44 42 19 47 45 29 31 9 36 34 33 41 12 15 21 6 13 22 35 26 11 46 18 10 17 5
909 301 12 50 41 11 14 22 47 6 43 7 29 45 17 33 38 39 24 25 16 27 13 10 37 35 44 4 40 36 50 49 1 5 31 26 8 3 23 32 30 48 34 21 12 20 42 2 18 15 46 28 19 9
910 158 15 39 46 34 35 7 39 33 27 5 38 48 36 23 20 25 9 21 11 50 24 10 8 42 2 43 18 47 14 6 19 17 31 26 29 45 49 12 28 15 13
911 420 6 38 46 16 12 9 26 40 48 43 39 27 38 31 37 17 3 42 15 24 4 44 18 28 19 14 21 25 34 47 22 41 23 5 7 13 45 10 35 20
912 415 2 39 42 17 16 39 21 46 47 37 32 15 6 31 12 35 10 41 34 44 30 26 40 49 1 28 13 2 20 27 43 22 14 23 29 9 11 38 25 45 5
913 308 19 10 30 44 1 10 8 45 48 36 17 31
914 588 10 42 33 48 18 46 24 9 26 43 28 29 4 3 34 50 40 23 42 25 44 31 22 8 21 37 10 5 27 17 47 7 35 15 1 32 11 41 2 6 30 39 20 19
915 590 13 10 44 50 24 19 11 38 20 27 32 7
916 21 15 14 14 40 18 38 45 42 35 21 10 15 22 3 27 24
917 478 0 1 7
918 412 10 39 38 6 19 33 27 41 36 45 47 15 26 4 12 2 40 39 23 29 5 3 30 7 14 17 21 46 48 49 43 42 10 1 34 16 28 31 35 44 18
919 359 16 32 31 33 18 25 35 38 42 6 29 8 32 13 27 22 34 28 37 36 23 1 43 17 12 47 41 19 3 50 14 49 30 39
920 230 4 26 14 2 27 18 8 22 43 17 25 35 1 4 29 50 26 10 40 28 5 24 33 6 47 9 16 15
921 563 12 18 27 39 4 50 26 21 10 46 18 16 31 41 5 2 36 13 45 24
922 292 6 19 40 22 47 1 29 44 10 5 27 23 31 3 28 35 18 20 38 33 43
923 210 6 25 37 12 33 43 21 1 16 17 46 18 44 22 2 41 29 36 14 40 27 3 39 49 34 28 20
924 484 17 19 14 16 31 19 25 46 49 42 21 44 8 26 11 36 37 15 28 10 20
925 508 5 40 17 4 27 21 5 32 34 7 30 43 45 42 37 19 26 24 16 35 3 39 48 22 40 11 44 8 6 28 9 33 47 2 1 49 38 13 15 46 12 31
926 41 14 9 22 19 46 45 8 20 14 31 23
927 18 12 28 20 48 13 31 19 1 37 15 10 2 34 32 33 26 38 41 43 7 45 36 17 35 6 25 44 16 42 12
928 588 10 25 13 26 32 11 27 50 40 41 44 24 30 45 47 39 1 23 6 7 8 3 37 17 16 12 15
929 354 10 12 2 3 38 12 25 31 45 7 44 33 19 50
930 597 19 32 35 32 17 43 11 4 42 16 46 25 45 40 23 21 36 31 2 28 33 34 1 24 47 49 30 12 39 8 15 41 18 48
931 486 6 12 20 45 49 27 32 35 3 17 11 29 8 1
932 161 7 16 50 2 47 14 42 46 5 43 44 45 9 41 11 3 48 19
933 585 20 10 45 48 11 4 36 43 38 28 14 5
934 312 13 18 21 32 23 7 48 11 44 35 25 29 6 27 17 24 31 8 20 5
935 85 1 50 10 23 34 1 44 26 40 46 49 25 7 45 5 36 12 17 28 29 9 13 15 3 21 50 32 38 48 11 35 42 22 4 19 31 47 8 43 39 33 18 2 41 24 37 16 27 14 20 6 30
936 300 2 40 28 47 9 27 7 15 41 6 34 4 18 14 21 10 38 25 49 33 24 1 30 8 43 42 26 16 11 31 36 45 46 12 40 50 23 20 19 32 5 2
937 430 20 33 7 11 46 26 34 27 36 4 29 6 40 10 21 18 45 38 47 23 32 22 37 39 5 42 44 30 16 25 48 13 49 41 24
938 586 15 13 39 35 43 12 30 20 29 6 38 11 18 44 2
939 413 3 50 28 25 12 6 2 36 7 44 34 9 45 37 19 41 47 18 13 39 23 48 29 4 35 11 8 3 16 42 32 5 31 46 33 38 49 14 22 24 40 10 26 20 30 50 21 43 15 17 1 27
940 446 0 48 43 30 1 22 28 48 34 9 24 31 35 7 39 47 44 36 38 12 13 6 46 14 23 2 50 41 16 37 11 32 29 18 10 26 45 4 25 19 40 42 33 15 17 20 49 8 5 3
941 306 3 12 26 24 43 22 37 8 12 35 1 42 15 38
942 303 10 19 12 17 1 36 18 11 42 35 47 38 8 21 50 32 20 26 15 33 7
943 505 6 1 46
944 273 2 5 11 3 17 4 33
945 500 7 43 43 17 16 39 40 28 26 41 10 8 33 46 14 31 15 48 7 3 5 30 1 32 13 42 22 4 24 27 50 45 35 36 12 2 49 44 18 34 47 9 11 20 23
946 61 5 22 3 13 24 26 28 43 33 18 17 37 36 39 1 44 8 47 12 49 15 46 40 21
947 510 10 2 41 42
948 511 11 46 16 2 45 1 38 39 20 27 26 24 21 31 7 47 6 17 8 23 46 43 50 33 18 34 9 30 40 14 5 22 36 32 11 25 49 35 41 12 3 48 13 15 28 19 44 37
949 383 9 12 19 34 24 50 13 7 26 25 45 37 1 9
950 424 8 33 45 9 21 11 12 28 50 18 20 37 38 47 5 33 49 32 29 19 27 39 43 3 30 35 14 17 15 13 42 24 26 41 36
951 195 2 50 27 21 29 17 39 23 3 13 33 35 37 42 12 18 2 24 36 15 8 25 45 40 20 48 10 5 49 11 26 31 1 41 44 22 19 43 6 16 4 14 47 7 28 9 38 32 30 34 46 50
952 145 1 24 30 47 15 13 35 3 28 2 8 25 11 31 39 44 24 1 10 42 29 40 6 18 7 41
953 34 8 43 9 40 28 18 16 26 3 6 5 15 13 48 46 47 4 25 14 21 20 42 22 11 33 24 39 36 30 38 35 7 43 12 17 50 49 8 27 41 37 2 19 23 45
954 529 0 18 4 11 26 36 23 24 27 3 41 31 50 32 28 22 8 30 19 45
955 128 15 40 42 41 40 10 32 49 44 25 18 30 17 31 28 6 11 38 29 2 33 3 46 15 20 47 1 5 4 13 19 27 36 8 21 23 34 24 16 43 9 50
956 453 4 41 37 45 13 39 5 34 48 4 29 21 41 43 26 14 6 32 44 24 27 28 49 35 46 15 16 9 42 31 12 18 23 8 17 30 20 3 25 2 40 36 47
957 506 3 42 31 14 44 50 29 11 39 15 27 47 9 38 36 40 16 48 5 2 46 22 28 23 49 6 18 13 42 26 20 7 30 21 34 33 24 8 17 45 12 4 32 43
958 300 16 50 31 9 20 36 47 46 4 11 19 28 18 29 21 13 35 25 8 33 34 10 48 16 32 41 43 1 24 2 23 14 42 12 6 50 45 3 49 27 15 17 26 40 38 5 22 37 30 7 44 39
959 440 20 25 21 6 11 42 45 9 34 7 30 35 3 4 29 24 31 22 2 18 50 47 41 23 5 14 13
960 565 3 49 21 29 11 30 18 6 24 7 35 49 40 39 2 38 44 33 1 19 32 22 34 27 36 37 9 14 13 16 3 4 17 47 5 10 23 8 26 25 20 48 15 41 42 46 31 43 50 12 45
961 549 16 44 11 24 9 38 2 12 44 42 22 7 40 32 25 19 36 45 34 47 29 48 4 28 21 39 23 26 27 8 5 6 15 10 20 3 13 41 17 46 37 49 18 30 16 33
962 361 13 40 9 30 49 43 41 25 32 27 34 5 47 15 29 14 16 31 21 19 42 7 17 28 45 4 36 22 37 2 10 33 35 48 18 1 26 13 40 24 38 3
963 127 15 22 15 41 29 16 27 6 7 40 4 35 17 45 3 9 44 23 43 26 36 37 47 28
964 432 20 7 32 1 12 18 16 34 50
965 195 15 13 25 2 31 50 32 35 36 28 49 47 16 4 37
966 174 7 3 8 21 30
967 167 9 19 46 16 36 50 8 26 25 11 40 42 31 10 7 1 29 33 2 22 15
968 438 19 15 38 25 44 15 20 4 34 8 5 3 12 39 37 46 27
50
1 19
2 19
3 3
4 4
5 6
6 16
7 3
8 5
9 9
10 4
11 18
12 3
13 14
14 4
15 10
16 12
17 14
18 19
19 10
20 9
21 19
22 14
23 14
24 19
25 3
26 10
27 9
28 20
29 16
30 11
31 20
32 14
33 20
34 19
35 18
36 7
37 19
38 9
39 10
40 13
41 7
42 9
43 12
44 17
45 7
46 17
47 4
48 19
49 11
50 19
30
1 1 9615
2 2 817
3 14 737
4 7 777
5 5 861
6 6 846
7 19 410
8 3 472
9 17 888
10 7 633
11 17 633
12 13 944
13 11 653
14 11 394
15 16 359
16 9 330
17 6 341
18 12 672
19 2 462
20 1 818
21 10 648
22 7 406
23 19 655
24 16 568
25 11 439
26 17 470
27 2 693
28 6 406
29 15 506
30 20 690
87
20 23
23 24
50 52
51 52
55 58
84 89
88 90
115 117
142 146
143 146
175 178
176 179
175 181
177 181
180 181
200 203
201 203
237 240
238 241
237 243
262 264
264 267
264 269
293 296
295 296
296 298
325 329
327 331
356 359
383 387
387 389
387 392
363 393
415 417
448 449
477 482
455 483
509 513
484 515
512 515
538 543
516 544
563 566
566 569
567 570
566 571
570 572
595 598
598 603
600 604
601 604
630 631
630 633
630 634
657 661
637 663
660 663
687 689
689 693
689 694
664 695
691 695
721 723
721 727
724 727
725 727
728 757
751 757
753 757
780 781
781 782
783 787
784 787
786 787
805 809
806 809
808 809
845 847
901 904
901 906
876 907
930 931
908 937
934 937
962 964
962 965
962 967
425
19 23
21 23
22 23
23 25
23 26
23 27
24 27
23 28
1 29
23 29
25 29
26 29
27 29
28 29
48 52
49 52
52 53
52 54
52 55
52 56
53 56
52 57
30 58
52 58
54 58
56 58
57 58
80 84
81 84
82 84
83 84
84 85
84 86
84 87
84 88
85 88
59 90
84 90
86 90
87 90
89 90
111 115
112 115
113 115
114 115
115 116
115 118
115 119
116 119
115 120
91 121
115 121
117 121
118 121
119 121
120 121
144 146
145 146
146 147
146 148
146 149
146 150
147 150
146 151
122 152
146 152
148 152
149 152
150 152
151 152
171 175
172 175
173 175
174 175
175 176
175 177
175 179
175 180
153 181
178 181
179 181
199 203
202 203
203 204
203 205
203 206
203 207
204 207
203 208
182 209
203 209
205 209
206 209
207 209
208 209
233 237
234 237
235 237
236 237
237 238
237 239
237 241
237 242
210 243
239 243
240 243
241 243
242 243
260 264
261 264
263 264
264 265
264 266
264 268
265 268
244 270
264 270
266 270
267 270
268 270
269 270
292 296
294 296
296 297
296 299
296 300
297 300
296 301
271 302
296 302
298 302
299 302
300 302
301 302
321 325
322 325
323 325
324 325
325 326
325 327
325 328
326 329
325 330
303 331
325 331
328 331
329 331
330 331
352 356
353 356
354 356
355 356
356 357
356 358
356 360
357 360
356 361
332 362
356 362
358 362
359 362
360 362
361 362
384 387
385 387
386 387
387 388
387 390
387 391
388 391
387 393
389 393
390 393
391 393
392 393
413 417
414 417
416 417
417 418
417 419
417 420
417 421
418 421
417 422
394 423
417 423
419 423
420 423
421 423
422 423
444 448
445 448
446 448
447 448
448 450
448 451
448 452
449 452
448 453
424 454
448 454
450 454
451 454
452 454
453 454
473 477
474 477
475 477
476 477
477 478
477 479
477 480
477 481
478 481
477 483
479 483
480 483
481 483
482 483
505 509
506 509
507 509
508 509
509 510
509 511
509 512
510 513
509 514
509 515
511 515
513 515
514 515
534 538
535 538
536 538
537 538
538 539
538 540
538 541
538 542
539 542
538 544
540 544
541 544
542 544
543 544
562 566
564 566
565 566
566 567
566 568
566 570
545 572
566 572
568 572
569 572
571 572
594 598
596 598
597 598
598 599
598 600
598 601
598 602
599 602
573 604
598 604
602 604
603 604
626 630
627 630
628 630
629 630
630 632
631 634
630 635
605 636
630 636
632 636
633 636
634 636
635 636
653 657
654 657
655 657
656 657
657 658
657 659
657 660
658 661
657 662
657 663
659 663
661 663
662 663
685 689
686 689
688 689
689 690
689 691
689 692
690 693
689 695
692 695
693 695
694 695
717 721
718 721
719 721
720 721
721 722
721 724
721 725
722 725
721 726
696 727
723 727
726 727
747 751
748 751
749 751
750 751
751 752
751 753
751 754
751 755
752 755
751 756
754 757
755 757
756 757
777 781
778 781
779 781
781 783
781 784
781 785
782 785
781 786
758 787
781 787
785 787
807 809
809 810
809 811
809 812
809 813
810 813
809 814
788 815
809 815
811 815
812 815
813 815
814 815
837 841
838 841
839 841
840 841
841 842
841 843
841 844
841 845
842 845
841 846
816 847
841 847
843 847
844 847
846 847
865 869
866 869
867 869
868 869
869 870
869 871
869 872
869 873
870 873
869 874
848 875
869 875
871 875
872 875
873 875
874 875
897 901
898 901
899 901
900 901
901 902
901 903
901 905
902 905
901 907
903 907
904 907
905 907
906 907
927 931
928 931
929 931
931 932
931 933
931 934
931 935
932 935
931 936
931 937
933 937
935 937
936 937
958 962
959 962
960 962
961 962
962 963
962 966
963 966
938 968
962 968
964 968
965 968
966 968
967 968
